 -0.00189839188328427  0.01010387992031484  0.02012494509761329  0.02999407139272316
  0.04004785240801109  0.05048497713620206  0.06097139063212891  0.07114722069713864
  0.08107715111077901  0.09186024574657412  0.10271969685569056  0.11396852449980667
  0.12499950785316824  0.13633407698369809  0.14746964046461866  0.15853042273198917
  0.16947821024139134  0.18026124259632870  0.19063922743891024  0.20071706020219746
  0.21069749367172433  0.22059868116239723  0.23022320252873482  0.23959483213538332
  0.24927805531392577  0.25952844319376495  0.27015356223638837  0.28090312836986225
  0.29142652857474316  0.30183572147790366  0.31204611279401689  0.32212821285092180
  0.33206199371320438  0.34183014146282098  0.35175519284658613  0.36188568094528595
  0.37216319804217424  0.38233455767381103  0.39225615451438822  0.40223240939672800
  0.41244301119180210  0.42309338749980085  0.43368737240652178  0.44428384693133649
  0.45485987364913694  0.46573432852243996  0.47713586002654157  0.48840414387819719
  0.49947229938829152  0.50991094712139529  0.52024843791690634  0.53034169210078386
  0.54004386203065369  0.54974891677132565  0.56017602047922421  0.57139848880631239
  0.58285657129657131  0.59414554197420277  0.60532429487312311  0.61637731128419082
  0.62707856636043624  0.63749066487316441  0.64767954509476366  0.65823395284921604
  0.66942781233137538  0.68038478055228768  0.69073859053531739  0.70075072816768169
  0.71078024854108590  0.72134343422380365  0.73265688774500826  0.74449832230856872
  0.75599625014453764  0.76679979306387358  0.77690444764721589  0.78672247991654076
  0.79669522901219414  0.80746080823435362  0.81892623790900709  0.83018736087552991
  0.84099293875486181  0.85138261038004048  0.86149750550731496  0.87153027770468416
  0.88169662170363339  0.89220589563401653  0.90310694114274814  0.91416253222785826
  0.92495876111940989  0.93524054667542333  0.94548990044009429  0.95596403687340981
  0.96631325541200674  0.97631523509280260  0.98737733446413678  1.00000000000000000
  0.00002751640890562  0.00002938213974384  0.00003512171249702  0.00004107098084238
  0.00004397593508842  0.00004611670648551  0.00004755642241970  0.00004901302644308
  0.00005073956613207  0.00005278407573331  0.00005534051963878  0.00005847397536443
  0.00006175550313035  0.00006499915473079  0.00006818563407546  0.00007121697104753
  0.00007408532950944  0.00007682546003895  0.00007952386236419  0.00008224154565339
  0.00008499641929596  0.00008783865911915  0.00009071230340413  0.00009352937427951
  0.00009629722797042  0.00009908650619379  0.00010187747409396  0.00010478579298848
  0.00010781137511173  0.00011096800101244  0.00011423442311867  0.00011754705401091
  0.00012095288596598  0.00012433385215919  0.00012782326091256  0.00013138126755803
  0.00013496459891850  0.00013856036030600  0.00014216153325404  0.00014572366807741
  0.00014947733598358  0.00015335861285806  0.00015753529102058  0.00016216604705749
  0.00016701154927302  0.00017193142721912  0.00017690131700691  0.00018190884874282
  0.00018718428902315  0.00019260968987159  0.00019835702281650  0.00020414753248370
  0.00021021862008789  0.00021661383632059  0.00022347394382285  0.00023095089425826
  0.00023903091303438  0.00024722410346416  0.00025582933134282  0.00026463535374850
  0.00027410512403056  0.00028426321196248  0.00029495571851347  0.00030603892611991
  0.00031745576072220  0.00032945156180759  0.00034249692144296  0.00035701663680458
  0.00037208481826734  0.00038732760567575  0.00040285642499842  0.00042021619226641
  0.00043913702877094  0.00045887160372568  0.00047779753605573  0.00050071593988920
  0.00052763446608059  0.00055686249122464  0.00058825270202106  0.00062319198152443
  0.00065880997504845  0.00069741293041991  0.00074158564447818  0.00080528832794636
  0.00087150067408767  0.00097004361088962  0.00108376506232235  0.00124473236570369
  0.00145567142578751  0.00169745106897571  0.00203025787949387  0.00257252754284336
  0.00342030146932156  0.00507849733298520  0.02778544070513867  1.00000000000000000
  0.00006251291620844  0.00007372996649121  0.00007576100441359  0.00007809870200366
  0.00008022566032560  0.00008292778953572  0.00008651885153933  0.00009008288567251
  0.00009323078498001  0.00009622041859894  0.00009909105988011  0.00010201939637021
  0.00010528879884841  0.00010880684238936  0.00011262157522786  0.00011662539941088
  0.00012063066116670  0.00012454364626435  0.00012832228786138  0.00013242430472803
  0.00013654957352732  0.00014079541190753  0.00014517472413606  0.00014957452541033
  0.00015394061512511  0.00015883019062057  0.00016387515888295  0.00016904853279515
  0.00017436572490325  0.00017983101587746  0.00018548375974943  0.00019137392268887
  0.00019734060142884  0.00020335643500092  0.00020934316782615  0.00021547412355222
  0.00022171411796439  0.00022829140105478  0.00023544063402589  0.00024292023411473
  0.00025047616090748  0.00025812854692908  0.00026588380022684  0.00027397043905947
  0.00028273955966045  0.00029232318535041  0.00030225436932907  0.00031235069265653
  0.00032271423103541  0.00033379282710600  0.00034624882621249  0.00035938306782539
  0.00037246450214779  0.00038587843429912  0.00039978046050073  0.00041711235502959
  0.00043474914744561  0.00045211327517746  0.00046946138087712  0.00048786017319141
  0.00050868474272879  0.00053039152174201  0.00055177657149913  0.00057368313494751
  0.00059725763192144  0.00062455364107988  0.00065495386421544  0.00068661385483744
  0.00072049882537540  0.00075834065615105  0.00079708016203330  0.00083439540963040
  0.00087462239801734  0.00091987490129809  0.00096925483109575  0.00102134258767424
  0.00108068419728585  0.00115160385973122  0.00122706806903870  0.00131540200832028
  0.00141609154850003  0.00152220495583234  0.00165107142541867  0.00182091180106046
  0.00202480964858294  0.00226786349672278  0.00254391585989414  0.00288441000865565
  0.00332061676954859  0.00390462468807663  0.00472711018818488  0.00599096658106152
  0.00868781335918301  0.02071426257504191  0.11024733930265190  1.00000000000000000
 -0.00274890696205288  0.01185053416977576  0.02311997088935420  0.03445912894124206
  0.04558200370138012  0.05707652930088466  0.06828609672924719  0.07922256020086908
  0.08997211791976296  0.10089412953654316  0.11159639776607949  0.12236225528227751
  0.13340607818199476  0.14431811853799187  0.15471468870372171  0.16477597009873227
  0.17469463370155192  0.18444663318089871  0.19437085051858849  0.20454770707820552
  0.21434052922321886  0.22397914567106245  0.23347951442927864  0.24327781233806364
  0.25350710908547242  0.26374398108407415  0.27392297953959066  0.28413474666151534
  0.29491123715499140  0.30592973715220673  0.31655456025981354  0.32685751466191854
  0.33711934355324397  0.34716428813786154  0.35695319704031864  0.36669008014484195
  0.37612799779786682  0.38575765842381043  0.39542369353886386  0.40620970156275693
  0.41717111442195220  0.42811179074180356  0.43865965601339146  0.44903542497519972
  0.45932777243692763  0.46949351146293672  0.47931518621214719  0.48867556189648148
  0.49800301984226969  0.50722547594925227  0.51654405084522614  0.52618530379202677
  0.53584534144198925  0.54546531931119069  0.55479247763974271  0.56421112944795926
  0.57440768521781504  0.58502101604640666  0.59565875452508854  0.60588759006180926
  0.61623713734345409  0.62687007580617071  0.63779140771282239  0.64843536365777266
  0.65874738371482100  0.66907179638893099  0.67966256182367968  0.68995458850707658
  0.70009193022895222  0.71035004906591581  0.72089156900214468  0.73179379811886536
  0.74298181705503530  0.75461908061457095  0.76662856007071967  0.77806115831135858
  0.78891611249071270  0.79929427179616341  0.80964535217442823  0.81997524778808417
  0.82984404037824655  0.83953632464627803  0.84909142109652902  0.85942890252746884
  0.87066334485264030  0.88252340536383667  0.89357708699015148  0.90451154450688298
  0.91515730956011099  0.92657657910989377  0.93776878330987179  0.95008140633753690
  0.96290082902648177  0.97609063412535646  0.98831066733579365  1.00000000000000000
 -0.00233095888876098  0.00989335762945057  0.02020444398358799  0.03077977770704787
  0.04069737553873638  0.05063498972488738  0.06098020136966396  0.07150166369655732
  0.08176569172732798  0.09235739531589007  0.10275590042891146  0.11332662921280923
  0.12363030145795031  0.13370380989148761  0.14358120168327695  0.15364471760199364
  0.16400845445098916  0.17471105110734592  0.18506730199123844  0.19554223813630098
  0.20650430507575260  0.21800339520976642  0.22916171781253031  0.24024363411561589
  0.25113869120746612  0.26182296447146447  0.27262038544818390  0.28392411316778549
  0.29538517955784044  0.30673942559294010  0.31752684273713622  0.32844507683264729
  0.33852576666357914  0.34807437505575500  0.35787370817608799  0.36781533121049687
  0.37847700587193861  0.38903750268971932  0.39982560811661383  0.41019325407297152
  0.42060321422156610  0.43134242929795252  0.44185545115695918  0.45252704892492596
  0.46288913509391771  0.47379633294322393  0.48454258696479380  0.49498882090914897
  0.50580451585842479  0.51648044267819382  0.52766724136941245  0.53836633237238773
  0.54945085817824468  0.55997214856370525  0.57047993046321588  0.58078595651124743
  0.59140755363520370  0.60228711255508949  0.61296377055016193  0.62331677105075356
  0.63348648358510595  0.64388949476232671  0.65474127609354427  0.66613459160418653
  0.67763173483312744  0.68936414491110776  0.70131828840004462  0.71331181649759523
  0.72475703369677558  0.73551674256183308  0.74592512555796475  0.75597513053534215
  0.76573233692317988  0.77539661491206713  0.78526903517705671  0.79576820738202581
  0.80683537023208685  0.81764889986906852  0.82779656230584231  0.83741825068043418
  0.84665306979417232  0.85604267661414757  0.86598582059624740  0.87695571857525501
  0.88797488112965739  0.89810795854402115  0.90783822440656248  0.91753710409386990
  0.92745346425554731  0.93754126398956228  0.94839515155522647  0.95968345573005764
  0.96995783169439809  0.97982252917386048  0.98970454902357330  1.00000000000000000
 -0.00181384701711118  0.00952545348104067  0.01767429224524197  0.02602669593182691
  0.03417297605999927  0.04276758485069375  0.05260500578154769  0.06327165267701089
  0.07406665551016103  0.08462366625558547  0.09446777125436659  0.10411580903601275
  0.11377421972435856  0.12371130250304860  0.13379349358892104  0.14367092078844637
  0.15369993761486825  0.16408587286627374  0.17503433402980140  0.18583487906047219
  0.19660154205673930  0.20746635961275783  0.21916628280201994  0.23083142657575037
  0.24200444695009968  0.25365554849173189  0.26586784602856112  0.27767707170368128
  0.28894843992508507  0.30026628983741688  0.31129526104651356  0.32177030393150358
  0.33206096040338856  0.34334810168511143  0.35483223992410651  0.36618432812820023
  0.37731728287341315  0.38865255255954967  0.40026169140164369  0.41179380233433305
  0.42311967237395998  0.43432812438637175  0.44576544474114599  0.45766455217697022
  0.46948678453770620  0.48124757938144330  0.49336943167320607  0.50578687647688558
  0.51829771261410218  0.53009551600950988  0.54157708274670791  0.55276675385336227
  0.56409567717067000  0.57540027106909053  0.58658998347893765  0.59781524929341323
  0.60952911195242332  0.62161137463074168  0.63364825328468966  0.64548729092252777
  0.65704390286614589  0.66881695971156918  0.68032237613748547  0.69212058982567692
  0.70318022887464382  0.71416617406451954  0.72430795359897882  0.73436180203742829
  0.74387783890671244  0.75293962314539131  0.76270993558327616  0.77253803959060419
  0.78288971397474161  0.79269975348798183  0.80305751857514329  0.81391521941068612
  0.82465267700472145  0.83470146696239511  0.84454240924045898  0.85434995368514843
  0.86398169314591766  0.87328250745111147  0.88247518029526428  0.89174572198215540
  0.90153440367017834  0.91163201921752324  0.92130212534515543  0.93045143525062479
  0.93918855576782456  0.94797164297698666  0.95656139785828476  0.96518165004564316
  0.97368084006875688  0.98271417815970241  0.99134007500785093  1.00000000000000000
 -0.00231886227254087  0.01021107385633181  0.02062209713921377  0.03150793514696502
  0.04248191132918452  0.05381866941778613  0.06523108157372483  0.07683288286176165
  0.08844082678086218  0.09993074169714361  0.11106258121906579  0.12160820601251661
  0.13193735122114306  0.14172606851467653  0.15123693819051451  0.16075414723397488
  0.17081788745723891  0.18112033542948969  0.19134839863523809  0.20150786793496406
  0.21162020705067769  0.22173270036398332  0.23191809395023483  0.24280320123453128
  0.25466295494065061  0.26687196251696843  0.27834366995700649  0.28861036257752137
  0.29858134868324476  0.30856970992658955  0.31874983410411623  0.32859587695399600
  0.33836742934901642  0.34794999149968459  0.35761376841510883  0.36772283744113354
  0.37814234456673262  0.38842091279602514  0.39869229336717049  0.40893242154720344
  0.41917184902606186  0.42886421620721327  0.43844060372387855  0.44853883519078108
  0.45872112840456591  0.46925145682806618  0.47973756200868045  0.49049438065637824
  0.50087316817589034  0.51100823645905946  0.52097078339618708  0.53133823774386213
  0.54160853175000412  0.55125828967678958  0.56083481822883074  0.57115626502105998
  0.58231437786846973  0.59377946439422968  0.60497062543999924  0.61647414120718536
  0.62777468065988851  0.63874601615852045  0.64961489891341073  0.66062197328690642
  0.67160721380802613  0.68237808512347287  0.69318369962518922  0.70417823998159534
  0.71474856051684843  0.72445536052869397  0.73351314685421576  0.74227128178825741
  0.75103932982942279  0.76011732974710755  0.76987367447525190  0.78035196455092815
  0.79100946245692139  0.80166563370188504  0.81239188724246825  0.82360471335035446
  0.83452311881023578  0.84596094404872813  0.85727074155097382  0.86906014022132561
  0.88089208951329201  0.89265107862163606  0.90334072775292140  0.91374988866399443
  0.92431921686287311  0.93515271513471299  0.94572908731863725  0.95641109984304218
  0.96775420012930957  0.97900645077012027  0.98961018177439797  1.00000000000000000
 -0.00216701327183534  0.01164178649649001  0.02427118989146324  0.03752241483038180
  0.05153602183714386  0.06573440510481578  0.07894278853131143  0.09130692226324923
  0.10265528147815252  0.11327893302384501  0.12313171381222016  0.13258207572738717
  0.14253918067991475  0.15259401639252307  0.16287770805969826  0.17310461193010895
  0.18382276318350035  0.19494545505885341  0.20594472075625631  0.21694505759385307
  0.22808020989111191  0.23907179740137763  0.24960517507904229  0.25939783854547799
  0.26908779031946234  0.27852764102588246  0.28815508667482687  0.29799488292002080
  0.30773770327993061  0.31754405327257706  0.32672212797914896  0.33610678173414782
  0.34501753760422582  0.35463328261595189  0.36466653976663699  0.37503225333688817
  0.38541047598119937  0.39579750117262175  0.40628465775407019  0.41653242694660442
  0.42626336610704402  0.43612947404326191  0.44622462432410009  0.45627421037958943
  0.46565518527144700  0.47475786316424917  0.48432945300094588  0.49457043823578795
  0.50513242974568773  0.51528136555489856  0.52510956025756284  0.53477247334520983
  0.54438127886725818  0.55381699041790644  0.56305421158708280  0.57213869830442243
  0.58148011444531622  0.59079750470150139  0.60000750670052827  0.60942526258971996
  0.61921511219483960  0.62940293097187183  0.63948143254683354  0.64972009302774525
  0.65990629314902860  0.66997773809093464  0.67967200160598440  0.68930027116701176
  0.69931294191998183  0.70966207186541352  0.72016543328045302  0.73067417018072744
  0.74143235824493470  0.75231063169526002  0.76351324005255983  0.77492520078163341
  0.78619714530277607  0.79698546219772937  0.80737796146491425  0.81757379618559112
  0.82764453678753935  0.83765888073665651  0.84779820894923463  0.85860550056538265
  0.87061464967697855  0.88318645214453195  0.89488000381968325  0.90544904697080986
  0.91600787534013872  0.92702383328500426  0.93809714001647604  0.94883140674633781
  0.95981032748122053  0.97178608514951181  0.98540960110620701  1.00000000000000000
 -0.00231258833818350  0.00978157351265171  0.02031217863693791  0.03122826899938926
  0.04191081564812311  0.05262216121052760  0.06363185834641399  0.07473758627161756
  0.08575399765905010  0.09605555998418044  0.10598263368551109  0.11587604907911042
  0.12582308070322284  0.13634434088880645  0.14734326659303892  0.15910740020065536
  0.17013035106843863  0.18033788340459767  0.19038507597205373  0.20053615508049610
  0.21046986886427785  0.22039513332001959  0.23035933856049240  0.24035157666829260
  0.25062338785627514  0.26121972653902592  0.27206236392143318  0.28297689100469170
  0.29434141323410362  0.30634942951109617  0.31828042619058250  0.32957821983026409
  0.34021087546206319  0.35040082118692767  0.36042803821959180  0.37064881220196211
  0.38111175267257158  0.39136392945527299  0.40148717620123398  0.41138016354516455
  0.42093263251714191  0.43038713614085944  0.44010085030679719  0.45045760441085392
  0.46112138890789806  0.47141702406116126  0.48146268109730622  0.49150431038418574
  0.50181541610020031  0.51236071256957971  0.52301374028266134  0.53321138156885761
  0.54342576357835060  0.55373141394206205  0.56472429916669631  0.57592439880093826
  0.58714446268587450  0.59795549457820096  0.60848734933284343  0.61859761730448937
  0.62900185594620495  0.63993713141934638  0.65104445198401739  0.66212116958613842
  0.67268099505807666  0.68357943587687919  0.69498512086218278  0.70671607264285208
  0.71802683036643766  0.72922265168578748  0.74009207442217584  0.75101022969162412
  0.76154128312246061  0.77246732033548227  0.78297699125244746  0.79352628824536897
  0.80408929439306132  0.81464991752628224  0.82524115083650096  0.83603955012002173
  0.84652709260338266  0.85657095419109219  0.86586013519188554  0.87454357027459106
  0.88352323451308590  0.89292519406270054  0.90344537268487035  0.91444696025748873
  0.92535182011849526  0.93636005917327314  0.94712218889440747  0.95813721459883527
  0.96889468165265247  0.97911148443400686  0.98965263903218914  1.00000000000000000
 -0.00133378386530529  0.01591112111817288  0.02953060387236790  0.04184909744236359
  0.05402052389905962  0.06618684527799534  0.07793055367081593  0.08938552635043487
  0.10041508223224917  0.11129516380435704  0.12181194595459771  0.13234920513225065
  0.14251284426510227  0.15252359057643816  0.16198301174621285  0.17214595846064093
  0.18222036847317744  0.19296560772669630  0.20340258352970667  0.21406825831496518
  0.22476945350942892  0.23476381375840347  0.24451912329618919  0.25427125585728094
  0.26479821288062616  0.27559882327866686  0.28580792870709953  0.29607226117729823
  0.30591119895758306  0.31595731521751452  0.32496376764183316  0.33348986283649562
  0.34179125463153842  0.35078373312046685  0.36047031947173663  0.37017464558001201
  0.37985805320828342  0.38983734030369488  0.40036075849772063  0.41172433442395823
  0.42273011021502011  0.43318015070371535  0.44306876409550039  0.45301241102352291
  0.46292850694894838  0.47251569318082698  0.48200465015998412  0.49153142321946758
  0.50114442892147382  0.51090006592633497  0.52117348037559530  0.53154755740902060
  0.54186068344024030  0.55212022914971237  0.56225165841862756  0.57227045004250976
  0.58192722380250372  0.59182889722506860  0.60199178918186891  0.61232687630152161
  0.62224876592702205  0.63179282800988390  0.64135428714031884  0.65055707727553247
  0.66000260336744465  0.66942723084996558  0.67883384684547043  0.68862006036132528
  0.69846145295504480  0.70828685475861874  0.71816808666243026  0.72841497185926052
  0.73920230158459166  0.75025591728257368  0.76134362108690645  0.77229646004309105
  0.78310915654472624  0.79395983416370142  0.80490037793987723  0.81584512764215988
  0.82648517880190087  0.83671274678579355  0.84655634063393426  0.85632890349865787
  0.86647047316187453  0.87693079079493297  0.88780269197698936  0.89898340717919545
  0.91066439158419066  0.92222240776433384  0.93393399460498261  0.94583693931230639
  0.95802760794377406  0.97074025047013113  0.98471307689459164  1.00000000000000000
 -0.00227709273548198  0.00945446882754759  0.01925602442910297  0.02924338004156433
  0.03944686001755638  0.04976655314003196  0.06027550621829242  0.07083651405126340
  0.08152234929846132  0.09272397452176179  0.10460457346198658  0.11649896533028235
  0.12773853661435033  0.13871963520742411  0.14987559091589930  0.16140567980631745
  0.17236516343585434  0.18281637271123174  0.19306270522912042  0.20372943039011690
  0.21472931696309711  0.22557143163779408  0.23613780044607222  0.24620484791986860
  0.25598946847012360  0.26591778632187879  0.27616798288686234  0.28717761059440572
  0.29777002473119951  0.30803589286340666  0.31787682383030103  0.32746336205410392
  0.33728962918553818  0.34756749859366659  0.35803720386560289  0.36841471804031301
  0.37911844262174371  0.39004152757468358  0.40078204574053067  0.41108479816430787
  0.42134182335726683  0.43143839775587622  0.44166727085741408  0.45207196002742750
  0.46322214365551323  0.47469584974703111  0.48622234279907195  0.49707351383902398
  0.50757233885255160  0.51818293795373516  0.52872212855730116  0.53935624351676703
  0.54984615026054118  0.56107510783835679  0.57235035695605330  0.58313577015275075
  0.59376100227102835  0.60447789202237800  0.61526005227107294  0.62552099061555988
  0.63611825966436375  0.64708316907271102  0.65827625481882857  0.66852082817659786
  0.67813148856936489  0.68820396688767360  0.69901530843659776  0.70967734894378531
  0.72010856076561580  0.73015686545917768  0.74038444994222063  0.75102840125945669
  0.76163314943446758  0.77258592956432737  0.78244067205988943  0.79228082031751912
  0.80231119548141971  0.81271880298549837  0.82294251285714959  0.83303690798679586
  0.84314785453442676  0.85353917278274838  0.86394488614591802  0.87378254948682610
  0.88357603028363785  0.89324024032226468  0.90361817745771611  0.91428143431891618
  0.92523456526950620  0.93628890913208085  0.94720369979594154  0.95809660128135155
  0.96783321065225669  0.97780457691493805  0.98844325410285072  1.00000000000000000
  0.65086731835211686  0.76287641817653773  0.76761646603694123  0.77236312676052787
  0.77710919098203624  0.78227524689113259  0.78706161764442151  0.79097964709821178
  0.79436134039889938  0.79785378799820750  0.80152022303186776  0.80466888016031279
  0.80786481547603850  0.81081116389591801  0.81425201924809121  0.81810885206965978
  0.82149335566878456  0.82450524892735511  0.82745247463966121  0.83050237637054547
  0.83362366590353520  0.83655407319857311  0.83935400990911158  0.84208569530594635
  0.84477461647606389  0.84752689810889670  0.85025152470006471  0.85282189579923451
  0.85534752876415665  0.85776058168196800  0.86015147836144745  0.86260847004689378
  0.86515419904566848  0.86768906324139861  0.87023663974272381  0.87268906616723696
  0.87505755514056416  0.87748450683540669  0.87997323086461110  0.88244437818949450
  0.88484127781172217  0.88713918337514841  0.88943749466521549  0.89179684639143886
  0.89419686109408336  0.89644944278628258  0.89863206482974045  0.90080360061736109
  0.90310929450891397  0.90546269959273784  0.90773894705987346  0.90994930805831287
  0.91212024388440283  0.91424308091850193  0.91634089917286288  0.91844902644362580
  0.92052375689392119  0.92250451167947300  0.92444760167101103  0.92639991638539487
  0.92826405013137636  0.93013327853102834  0.93200919561066753  0.93387821714802788
  0.93577075307477275  0.93767151851689701  0.93956784987127306  0.94147884363688361
  0.94338421886138457  0.94526391098547968  0.94711245564832447  0.94895897244626448
  0.95083586166050171  0.95271945424360249  0.95459670809111519  0.95644268777690644
  0.95823502728143473  0.96002707208920768  0.96182700773133334  0.96364027306622324
  0.96545451741606669  0.96729269568236209  0.96917448977808907  0.97108124584985189
  0.97300270023789526  0.97499682607760429  0.97706266026175492  0.97925007293704236
  0.98140510275816273  0.98354977577001290  0.98567040342032064  0.98787140695525355
  0.99019565807208010  0.99274045132139699  0.99586256702062770  1.00000000000000000
 -0.00055918384402348  0.12034727957823377  0.15338654215015274  0.17402778415933692
  0.19156764288112366  0.20662751420011943  0.22063301687255607  0.23292542065425670
  0.24346494247614714  0.25306962245039744  0.26183733939081100  0.27053336123686000
  0.27860977955582145  0.28656165752615120  0.29415607275540268  0.30140930603342819
  0.30822936674539114  0.31538011516983250  0.32231809912543852  0.32941604555792858
  0.33629659398230871  0.34314858540153431  0.35027190218713267  0.35706405451880657
  0.36440811654082067  0.37171497755709515  0.37885343335373917  0.38577304302727244
  0.39239091487308619  0.39880466409015936  0.40520940653810616  0.41177646081675989
  0.41833289088947584  0.42425066072563100  0.43014246080313878  0.43601072486817610
  0.44182911368504163  0.44733179639246462  0.45264764011073549  0.45775358530892046
  0.46293139673829226  0.46840129866913610  0.47407331169818817  0.47985593103394841
  0.48563363976963536  0.49133032286067918  0.49696708621651181  0.50244695416491880
  0.50786835835341837  0.51320343164129922  0.51872952291875585  0.52428676470515956
  0.52963332903579885  0.53490805725234325  0.54017915012151385  0.54575470380733315
  0.55149319674483022  0.55726041257796854  0.56288074250941655  0.56833143734358360
  0.57370600894569979  0.57915120685072830  0.58477469535990434  0.59052166804808004
  0.59638055579177207  0.60220938669202528  0.60797677683440399  0.61362877391313086
  0.61939018670728330  0.62531972120190071  0.63188475888573814  0.63846305961741168
  0.64518178743364329  0.65239070586361303  0.65964625518662212  0.66662230283902124
  0.67340360300498658  0.68019040243975171  0.68710439685526603  0.69426427958986570
  0.70173934792676440  0.70977852256734952  0.71836807320303631  0.72716324627571649
  0.73566250852365278  0.74355838428438781  0.75146060712186968  0.75982169556492840
  0.76934760607710140  0.78038323393176734  0.79358353393681969  0.80896913585819974
  0.82606320591422033  0.84645164164159958  0.87502054367026505  1.00000000000000000
   1.6625875229673145E-008  -1.0000000000000000     
 F F F F F F F F F F F F F F F F F F F F F F F F F F F F F F F F F F F F F F F F F F F F F F F F F F F F F F F F F F F F F F F F F F F F F F F F F F F F F F F F F F F F F F F F F F F F F F F F F F F F F F F F F F F F F F F F F F F F F F F F F F F F F F F F F F F F F F F F F F F F F F F F F F F F F F F F F F F F F F F F F F F F F F F F F F F F F F F F F F F F F F F F F F F F F F F F F F F F F F F F F F F F F F F F F F F F F F F F F F F F F F F F F F F F F F F F F F F F F F F F F F F F F F F F F F F F F F F F
  <DiscreteSampler_grid>
  grouped_processes
  1 # 1 for a reference and 2 for a running grid.
  10 # Attribute 'min_bin_probing_points' of the grid.
  1 # Attribute 'grid_mode' of the grid. 1=='default',2=='initialization'
  0.0000000000000000 # Attribute 'small_contrib_threshold' of the grid.
  0.5000000000000000 # Attribute 'damping_power' of the grid.
 # binID   n_entries weight   weight_sqr   abs_weight
    13   10   3.093703387496536E-005   3.484128749987978E-009   3.093703387496536E-005
    16   10   3.994260080738883E-005   5.936853005080378E-009   3.994260080738883E-005
    22   10   2.748818121341037E-005   2.576688752587685E-009   2.748818121341037E-005
    25   10   3.500416940952000E-005   4.099124211583362E-009   3.500416940952000E-005
  </DiscreteSampler_grid>
