  0.00000138221698773  0.00000145145425898  0.00000150297573617  0.00000154980647220
  0.00000160194768555  0.00000166124587386  0.00000172039919443  0.00000178127699100
  0.00000184330454208  0.00000190988296725  0.00000197795665049  0.00000204794934641
  0.00000212568891548  0.00000221366945923  0.00000230950070869  0.00000239668541893
  0.00000248372558344  0.00000256781941145  0.00000265599908291  0.00000275235848693
  0.00000285521743282  0.00000296271199277  0.00000307739214029  0.00000319331793014
  0.00000330883401441  0.00000343007548973  0.00000355868260400  0.00000369658644838
  0.00000384133375790  0.00000398582367741  0.00000413876552270  0.00000429299586895
  0.00000444390509561  0.00000459537540853  0.00000475979110680  0.00000493850817853
  0.00000513043306411  0.00000533161300340  0.00000553777045059  0.00000574707565121
  0.00000596363629607  0.00000618963908547  0.00000643526400250  0.00000670392055220
  0.00000697737718950  0.00000725145763862  0.00000754758558168  0.00000786632173086
  0.00000821463749958  0.00000857073862110  0.00000896828294705  0.00000938347654659
  0.00000979985446759  0.00001022341930600  0.00001069921116651  0.00001123147931798
  0.00001177561449525  0.00001236846870826  0.00001303360058342  0.00001373588000264
  0.00001449830954996  0.00001531966271563  0.00001614335683445  0.00001705257134966
  0.00001800090055770  0.00001900293681237  0.00002012919004132  0.00002137261445800
  0.00002272034622641  0.00002416635070101  0.00002570188268170  0.00002737501554843
  0.00002920001255582  0.00003133190034479  0.00003390008189900  0.00003674239581139
  0.00003971442304368  0.00004288275391669  0.00004641669823256  0.00005082886345364
  0.00005684248530034  0.00006393358092279  0.00007202571454553  0.00008095018519582
  0.00009142530341418  0.00010499629101849  0.00012472575571195  0.00015299989941161
  0.00019855721411335  0.00026524939676327  0.00035326978475231  0.00052772965598523
  0.00097038019382524  0.00204395635246570  0.08379684166770315  1.00000000000000000
 -0.00297039604365402  0.01226061939742478  0.02443636481405457  0.03572127074013049
  0.04740077788479582  0.05896627757776853  0.06966628917450095  0.08028606660756829
  0.09073704456728486  0.10156740586719937  0.11253144733342804  0.12315903775073912
  0.13350265310383622  0.14322277995203891  0.15246449275275217  0.16223627820194436
  0.17197204526551407  0.18167317048368459  0.19142433149017371  0.20180820269534286
  0.21258057382151677  0.22336914432896904  0.23468348161390368  0.24600398723476322
  0.25715727953213208  0.26866116324716188  0.28025045632234713  0.29144514051503545
  0.30170011464896357  0.31191673922390123  0.32254140348760313  0.33339559342617658
  0.34375417290810767  0.35385007554501380  0.36467142801388980  0.37414573046880023
  0.38328015044930985  0.39213886557880739  0.40150240542018434  0.41188367159204681
  0.42163502345752307  0.43108757806537806  0.44046304629150912  0.45034100787981951
  0.46069168622701601  0.47174294796276589  0.48350085344037241  0.49582388791246840
  0.50746694353013289  0.51772919489573155  0.52736972639674973  0.53692860853752467
  0.54692498040983106  0.55679954027085266  0.56678567061776597  0.57678510499685320
  0.58685630059001759  0.59698642620252040  0.60697006152873789  0.61703535731696668
  0.62735996180180953  0.63811326789667233  0.64940879176843147  0.66066731370530418
  0.67134978089415132  0.68188593230713535  0.69291532780116716  0.70367225632605823
  0.71383928770912097  0.72383716565061429  0.73415619050216319  0.74574284711620975
  0.75691316207460380  0.76696040499840845  0.77629271131588151  0.78547559961346480
  0.79529642386266097  0.80535201099265308  0.81568428630319589  0.82669461584334136
  0.83755613994481493  0.84714306438636866  0.85624742191794923  0.86584926354725034
  0.87623315839444282  0.88749927660108241  0.89832701461525821  0.91053794235532659
  0.92224097246482573  0.93355386250814654  0.94531663622351092  0.95645266032367260
  0.96741348908294422  0.97770060737688991  0.98862751971312690  1.00000000000000000
  0.00001884586847437  0.00006242970474019  0.00006931121870736  0.00007571414288469
  0.00008266460416589  0.00008808069632680  0.00009326473175557  0.00009834557362062
  0.00010390114950149  0.00010956429597219  0.00011523939340176  0.00012115560665210
  0.00012707643659247  0.00013286002350385  0.00013863767952772  0.00014446277562505
  0.00015051255690289  0.00015663234473663  0.00016282770031080  0.00016907244685140
  0.00017568103898045  0.00018259352275012  0.00018950102350065  0.00019661141661307
  0.00020422123155670  0.00021189875111385  0.00021941626071970  0.00022715259388656
  0.00023521432776393  0.00024380069980359  0.00025262247969782  0.00026168438218107
  0.00027110357697859  0.00028119482990950  0.00029162001017077  0.00030218943286327
  0.00031297576832340  0.00032398582065358  0.00033475395411357  0.00034560630328425
  0.00035590576673065  0.00036738845564928  0.00037985674260492  0.00039247515870823
  0.00040448339555021  0.00041494228227112  0.00042685544114998  0.00043966501284254
  0.00045328393549732  0.00046859360214769  0.00048405232411532  0.00050157676611471
  0.00052141461661111  0.00054092007850788  0.00056011499881837  0.00057987205780799
  0.00060141522657518  0.00062424454122959  0.00064819687750868  0.00067471857702308
  0.00070480158413119  0.00073840966333990  0.00077525068620362  0.00082071815718942
  0.00086601749897698  0.00091506377546056  0.00096623171404012  0.00102039126380031
  0.00107236795948148  0.00112866840353626  0.00118750673173868  0.00125679747932651
  0.00133282402464345  0.00141557396582457  0.00149733425882288  0.00157005167253626
  0.00164777745850332  0.00173057263245173  0.00183013494793304  0.00197686948159197
  0.00213136247008837  0.00226708437115077  0.00241068549306802  0.00255991714034663
  0.00278353761061378  0.00310145889552701  0.00352588160252184  0.00400986267522139
  0.00475720184237757  0.00539462073329355  0.00610346645820604  0.00727302796979495
  0.00900332221498007  0.01308158153262894  0.09081848041868526  1.00000000000000000
 -0.00176860618366301  0.00802409909535545  0.01678755340199876  0.02521116618657044
  0.03319927122212651  0.04051717313132049  0.04846643058797421  0.05721433268477647
  0.06576986720843472  0.07448994266439722  0.08338103503994920  0.09331535417525771
  0.10359064123078704  0.11332237949152482  0.12280517779004295  0.13258067978706534
  0.14328597077033572  0.15544404497015388  0.16745641313442014  0.17866955265663970
  0.18902618324442436  0.20033472324567389  0.21157948509425220  0.22186750368224725
  0.23232487658630044  0.24277766860349839  0.25299534067481400  0.26318826497791203
  0.27390985974568521  0.28443224412622858  0.29444789749469880  0.30438588560968233
  0.31510746225962455  0.32621531404041820  0.33704848353109262  0.34788770408874486
  0.35852835261532240  0.36973250015295073  0.38073825304331521  0.39229554506098091
  0.40399558331642765  0.41608919430054431  0.42765427248150206  0.43859317181117941
  0.44903433188503244  0.45954921616868671  0.47017161735568497  0.48163878547435179
  0.49404953472840241  0.50670282961276125  0.51859010047403786  0.53086427428308713
  0.54286390732910328  0.55466047463152834  0.56506325794493051  0.57506532978855585
  0.58488976809619597  0.59558099871253722  0.60625152221773471  0.61674409301330546
  0.62743282255707766  0.63855193189525961  0.65016313880734855  0.66190749137428373
  0.67385124313676303  0.68574703265548953  0.69783720524828219  0.70943894850588307
  0.71996003847927903  0.73040302220141173  0.74122829503417220  0.75269897520788809
  0.76442655211212873  0.77661578458365221  0.78864511884147814  0.79963210076962465
  0.80995366518524714  0.81945631122309015  0.82866641292728127  0.83783108730245981
  0.84703270751099580  0.85700113113113574  0.86679790554326119  0.87745447977918023
  0.88897091291257502  0.89960713872181441  0.90895990463420628  0.91850695731785659
  0.92794621037775216  0.93916722901401484  0.94980659284753188  0.95955450969416745
  0.96875231324604649  0.97838312879388489  0.98895977285529035  1.00000000000000000
 -0.00272720460465457  0.01088212269437634  0.02195519286057272  0.03337392897026251
  0.04423346581419873  0.05482208730047475  0.06529107779373718  0.07540756240136573
  0.08596948960386210  0.09689196420683319  0.10754625408724619  0.11786906068337137
  0.12815130546230227  0.13856867830875044  0.14910623488616626  0.15987733060964671
  0.17040065011734221  0.18003527344698236  0.18935191338126139  0.19846335636154089
  0.20815088051985364  0.21840833127552772  0.22855928178514390  0.23826210705998349
  0.24783628711454062  0.25706392572232312  0.26623717085376797  0.27570120107672125
  0.28548210615845698  0.29529796333332775  0.30510781834509099  0.31526174443055122
  0.32587583156313260  0.33733013032810788  0.34914271253812429  0.36110811245120578
  0.37280379938203934  0.38458932926851502  0.39652179347040645  0.40797999208614855
  0.41918897581754083  0.43028767712837301  0.44160669621154602  0.45321266542848754
  0.46458694875977280  0.47555589111310409  0.48603602408154012  0.49643176233019076
  0.50699351552065675  0.51769686744928489  0.52833949412931747  0.53886361771168556
  0.55016453259989340  0.56078839413203307  0.57151244474494800  0.58142851677569818
  0.59188762318971433  0.60223237198754365  0.61227551925549428  0.62236983059421125
  0.63294030857715888  0.64377673919583223  0.65438377011516280  0.66471907383825690
  0.67507611674880796  0.68516981484836836  0.69498074289291301  0.70456309005518425
  0.71555603372969223  0.72782377914241447  0.74116153536787321  0.75411158676726997
  0.76593679714100249  0.77656825032954169  0.78702666972257607  0.79783681083401536
  0.80861999416687280  0.81841366869967691  0.82758149865312736  0.83683372738389827
  0.84510067655968235  0.85252874951225777  0.86002538661478911  0.86775102633376500
  0.87740589988675344  0.88797955968508224  0.89921945867436026  0.91083668337771595
  0.92274804438021651  0.93452234218296304  0.94594852569184251  0.95713185697874470
  0.96857094693538104  0.97946310602669273  0.99013972685073837  1.00000000000000000
 -0.00215415276511813  0.01183378068895142  0.02460253116234227  0.03749765628311601
  0.04909088661664442  0.05974999669547314  0.07025770816343850  0.08099904898080676
  0.09198280925889775  0.10270518309102586  0.11363376288800221  0.12465879362981437
  0.13545534272732798  0.14590817059664771  0.15749117090494191  0.16918955395057239
  0.18043540473576908  0.19098362469396279  0.20105240103843575  0.21019347413794287
  0.21939673823295613  0.22809376875159545  0.23753940646331437  0.24709165793142585
  0.25743950271871896  0.26841045574845740  0.27971816891384949  0.29093591327268914
  0.30151292428501958  0.31209652148485578  0.32291800948209454  0.33321829410179904
  0.34325544620818832  0.35329183652239021  0.36428281309562177  0.37503653535658082
  0.38536331740665042  0.39532671466838648  0.40548313173196221  0.41574463034490144
  0.42644847782519096  0.43725197768335411  0.44831085101147577  0.45911970769103400
  0.47017607008884016  0.48137608824042838  0.49279610611343688  0.50420698532219266
  0.51538613987018356  0.52595893096841062  0.53563940524951614  0.54514597998213465
  0.55470695212782239  0.56505877524926817  0.57612867057190753  0.58677796034226137
  0.59642613219099583  0.60588923421859342  0.61548700738855733  0.62527835203469873
  0.63522029937629176  0.64568458651141603  0.65692377007398473  0.66818081323892364
  0.67943765972477388  0.69065377256635696  0.70216826707047975  0.71325211746125794
  0.72396136728513605  0.73473449030887628  0.74567948485301105  0.75802941841943794
  0.77008402157031663  0.78040796364806708  0.79090718631936385  0.80085715148600722
  0.81100422413613926  0.82147626054879075  0.83198715897051700  0.84245937851241948
  0.85244892378376069  0.86281512507430547  0.87383805991309682  0.88495497624420982
  0.89514493341968349  0.90450764032629194  0.91352214452278158  0.92273635975894985
  0.93165266491887888  0.94023232204625051  0.94904899821747857  0.95880876465117060
  0.96978789497899953  0.98032505114668167  0.99027754643594779  1.00000000000000000
 -0.00178522843263496  0.00841374618340419  0.01737693048336024  0.02617007391592899
  0.03579295206619101  0.04646898466065466  0.05735913470803312  0.06813081825596012
  0.07898820911783415  0.08959172205121570  0.10104144655384109  0.11296731389731379
  0.12477992648471591  0.13734202451220298  0.14938129252264434  0.16165323048997080
  0.17376477302258503  0.18597964281656787  0.19807490927317276  0.20964942145810320
  0.22024098678531923  0.23040749879466460  0.24065728682734144  0.25080065798504236
  0.26126050961341690  0.27117124912311508  0.28112466494190447  0.29058375680853316
  0.29953881091002410  0.30877501690872167  0.31873955788835401  0.32879302811299632
  0.33843949775652371  0.34774762529449438  0.35842583806828426  0.36989766713356714
  0.38071723056059564  0.39096113259707566  0.40212207651864257  0.41392245567761382
  0.42391244526394012  0.43352877049861216  0.44249984125415315  0.45232061885723002
  0.46229846329854341  0.47247422510108023  0.48284579247853460  0.49286561985187138
  0.50293592947932553  0.51375561488444133  0.52524573067759472  0.53698506270902890
  0.54869408729332103  0.56032160096459960  0.57152319673629104  0.58237607645863954
  0.59290733401459750  0.60289460574593023  0.61255752355469117  0.62133980623100671
  0.63030432062160768  0.64021517129817829  0.65126269297947870  0.66230394143837967
  0.67259278340370054  0.68247457144091761  0.69282875807638267  0.70362785218237356
  0.71537439941564063  0.72736924056273466  0.73917457575381185  0.75121753358925980
  0.76281865876052490  0.77458786662484724  0.78575425432622259  0.79691939523410205
  0.80786125022556143  0.81879620570029710  0.83023056658463290  0.84041055458860892
  0.85074131493129013  0.86115891776885067  0.87235737948291847  0.88387265965262651
  0.89487222357291463  0.90546290419349218  0.91579204231112721  0.92527288612246494
  0.93427276801073633  0.94325867364503613  0.95278116475951735  0.96237409612277214
  0.97188148493715221  0.98104638647545317  0.99064074023759685  1.00000000000000000
 -0.00233826146928808  0.01126194909827451  0.02309582653345953  0.03469714881294093
  0.04586164111614633  0.05659280947657908  0.06695982931325546  0.07662876034363431
  0.08575539043111130  0.09517237340028531  0.10523740343890123  0.11532059516009964
  0.12506271014866877  0.13474733659550669  0.14486826061886426  0.15502221052572560
  0.16465295233553226  0.17406736079861945  0.18378002052395431  0.19403502158175751
  0.20464068434915139  0.21550247966063396  0.22694872608950381  0.23871433431990874
  0.25046258004456401  0.26185447573803644  0.27339557070815329  0.28473592727547609
  0.29549006219886659  0.30584309908470658  0.31608580327033542  0.32594489647602543
  0.33528666677684571  0.34501533678832297  0.35508977993859636  0.36503675675515773
  0.37444515758688468  0.38410340134955495  0.39459909378308339  0.40580560057907428
  0.41698089827032936  0.42820947193288911  0.43901034778362913  0.44900893814740628
  0.45918541085479847  0.46934530844652234  0.47984052211853034  0.49021012939516123
  0.50066795678121156  0.51133322327402642  0.52179053960690958  0.53196440146726598
  0.54315795245413667  0.55519289435578989  0.56812841449357065  0.58015816709669421
  0.59069043245303665  0.60167932690218096  0.61277522623474578  0.62416879190298669
  0.63348720050445795  0.64318249864687882  0.65362589905318069  0.66398824633490083
  0.67417218743767671  0.68438302128412853  0.69517323626193961  0.70654286653817699
  0.71746742700317334  0.72851350707596718  0.73994597216397240  0.75125577856994319
  0.76168169238451022  0.77189910503361903  0.78243833355522385  0.79326955125229537
  0.80412512289197513  0.81483517813265727  0.82579149593416323  0.83606414974955945
  0.84607469400023894  0.85645949333265814  0.86699903868211259  0.87866082984062077
  0.89048733291069315  0.90177982378362476  0.91305569240805706  0.92344054133379394
  0.93325710518660554  0.94365180969610185  0.95404884401397616  0.96440111824589292
  0.97413326995830019  0.98325906292892140  0.99164751435067444  1.00000000000000000
 -0.00233955529344977  0.00938902265425764  0.01922551454476532  0.02928324455793274
  0.03964918490026627  0.05120561021646221  0.06334314585220799  0.07469282594981703
  0.08469031580005167  0.09433339552870357  0.10422171518217803  0.11441911110290073
  0.12428663764151092  0.13410932694317232  0.14478914840453261  0.15710429579210816
  0.16945032636826429  0.18076928209542534  0.19121182306562523  0.20111655825098229
  0.21138131055516715  0.22147418962523285  0.23177429746457667  0.24239335945344173
  0.25331236710290844  0.26463748981674606  0.27589112734596383  0.28622980592904052
  0.29602550425982316  0.30588704982785764  0.31519461473395183  0.32498170820361616
  0.33503120766898731  0.34557264867203502  0.35679816961315136  0.36870619579642544
  0.38124590786693674  0.39382436022259842  0.40540347031585555  0.41586987342362697
  0.42603527419394754  0.43682189778453057  0.44789415120723769  0.45884916208296389
  0.46885179910374453  0.47893174761563506  0.48924896394104328  0.50008488210793622
  0.51057167195271169  0.52087815370798907  0.53153006482825349  0.54222172504405119
  0.55288056405866792  0.56260335574168296  0.57341189691512529  0.58365991280781115
  0.59513363323468282  0.60650754784176575  0.61874100913559904  0.62915388536197125
  0.63874954876429013  0.64760880591386227  0.65740656000291753  0.66747768574320099
  0.67704830910659286  0.68665900447382511  0.69694806267586595  0.70825664787073261
  0.71904954922222764  0.72970665471356266  0.74004832487306205  0.75075067573316046
  0.76144250772277455  0.77189797064498245  0.78261599869297416  0.79289187641666103
  0.80293135080078581  0.81317434518535858  0.82432233462983429  0.83571554538632353
  0.84610063660716528  0.85477076126592388  0.86334934229500671  0.87250220380479926
  0.88204028300129556  0.89323507022626691  0.90428213034583083  0.91554676282713310
  0.92600514622988916  0.93671746102889830  0.94813106558058879  0.95935660561767555
  0.97016412598068880  0.98068266019651673  0.99051761125926396  1.00000000000000000
 -0.00032552591141359  0.01054026214988237  0.02042128131633212  0.03032359174806614
  0.04049889007974011  0.05078675824738132  0.06236225245110629  0.07548808953269576
  0.08930812965512250  0.10263723589483570  0.11543244766017643  0.12721342772337138
  0.13831295655963008  0.14875065253068576  0.15883396063915195  0.16898624531754106
  0.17957054213447038  0.18987345368969433  0.19961799015287277  0.20941137190221720
  0.21904747889047721  0.22822186570600064  0.23709682024125406  0.24620433107939582
  0.25658932397927808  0.26828547008658249  0.27935072683050272  0.28972609308392544
  0.29965104938668652  0.30934100962664068  0.31948237026472986  0.33021348244565452
  0.34127175143438926  0.35215746297072081  0.36225564672648108  0.37274436486073836
  0.38269159199490627  0.39324275049563506  0.40371149912762505  0.41425540465138955
  0.42413823554533098  0.43325415492883784  0.44300120351025635  0.45301438474079275
  0.46292336812214857  0.47246311650224404  0.48226145496614248  0.49302951745227469
  0.50408301732416672  0.51418388726653663  0.52411734193810888  0.53426641107632522
  0.54481690018761686  0.55546924629545613  0.56553528515612139  0.57520834928830145
  0.58467592897668552  0.59432503485517829  0.60440836103531470  0.61416788887250640
  0.62406121149359717  0.63412385319032127  0.64451950519512136  0.65487694733309598
  0.66527064507614342  0.67556447271804709  0.68603632716895557  0.69664963638413679
  0.70700141415548523  0.71678734170086478  0.72720892426505579  0.73865358210543131
  0.75111143018434179  0.76221950203993072  0.77334455522366574  0.78494326506040746
  0.79725561013162394  0.80842759953015231  0.81871043244968367  0.82897338929440045
  0.83949080323306857  0.85036265743154360  0.86127744323132616  0.87237211991013042
  0.88277821598541462  0.89319628797741357  0.90358379686593560  0.91433345276388900
  0.92468844850561149  0.93494815280126908  0.94559520531464503  0.95552844256089609
  0.96522758810117415  0.97521742744774054  0.98694525871341388  1.00000000000000000
 -0.00177139275556348  0.00804175369309524  0.01649296797195077  0.02629401344815586
  0.03600738124007862  0.04589072785456949  0.05599654139090842  0.06680909494663290
  0.07849501679993905  0.09029871502978751  0.10247348259302794  0.11500080075560815
  0.12790212688913699  0.14044379257707698  0.15217327288638044  0.16330336059992032
  0.17473973863472597  0.18629934719652211  0.19732182413046406  0.20796791525154235
  0.21864713163252936  0.22922796748893795  0.23906538619703160  0.24817118641449196
  0.25739919867401245  0.26690982022609605  0.27676454915083393  0.28643550828176795
  0.29584998432610005  0.30611723380731110  0.31666879051444119  0.32833793236154329
  0.33982830102119616  0.35111725572724883  0.36196352750129646  0.37253333727352633
  0.38316745551260034  0.39372413208443707  0.40377331106022307  0.41378485094428014
  0.42353188082223941  0.43313099389765469  0.44252286323574586  0.45271534726418544
  0.46363705374837816  0.47366561303475935  0.48399465029998939  0.49317288385920011
  0.50329260871692272  0.51331839601954510  0.52421742644177627  0.53480935096242843
  0.54551756097777626  0.55616515598287131  0.56751571294798486  0.57903788841729842
  0.59044500263755573  0.60184042350059364  0.61384301394769847  0.62531180831954403
  0.63627097471636673  0.64651839224468677  0.65688252220853849  0.66691471049499174
  0.67649889595017343  0.68624463176303641  0.69568357754207988  0.70535291991232696
  0.71555026210791628  0.72683039328266452  0.73854563717433619  0.74976692722479621
  0.76032808804399343  0.76996200749353783  0.77906156162005580  0.78825590036513837
  0.79807473257514150  0.80818279253612313  0.81834540519619059  0.82893138060454641
  0.83970429152416892  0.85080222836385644  0.86230577311261125  0.87417606538254200
  0.88576390493700030  0.89673692882838896  0.90736877078775624  0.91747131573560015
  0.92742346495717709  0.93759653470414484  0.94821696231637176  0.95910992685507435
  0.96960266271711848  0.97958297548108619  0.98985044025236169  1.00000000000000000
  0.16298961329013378  0.62261494741300594  0.69161225554148709  0.74546941006197553
  0.77064092920160421  0.77792892219423870  0.78318501337299828  0.78804652722269608
  0.79277499317442601  0.79765119592536737  0.80257111000396020  0.80746294149286257
  0.81217004579557472  0.81610679054304891  0.81980164259941957  0.82321393635332807
  0.82683963304169172  0.83069895490882228  0.83492231237715930  0.83892493001461443
  0.84236519377952124  0.84555679669593542  0.84851602949295402  0.85141317285981988
  0.85426405761622082  0.85726229763054529  0.86023975661808549  0.86311173985231227
  0.86579263982581323  0.86838561709880591  0.87097990203646669  0.87352957722793190
  0.87589876396951594  0.87834657626296364  0.88073773695359692  0.88299259697363219
  0.88516083134478019  0.88740632936769970  0.88973860625884871  0.89231376506539994
  0.89486222118045200  0.89736641826476227  0.89961572098872744  0.90181821194161815
  0.90369590463959737  0.90559606685542737  0.90738928603509883  0.90917926844504793
  0.91102015195965957  0.91298056809070882  0.91502584262904452  0.91696702276639941
  0.91876538580506129  0.92047492547803633  0.92215765252003001  0.92393160840779753
  0.92567375359360937  0.92740867777353364  0.92911453325939319  0.93085224971196656
  0.93262114021523068  0.93439779787157984  0.93619737459004770  0.93802322962941442
  0.93976212896801448  0.94137066436718031  0.94302667893210990  0.94479185576881386
  0.94662194218757356  0.94845235681615236  0.95023122320646625  0.95195899734127554
  0.95369035135119196  0.95543301039829265  0.95706260423450762  0.95872799099713302
  0.96045988950366590  0.96216036204071242  0.96383525203870790  0.96549027022051936
  0.96719117656877951  0.96895517177054158  0.97075668173978957  0.97256921464195845
  0.97438106963132276  0.97616511595980637  0.97794539354692489  0.97983124391210197
  0.98179968387133654  0.98392324575525225  0.98611951429500755  0.98841738323196204
  0.99064595207569639  0.99310877970583966  0.99613024385942328  1.00000000000000000
 -0.01293849831106584  0.11312607978060699  0.14621811258257647  0.16339053327830214
  0.17665157168365969  0.18884826174033587  0.20156192906493281  0.21384370670006875
  0.22561395028010156  0.23624673000989266  0.24600578255469657  0.25479669266936344
  0.26280472727757936  0.27068809754478712  0.27812573627806608  0.28510234437499726
  0.29216481502839176  0.29937299038901738  0.30670731019870123  0.31359410565981577
  0.32042576194820155  0.32720172536811665  0.33383947002755326  0.34008575058107143
  0.34590985193574464  0.35187408222682981  0.35801666203743565  0.36425282140592502
  0.37068278219606238  0.37670698113477524  0.38308794980016314  0.38962663581461693
  0.39603369921066672  0.40227975279138339  0.40834660305886888  0.41434421350219497
  0.42021829987106263  0.42583971345492500  0.43128527286674212  0.43681249687276691
  0.44251792670234746  0.44818614195127043  0.45400380782545252  0.46000862209355725
  0.46590654368553253  0.47163841525155192  0.47704448167812957  0.48269855719270344
  0.48867878196817738  0.49432548988466141  0.49985285812348829  0.50534480531884907
  0.51115770400285288  0.51724079180084126  0.52329186915769110  0.52902950082333389
  0.53420520893197621  0.53928241148999734  0.54452065026712959  0.55029675295507674
  0.55653377244674329  0.56286950961112536  0.56921435710047763  0.57565505067893064
  0.58226522111730428  0.58903183211973376  0.59557430074762840  0.60162456282348764
  0.60734207853222366  0.61297129779698512  0.61876072188038689  0.62502222832956722
  0.63174425005392298  0.63876263167818237  0.64602515297675445  0.65330080661466983
  0.66053378546684527  0.66744309457018114  0.67470748610156417  0.68175145808628790
  0.69009455142297416  0.69857011204032171  0.70704378341534657  0.71533207872967131
  0.72414465353458979  0.73352690895492734  0.74423980811031165  0.75544060695496407
  0.76688536725138345  0.77929880682588992  0.79276287975643456  0.80747612509357236
  0.82431940808380211  0.84498588168505950  0.88932478561076544  1.00000000000000000
   3.9977400572606500E-007  -1.0000000000000000     
 F F F F F F F F F F F F F F F F F F F F F F F F F F F F F F F F F F F F F F F F F F F F F F F F F F F F F F F F F F F F F F F F F F F F F F F F F F F F F F F F F F F F F F F F F F F F F F F F F F F F F F F F F F F F F F F F F F F F F F F F F F F F F F F F F F F F F F F F F F F F F F F F F F F F F F F F F F F F F F F F F F F F F F F F F F F F F F F F F F F F F F F F F F F F F F F F F F F F F F F F F F F F F F F F F F F F F F F F F F F F F F F F F F F F F F F F F F F F F F F F F F F F F F F F F F F F F F F F
  <DiscreteSampler_grid>
  grouped_processes
  1 # 1 for a reference and 2 for a running grid.
  10 # Attribute 'min_bin_probing_points' of the grid.
  1 # Attribute 'grid_mode' of the grid. 1=='default',2=='initialization'
  0.0000000000000000 # Attribute 'small_contrib_threshold' of the grid.
  0.5000000000000000 # Attribute 'damping_power' of the grid.
 # binID   n_entries weight   weight_sqr   abs_weight
    13   10   4.874401986751526E-003   1.328155505779579E-004   4.874401986751526E-003
    16   10   6.345341141703817E-003   2.243379030140153E-004   6.345341141703817E-003
    22   10   4.375987860988097E-003   1.072502681857820E-004   4.375987860988097E-003
    25   10   5.503454592312612E-003   1.702992679019349E-004   5.503454592312612E-003
  </DiscreteSampler_grid>
