  0.00000136919750215  0.00000140197164219  0.00000143606763489  0.00000146586302088
  0.00000149488358662  0.00000152364280644  0.00000155019309239  0.00000157670490686
  0.00000160680564718  0.00000163888891056  0.00000167167914655  0.00000170671763224
  0.00000174214867348  0.00000177569763958  0.00000180650616497  0.00000185405798447
  0.00000191338512532  0.00000197374869560  0.00000203498545824  0.00000209646925208
  0.00000215756116544  0.00000222472971642  0.00000229386740223  0.00000236474685937
  0.00000243772719198  0.00000251345800282  0.00000259303698775  0.00000266408344713
  0.00000273821736632  0.00000281388654993  0.00000289011995079  0.00000296750971758
  0.00000304850221707  0.00000313548745985  0.00000322327790548  0.00000331048846543
  0.00000340029439572  0.00000349808362043  0.00000359564301330  0.00000369041977829
  0.00000378095427719  0.00000387450887173  0.00000396667616320  0.00000406437580123
  0.00000416850003424  0.00000427753249472  0.00000439443170059  0.00000452362243869
  0.00000465671336806  0.00000481073052048  0.00000497369114125  0.00000512936386226
  0.00000528310624775  0.00000544437737110  0.00000567479322817  0.00000591353622603
  0.00000615703445754  0.00000641086551216  0.00000669020034597  0.00000703678508160
  0.00000735586311289  0.00000768826658212  0.00000803269651783  0.00000835822194453
  0.00000869286057296  0.00000908970308644  0.00000955378497624  0.00001001397496643
  0.00001048406629559  0.00001109983960680  0.00001179459507363  0.00001256222085289
  0.00001333132201725  0.00001410425304792  0.00001489731076532  0.00001572742798129
  0.00001672563036748  0.00001792565014825  0.00001932416563487  0.00002100149049387
  0.00002303689948666  0.00002561788053747  0.00002826987155117  0.00003112077337043
  0.00003470714429579  0.00003938260312895  0.00004609901094499  0.00005543764090644
  0.00006884829477119  0.00009183241191378  0.00012971417881503  0.00018105961869814
  0.00032465337580271  0.00088241325152719  0.13135922695279040  1.00000000000000000
  0.00000939425613041  0.00000979032128052  0.00001007390255949  0.00001026369685047
  0.00001049885768033  0.00001074723954126  0.00001099542542501  0.00001124372369574
  0.00001147070278060  0.00001169747033760  0.00001192540291748  0.00001215611636937
  0.00001249928141761  0.00001284283177369  0.00001319424863075  0.00001347574593081
  0.00001374732218651  0.00001402598880559  0.00001433679201709  0.00001469451555700
  0.00001510170608555  0.00001553629466877  0.00001593277136903  0.00001632339482993
  0.00001675240766799  0.00001721589575438  0.00001773363927501  0.00001832055963489
  0.00001893889410986  0.00001958970818386  0.00002029867452372  0.00002105757560577
  0.00002185730151393  0.00002281772462173  0.00002399355432209  0.00002518304147961
  0.00002630164723162  0.00002731928226120  0.00002833442117544  0.00002942709042207
  0.00003063985202729  0.00003201050983520  0.00003336845010618  0.00003465936507457
  0.00003586812243910  0.00003740812675333  0.00003905836611356  0.00004084149550196
  0.00004286180319472  0.00004521414533380  0.00004773003250696  0.00005058138763079
  0.00005366033188859  0.00005706408421244  0.00006099327747762  0.00006506091791705
  0.00006964656800150  0.00007483827175584  0.00008090389712931  0.00008803056441829
  0.00009653051286740  0.00010560691724466  0.00011519401160748  0.00012506910854518
  0.00013567043970050  0.00014679458979050  0.00015964846315524  0.00017485795695794
  0.00019300754468926  0.00021148653807179  0.00023248593413941  0.00025807600448338
  0.00029215521626240  0.00033266328358798  0.00038138086953967  0.00042853754469485
  0.00047672481304075  0.00052690284141708  0.00057503360506095  0.00063152937954929
  0.00071799658790552  0.00082031044191349  0.00097102674053663  0.00120537105089425
  0.00150019525725695  0.00178426362399363  0.00210342252880410  0.00246996572778892
  0.00290963335195383  0.00346818080764968  0.00450395945758023  0.00596984166162331
  0.00767871639961440  0.01012555571441486  0.33906646431366094  1.00000000000000000
  0.00000012848070565  0.00000020816257252  0.00000028166062404  0.00000035040491430
  0.00000043113527217  0.00000051096841289  0.00000059900017852  0.00000070706586771
  0.00000084382851579  0.00000099493559275  0.00000115631151812  0.00000132861030477
  0.00000150652861400  0.00000172211781011  0.00000194368735699  0.00000216728871386
  0.00000240711161795  0.00000268251347155  0.00000298411015735  0.00000326634660140
  0.00000364521766473  0.00000412440234735  0.00000468860264628  0.00000530671078173
  0.00000594670920438  0.00000663178538367  0.00000733998912832  0.00000808010954464
  0.00000888487072727  0.00000979802745417  0.00001089106352285  0.00001206257250625
  0.00001340233633887  0.00001493084860572  0.00001655402336142  0.00001817116025461
  0.00002003249119904  0.00002234743395172  0.00002499772647451  0.00002796112394320
  0.00003149065494017  0.00003550790179014  0.00003964816635150  0.00004460072588842
  0.00005022269316467  0.00005602150988051  0.00006175271585751  0.00006757264154441
  0.00007387457053393  0.00008063326081676  0.00008724053345950  0.00009440026598914
  0.00010202856605269  0.00011212480574868  0.00012335327273580  0.00013387215570833
  0.00014741428803630  0.00015993953670671  0.00017396062548786  0.00019072013784802
  0.00020944551173149  0.00023059169391542  0.00025318205106458  0.00027744961996514
  0.00030384836414740  0.00033535986877221  0.00037020174005812  0.00040639880206748
  0.00044793601949036  0.00049869645164129  0.00055664152423117  0.00061724130300166
  0.00069186428034251  0.00077246263694256  0.00088391184823300  0.00101432210899796
  0.00113831291249944  0.00127540595081702  0.00142951822519711  0.00157898527711064
  0.00174172323838942  0.00193789607026371  0.00219965454633663  0.00242750381507661
  0.00266982090145531  0.00295355647417018  0.00317566253208170  0.00341164109607185
  0.00362300160284686  0.00391082285771857  0.00472846009051615  0.00642806995765864
  0.00870221209257608  0.02969196076649501  0.12369701931504286  1.00000000000000000
  0.00000186047996779  0.00000234252738918  0.00000277725496461  0.00000320915620121
  0.00000369927598090  0.00000426351899358  0.00000486441599192  0.00000559535409152
  0.00000652619016277  0.00000776131962474  0.00000928657141290  0.00001099878194409
  0.00001286915290909  0.00001495271924482  0.00001741073877104  0.00002020390653916
  0.00002321717479040  0.00002639926349184  0.00002999938765809  0.00003401890222982
  0.00003818988912182  0.00004263221638077  0.00004745687348268  0.00005296408477485
  0.00005871481325930  0.00006473522075878  0.00007130748920011  0.00007845773177375
  0.00008562010037335  0.00009428752287516  0.00010433887146473  0.00011524900634291
  0.00012722619891919  0.00013929334023518  0.00015032682997723  0.00016134054872578
  0.00017310435153774  0.00018543652549225  0.00019880009560490  0.00021246520103679
  0.00022915986678379  0.00024767460974372  0.00026821688630117  0.00029091656473241
  0.00031427432798438  0.00033900166462970  0.00036485767211740  0.00039139273180142
  0.00041858963477120  0.00044674191092068  0.00047967609979882  0.00051091331111763
  0.00054573718727364  0.00058306662712228  0.00061933923737368  0.00065344281587107
  0.00068674647896668  0.00072259554673262  0.00075961884109230  0.00080038810593848
  0.00084961873321924  0.00091239687461912  0.00098719015982507  0.00106739159097732
  0.00116432609706805  0.00127559881945046  0.00138623337021242  0.00148471457828199
  0.00156002857199569  0.00162126741361676  0.00168354782549622  0.00175336967762584
  0.00183036627295983  0.00191976059432755  0.00207891105968035  0.00227206554360345
  0.00244738608091547  0.00263177805281753  0.00279639998639736  0.00292945287919707
  0.00305292242724250  0.00317874939873505  0.00336146707739203  0.00358310447288222
  0.00372598198819628  0.00392118611708791  0.00421143944043884  0.00479563317884361
  0.00642412952188175  0.00838185142091347  0.01037482163563024  0.01150644334309104
  0.01294072963738952  0.02810895294592703  0.06453470652303150  1.00000000000000000
 -0.00162442924393192  0.00758014365230961  0.01543559736430539  0.02335449450131431
  0.03026106233192207  0.03639208289251662  0.04285044580218861  0.05057882832749892
  0.05907840628981352  0.06810860482195111  0.07797367269879724  0.08769263766070426
  0.09759532676791333  0.10731229592798222  0.11824475020047544  0.12911103171810767
  0.14069323999233380  0.15236320479018853  0.16329174687189077  0.17428137242587180
  0.18478692325230794  0.19632358061671693  0.20690678428087361  0.21664863248849756
  0.22611713133352568  0.23624873912220593  0.24622033090464757  0.25554271615678648
  0.26475376677682755  0.27399201623951747  0.28265330921980220  0.29147503081106069
  0.30077262144736949  0.31055148108005137  0.31967841123801666  0.33037718656022019
  0.34440496525990888  0.36044520710179490  0.37537348884081190  0.38959128298039669
  0.40247820689478153  0.41441486898766011  0.42660076208733760  0.43876125634156860
  0.45020123608655688  0.46067057806913564  0.47197634170708169  0.48230707749988688
  0.49125547005147513  0.50061791577679160  0.51005378999314133  0.51934766110362318
  0.52923783725076978  0.53904045220086594  0.55448392579928063  0.57130733375137743
  0.58733931280027096  0.60222399274246696  0.61548034703696952  0.62841047630475366
  0.64197819699228365  0.65639196024871049  0.66936743743542693  0.68179913203073617
  0.69400683026094234  0.70678991942902336  0.72040226032869825  0.73481782542667473
  0.74915390983859254  0.76267523222311207  0.77507945850753723  0.78648750548562396
  0.79752100058979969  0.80906633215391377  0.82158644296213690  0.83375398501321507
  0.84361786724447663  0.85375690532106840  0.86422560266692794  0.87518880725334280
  0.88543260486727260  0.89421276068828903  0.90255897174225508  0.91046617706662281
  0.91883042104328649  0.92613704178852718  0.93363991007098901  0.94112682854224938
  0.94950118891568025  0.95767761274154162  0.96645784607098018  0.97337720778994330
  0.97954217695594459  0.98595418741518059  0.99219760492134579  1.00000000000000000
 -0.00212361810389207  0.00812756587930228  0.01816268739545364  0.02921317996319443
  0.03984958402157018  0.05081844631772237  0.06173354376076137  0.07371886657280431
  0.08657046171325958  0.09959696865014984  0.11064137251733307  0.12071848029272683
  0.13152734834881841  0.14274298730023119  0.15183019992692906  0.16035890963178115
  0.16982237303633332  0.17968419163845539  0.18921279250079207  0.19826278512742254
  0.20882763546409353  0.22158605981636439  0.23393745593569312  0.24536167999580871
  0.25605936276476926  0.26740279184351662  0.27659034599458432  0.28439952169669247
  0.29272713826116004  0.30094077379331019  0.31015610345378719  0.31903945046143639
  0.32758109221482834  0.33502181993812385  0.34339792501080502  0.35241937624462893
  0.36316349474641518  0.37388805024992278  0.38825207602955081  0.40012644120963681
  0.40968915170734210  0.41930460761526095  0.42875200582354994  0.43807836354637719
  0.44700554428825418  0.45587729406434824  0.46706150885052661  0.47966536160141321
  0.49099047783460759  0.50184118446243564  0.51294546034017108  0.52465339764797969
  0.53723347720273518  0.54964751830796488  0.56120042869378117  0.57205632142594398
  0.58236915343130158  0.59244740616200153  0.60218160118812136  0.61048354772003310
  0.61940295673402634  0.62821773849006057  0.63796095270141917  0.64970358999049915
  0.66122111860675770  0.67243704069528454  0.68211447984219731  0.69261943972657902
  0.70277329518309639  0.71459354619724991  0.72555577516153091  0.73558559076935837
  0.74502187866485592  0.75406476598368455  0.76294170581341569  0.77176078785905200
  0.78071116036240529  0.79009606781530650  0.80118058808801451  0.81424782516249294
  0.82804473403597567  0.84017366252363213  0.85151512576084365  0.86312162831334305
  0.87484254130975081  0.88628308418458490  0.89783153097628632  0.90995908882748178
  0.92180565184462659  0.93316375124479123  0.94409132613657665  0.95474678678825509
  0.96527215844500702  0.97560357134026443  0.98718505077451535  1.00000000000000000
 -0.00114104540810073  0.00534500516999154  0.00986539440989028  0.01402922199270809
  0.01811652152990472  0.02262961658757089  0.02735275730232337  0.03192000454899652
  0.03656609823973443  0.04221214584958819  0.04940878453853531  0.05579584282885037
  0.06163942735977202  0.06871544941099997  0.07659611437095644  0.08430591370348423
  0.09075991913390499  0.09683625651162470  0.10276920862646279  0.10949332822294154
  0.11708352968796688  0.12554525932426724  0.13430378654688779  0.14297398959812113
  0.15220856345566153  0.16174961568894192  0.17033944052750438  0.17822947275822129
  0.18638722525221640  0.19513379413347157  0.20515243651243906  0.21658877210181832
  0.22929009958247593  0.24279270812503256  0.25599355121405204  0.26865135857459327
  0.27867434099163574  0.28827109044330729  0.29823912179705270  0.30828873313817157
  0.31860158714453529  0.32877149867376976  0.34005533225712675  0.35363567945725083
  0.36627729455595170  0.37985170018109599  0.39365378009253504  0.40817619888431050
  0.42357977657367668  0.43741019836977757  0.45001584735454542  0.46220166956984221
  0.47476869633795465  0.48820958648347407  0.50289406601207332  0.51853820683825191
  0.53395829165789366  0.54935256539806376  0.56464384862256978  0.58104682938327912
  0.59724892261610119  0.61244823619465860  0.62477404565734218  0.63695491304445595
  0.64958661386691674  0.66211351705707366  0.67374756022367155  0.68617333845122375
  0.69721873445595728  0.70976041298197989  0.72158093810691670  0.73210949497497990
  0.74192244535804930  0.75250807906872341  0.76526071007454533  0.77849315026069110
  0.79157762152004352  0.80551107169308611  0.81920891882280966  0.83214422793829179
  0.84636765142729342  0.86083038287536118  0.87294142061308466  0.88407897474111485
  0.89442184902678401  0.90416143271290905  0.91545109452625539  0.92401290201821418
  0.93304129336973562  0.94224864273975584  0.95166706453711847  0.96038377968480571
  0.96971372356931407  0.97941274052755700  0.99010404939992847  1.00000000000000000
 -0.00216508074211737  0.01035967651632144  0.02141988786900072  0.03171554472368113
  0.04249834013711691  0.05310584936156854  0.06298112738242635  0.07314737724790622
  0.08266271397118484  0.09277230454325341  0.10227593008537965  0.11052730590200568
  0.11814782089146769  0.12743069368550755  0.13681649662617176  0.14629897246741685
  0.15573602457654626  0.16487640671204340  0.17374225844924066  0.18263206874477939
  0.19130367368580214  0.19872609709862948  0.20731358974139472  0.21565449933451677
  0.22370293096634689  0.23303047202031571  0.24262781427752717  0.25310749521864229
  0.26375563958761461  0.27392391079688760  0.28477534615518918  0.29633980539091270
  0.30839921515012408  0.31970738981047986  0.33231181996007991  0.34208822131360700
  0.35259478720183351  0.36239211875521599  0.37220075428629978  0.38054716385498377
  0.38970861379970256  0.39952826503878569  0.41194187717505049  0.42417267787887730
  0.43558000870496993  0.44626635139559540  0.45654840607818353  0.46660798092908362
  0.47650321464887835  0.48630744160276806  0.49654591844864465  0.50685126053802809
  0.51828040276778498  0.53097384833887695  0.54341817722091634  0.55482948692686263
  0.56581067424155751  0.57629419602546206  0.58699092458641566  0.59759967078295795
  0.60845474850373238  0.61915066393916951  0.62962016695208756  0.64037977976014915
  0.65099448906293889  0.66114183077714073  0.67233080212251928  0.68349179628999024
  0.69491511964259034  0.70600655311982474  0.71688931980213200  0.72829569860051924
  0.74081821022716110  0.75358663285360994  0.76561657326977839  0.77741875858030862
  0.78977705766385864  0.80157826842392710  0.81363248702878754  0.82461174486516975
  0.83606367327224484  0.84773503708349796  0.85940233597089288  0.87082692524575189
  0.88382289823153881  0.89671437662550635  0.90921485270275249  0.92110548215231725
  0.93207601557064679  0.94205792662940202  0.95099730967724927  0.96045198145403277
  0.96998568525427131  0.97965028773607910  0.98926567785580977  1.00000000000000000
 -0.00312519801063278  0.01065003188987257  0.02339181045261739  0.03602940454151615
  0.04751471210192865  0.05814296914368914  0.06755526874856543  0.07587110214030253
  0.08433801424381690  0.09149101146826112  0.10096585043911362  0.10928161546160900
  0.11742066285076187  0.12537377459734292  0.13594624650693302  0.14726010660291655
  0.15930110655194893  0.17188809478259529  0.18373772522901952  0.19495018614805135
  0.20550352776328953  0.21651943239407132  0.22851998507624349  0.24166319746746795
  0.25536262045228209  0.26868670770970415  0.28217648924094513  0.29542138860287132
  0.30806561769987306  0.31835708992687450  0.32805660964064814  0.33874457122473950
  0.35108578116818873  0.36456549167037783  0.37806480553590577  0.39069095724078406
  0.40195686550198317  0.41214353812239463  0.42205834685371207  0.43197194666561733
  0.44128127793744715  0.45143079361781940  0.46212604868767310  0.47462360275545346
  0.48841961683743096  0.50215092417024376  0.51551610641432688  0.52841115073485190
  0.54137123033725509  0.55551127228057284  0.56754366699265879  0.57778576854173080
  0.58758860367238763  0.59801298849381246  0.60901733176673356  0.61857981181307253
  0.62738774063953562  0.63674527147693949  0.64640045200444152  0.65595428200778527
  0.66570415254996440  0.67619799009368231  0.68716008567453069  0.69859088873895148
  0.71017417114605541  0.72105478056374739  0.73168742166966683  0.74262824805281935
  0.75360132619536524  0.76449751693796009  0.77538797440895735  0.78618996202811986
  0.79755492307749565  0.80921667330759750  0.82043919189188319  0.83050294530917645
  0.83999401032101173  0.84953884732116169  0.85923141412477200  0.86919171757949376
  0.87927600952404394  0.88956575132606741  0.90017561235032251  0.91118850037702248
  0.92267703142367985  0.93328446401461596  0.94194922574440920  0.95062694774197742
  0.95840207567116853  0.96505627375837877  0.97143186338739385  0.97745152644799638
  0.98287377585016522  0.98819246804454530  0.99387123997510329  1.00000000000000000
 -0.00302415599370685  0.01115744686639004  0.02205302220288215  0.03269571401389900
  0.04337308221038982  0.05383855667366179  0.06495428650428191  0.07506155438278951
  0.08540277852453948  0.09508048902636375  0.10475342557432878  0.11472757409079787
  0.12561672519306410  0.13553802696915654  0.14575295626317172  0.15647561263818380
  0.16818170050553038  0.18001396954864596  0.19230459948397643  0.20467347484736700
  0.21701718101672848  0.22906071762094710  0.24051212757234058  0.25189162445946245
  0.26284092011052584  0.27297960839713592  0.28202253182391857  0.29134190634204193
  0.30142302191509218  0.31379333484764599  0.32592612550405425  0.33823721976298404
  0.34986970503610976  0.35974321893987599  0.36928294791956318  0.37964163341445256
  0.38995522799675814  0.39827892062108949  0.40592082385097783  0.41344471004825251
  0.42094909525848473  0.43029903644975559  0.44080047511811382  0.45244272158222698
  0.46271422857267730  0.47137896881671570  0.47879463382569254  0.48544040637035235
  0.49188022888418576  0.49912428470130871  0.50827936086757353  0.51771447997628239
  0.52844042473611730  0.54016129784332434  0.55139289029687644  0.56185056994775273
  0.57193097411525684  0.58217726754555132  0.59246562810871184  0.60226325641249978
  0.61166178413832961  0.62139349974898461  0.63184675029643445  0.64286759958946516
  0.65394846250791616  0.66503730366745428  0.67645322376125738  0.68808549889923021
  0.70044741334158078  0.71316295570030031  0.72674350536668164  0.73974471951250498
  0.75187611784394703  0.76410821236929261  0.77765350295633817  0.79236612988358901
  0.80652578200377079  0.82036325911380414  0.83300432183302309  0.84344120566771486
  0.85180754919739565  0.85983695012842509  0.86780399987283019  0.87661710093063272
  0.88589194300750285  0.89552668942397862  0.90444473712471163  0.91338735341750243
  0.92265096554514425  0.93367993308604424  0.94606053978098248  0.95745017801631627
  0.96909669993698966  0.98064016037851864  0.99050878836273082  1.00000000000000000
 -0.00228096017422147  0.01156877929552635  0.02406085044851959  0.03515759973584878
  0.04573032694611006  0.05625895048792583  0.06789370480274468  0.08089909881795518
  0.09405268730775257  0.10680012917119877  0.12006104450115893  0.13226415341131562
  0.14450307795576170  0.15851209872040586  0.17301862301307924  0.18805670678525657
  0.20227695301339327  0.21532649995865236  0.22772670750740878  0.24099820055058149
  0.25459398355339852  0.26742048850202144  0.27851042607889931  0.28933123968360497
  0.29974842061000395  0.30991014059185057  0.32068449010765882  0.33123090168109171
  0.34481261925830820  0.35857178049237520  0.37190257342210470  0.38236803317027507
  0.39215744744302855  0.40185029371855502  0.41256805315053174  0.42353873723477958
  0.43320247519463129  0.44305189293207675  0.45430060929480837  0.46694441651543267
  0.47853063779807553  0.48639620856460680  0.49294547870486988  0.49940411930164408
  0.50678078951044947  0.51522156040725420  0.52311547579980833  0.53024391839384399
  0.53744619551925055  0.54611744649306848  0.55528971545639960  0.56443422638271112
  0.57355361432799457  0.58275842336968509  0.59207675090815837  0.60014379979401389
  0.60635616324022357  0.61231515538104231  0.61788936706716258  0.62539048924663843
  0.63591436879755170  0.64660100567786927  0.65690141988889728  0.66618754519005863
  0.67486930376611198  0.68312569411780033  0.69247945162499025  0.70178979410955789
  0.71222358746532877  0.72295559676267884  0.73356977211562835  0.74436800174154671
  0.75561940350094225  0.76575791503442925  0.77515138497351477  0.78422663774151813
  0.79364615304656905  0.80437895957148631  0.81536349133332231  0.82656010476105113
  0.83781895207891910  0.84902756912678523  0.86024828855084012  0.87136752039830911
  0.88255056454080372  0.89345094673697434  0.90370458952022992  0.91472009061863280
  0.92608290955798411  0.93748109826938697  0.94829492450792519  0.95813723548742191
  0.96932108966446417  0.98136659574590990  0.99078305489124829  1.00000000000000000
  0.53850733082938473  0.60395399552592555  0.62313566159941647  0.63374312054314175
  0.64497648373990069  0.65572569019626814  0.66323652029808788  0.67121012137609792
  0.67951653979645976  0.68731089127418887  0.69488375521109402  0.70173452892745225
  0.70844847614153872  0.71638730759160141  0.72455010576586931  0.73155619439691466
  0.73914067972354347  0.74639957098509258  0.75349853855296589  0.75946590952333415
  0.76564294583533787  0.77130040679924261  0.77789652020819655  0.78422259588467391
  0.79060356581803393  0.79642967956799071  0.80191162764488788  0.80730134745343574
  0.81245886166419357  0.81772374713391005  0.82306703324797592  0.82844940762934771
  0.83366918625615860  0.83866049707315771  0.84359552236911250  0.84844705478469262
  0.85322431326956905  0.85791009249998762  0.86216711310213012  0.86645954435289785
  0.87057274082503622  0.87509591916884577  0.87949837088739402  0.88370806776609645
  0.88767029300987377  0.89155669185514996  0.89523334452624259  0.89856400700852856
  0.90171156677039055  0.90494193649787147  0.90835723048924755  0.91179340576766188
  0.91505079481767537  0.91812339257004327  0.92114795916952963  0.92425338694704395
  0.92731421154713212  0.93018405678978600  0.93304389469052784  0.93575332730504646
  0.93822379568304537  0.94050721817603222  0.94265313124425687  0.94482496396738502
  0.94710998200908436  0.94948217959195047  0.95184912822618206  0.95399049854507856
  0.95596637287208697  0.95796047408353979  0.95981536199785977  0.96159708723669279
  0.96341080811409896  0.96521235350354939  0.96690361176323147  0.96854324209405518
  0.97017038813134215  0.97175021083657809  0.97332861127938297  0.97508396514131268
  0.97688000104802153  0.97864958403034941  0.98031349251874345  0.98188817039133669
  0.98339321463241314  0.98479349310092246  0.98605835215334015  0.98733135370357672
  0.98862619409156716  0.98995925298167742  0.99142532279440110  0.99295206187531793
  0.99452830089502520  0.99617517580096770  0.99801699813457190  1.00000000000000000
 -0.00853947888715294  0.13042601265886486  0.15066950270210280  0.16947752931341653
  0.18634003621585840  0.20603933587414380  0.22517395721080630  0.24255557898217706
  0.26222470840844481  0.28208549433555757  0.29834501687933723  0.31147750386078166
  0.32352635839648847  0.33584024527745215  0.34960781497244398  0.36386584326403298
  0.37592423811213382  0.38666313308508332  0.39745220740301429  0.40905175536861338
  0.42041967053000812  0.43082839368450998  0.44110065070054422  0.45154561087590944
  0.46123451359247519  0.47038293745554666  0.47916653859688751  0.48689464487208450
  0.49439383747165533  0.50061028458291124  0.50616681605878922  0.51173656981758042
  0.51749450544437481  0.52549897043254690  0.53379407158717496  0.54205361011772835
  0.54958867178862014  0.55720404963860182  0.56443628623881081  0.57164250177415465
  0.57888507258385502  0.58597566473347029  0.59312658621222536  0.60036797618110460
  0.60704425645828475  0.61267257625161864  0.61791885439526106  0.62305850511400351
  0.62870211396335862  0.63437130484597015  0.64002787757683965  0.64581478532783154
  0.65156405122476757  0.65719610808479945  0.66278110629958342  0.66873403748289517
  0.67547392379055815  0.68269583970620129  0.68953651801964755  0.69535826416975932
  0.70078456297372704  0.70626450067736268  0.71248657234337331  0.72029693033786923
  0.72788215031148817  0.73381264157310788  0.73911202418601119  0.74458144565882811
  0.74986555460317250  0.75470288184438039  0.75943205100194833  0.76434230714749052
  0.76951746534189525  0.77470229382398403  0.77965612398668738  0.78412143120169631
  0.78877312100562358  0.79381434857510047  0.79941777822764637  0.80475019524820368
  0.80969298941990198  0.81482514137997197  0.82067569036381038  0.82714360181575064
  0.83420353380355572  0.84169185505421606  0.84921948351254528  0.85670120487123469
  0.86476744869280597  0.87332513682560287  0.88243664856241877  0.89334301297005259
  0.90660919713714205  0.92477645293715305  0.94814987331578693  1.00000000000000000
   5.9435651602174376E-007  -1.0000000000000000     
 F F F F F F F F F F F F F F F F F F F F F F F F F F F F F F F F F F F F F F F F F F F F F F F F F F F F F F F F F F F F F F F F F F F F F F F F F F F F F F F F F F F F F F F F F F F F F F F F F F F F F F F F F F F F F F F F F F F F F F F F F F F F F F F F F F F F F F F F F F F F F F F F F F F F F F F F F F F F F F F F F F F F F F F F F F F F F F F F F F F F F F F F F F F F F F F F F F F F F F F F F F F F F F F F F F F F F F F F F F F F F F F F F F F F F F F F F F F F F F F F F F F F F F F F F F F F F F F F
  <DiscreteSampler_grid>
  grouped_processes
  1 # 1 for a reference and 2 for a running grid.
  10 # Attribute 'min_bin_probing_points' of the grid.
  1 # Attribute 'grid_mode' of the grid. 1=='default',2=='initialization'
  0.0000000000000000 # Attribute 'small_contrib_threshold' of the grid.
  0.5000000000000000 # Attribute 'damping_power' of the grid.
 # binID   n_entries weight   weight_sqr   abs_weight
    13   10   5.843594400669171E-002   3.205657969302482E-002   5.843594400669171E-002
    14   10   5.843594400669179E-002   3.205657969302491E-002   5.843594400669179E-002
    16   10   1.430433144300135E-002   1.929382429564185E-003   1.430433144300135E-002
    17   10   1.430433144300138E-002   1.929382429564192E-003   1.430433144300138E-002
    22   10   5.843594400669171E-002   3.205657969302482E-002   5.843594400669171E-002
    23   10   5.843594400669179E-002   3.205657969302491E-002   5.843594400669179E-002
    25   10   1.430433144300136E-002   1.929382429564188E-003   1.430433144300136E-002
    26   10   1.430433144300138E-002   1.929382429564192E-003   1.430433144300138E-002
    31   10   5.843594400669168E-002   3.205657969302479E-002   5.843594400669168E-002
    32   10   5.843594400669175E-002   3.205657969302488E-002   5.843594400669175E-002
    34   10   1.430433144300136E-002   1.929382429564187E-003   1.430433144300136E-002
    35   10   1.430433144300136E-002   1.929382429564188E-003   1.430433144300136E-002
  </DiscreteSampler_grid>
