  0.00000011929740561  0.00000013351662317  0.00000014373588524  0.00000015530819770
  0.00000016758072667  0.00000017946272944  0.00000018847203505  0.00000019817077328
  0.00000020895349293  0.00000022149749419  0.00000023524877451  0.00000024917068145
  0.00000026355592823  0.00000027785204543  0.00000029436621962  0.00000031290337856
  0.00000033320634573  0.00000035475576909  0.00000037628275443  0.00000039704283280
  0.00000041847587985  0.00000044094139447  0.00000046461530103  0.00000049270209962
  0.00000052336889444  0.00000055383932360  0.00000058257675465  0.00000061439980779
  0.00000065178360753  0.00000069384845359  0.00000074867760033  0.00000080864966143
  0.00000086708333223  0.00000092532888403  0.00000098240085549  0.00000103734336467
  0.00000109536224832  0.00000115613145553  0.00000122321451774  0.00000130620777804
  0.00000140859084264  0.00000151935093109  0.00000163574641344  0.00000175116359301
  0.00000186143293690  0.00000197178603653  0.00000208711698570  0.00000220649971148
  0.00000233530255061  0.00000248549022394  0.00000265607611022  0.00000281289442231
  0.00000300693537422  0.00000319506121780  0.00000339984525571  0.00000365245318818
  0.00000392763475083  0.00000424690016787  0.00000458006629349  0.00000491741377736
  0.00000531023906653  0.00000575898991468  0.00000626650648294  0.00000687062319282
  0.00000754691200016  0.00000828892302564  0.00000908926227462  0.00000994502253188
  0.00001089223493423  0.00001201697496465  0.00001333805582801  0.00001487639275291
  0.00001668752918806  0.00001868691273533  0.00002101699432534  0.00002360920514042
  0.00002684749527693  0.00003118021046103  0.00003641911421776  0.00004258351221021
  0.00005011415959025  0.00005814965211782  0.00006754578702051  0.00007897859313216
  0.00009362206018461  0.00011115928424182  0.00013611741453514  0.00017440179846985
  0.00022516415850573  0.00029709706123504  0.00041280953128248  0.00061613935457348
  0.00110277279730327  0.00216569655189269  0.10807785201369277  1.00000000000000000
  0.00000157088452403  0.00000167299749580  0.00000172916688715  0.00000176087944035
  0.00000180083901070  0.00000183205983792  0.00000186437034576  0.00000190323132956
  0.00000194281446543  0.00000198281397877  0.00000202069266822  0.00000205946489209
  0.00000211863660127  0.00000216913311479  0.00000221803684315  0.00000226816064539
  0.00000232078459724  0.00000237782638827  0.00000244205851947  0.00000251145551509
  0.00000258787092067  0.00000266617924148  0.00000274192431541  0.00000281448422109
  0.00000288403650957  0.00000295294396342  0.00000303296345091  0.00000312051006562
  0.00000322633444486  0.00000334221659157  0.00000344980556522  0.00000355353130873
  0.00000365604909826  0.00000375765237527  0.00000388122316292  0.00000402510883258
  0.00000417649511788  0.00000434328213428  0.00000450428668319  0.00000466706060204
  0.00000486925556236  0.00000508879383095  0.00000531048975528  0.00000554950523493
  0.00000583762064410  0.00000612934735617  0.00000639675964945  0.00000665881700976
  0.00000692268776595  0.00000718720560728  0.00000752171069652  0.00000792587420858
  0.00000831302470700  0.00000870011083981  0.00000914336548320  0.00000967135874472
  0.00001029644820916  0.00001099178172925  0.00001168575174372  0.00001242389675673
  0.00001324333779202  0.00001415008019910  0.00001519692757508  0.00001617278832814
  0.00001724774898128  0.00001840153888701  0.00001970232945867  0.00002115869059158
  0.00002275682488304  0.00002459659555414  0.00002655544861395  0.00002875396553093
  0.00003128519338061  0.00003447011161321  0.00003820469107297  0.00004251819075343
  0.00004724885718740  0.00005259596200642  0.00005881856840486  0.00006665528780890
  0.00007610137850734  0.00008820481356695  0.00010325740278604  0.00011995384302216
  0.00014118071065442  0.00017071329451090  0.00021153376315814  0.00026044468487726
  0.00032118739106617  0.00039451567494452  0.00052350786535341  0.00077910265927988
  0.00121402445407339  0.00185010895291945  0.04491605871483714  1.00000000000000000
  0.00000159563993342  0.00000164776263165  0.00000168845847079  0.00000172851852159
  0.00000177326670943  0.00000181934389158  0.00000186352867156  0.00000189923993179
  0.00000193261264490  0.00000196526379217  0.00000199864015833  0.00000203365303138
  0.00000206855109506  0.00000210288858595  0.00000214130522722  0.00000218748363758
  0.00000224803268569  0.00000232323869707  0.00000240088680781  0.00000247545500865
  0.00000255431530688  0.00000263920968510  0.00000273454949868  0.00000284022213174
  0.00000292832745040  0.00000302913720102  0.00000313683044405  0.00000324667871269
  0.00000337576971931  0.00000352649469523  0.00000369122316148  0.00000385325890473
  0.00000402158012000  0.00000424116445480  0.00000445921171616  0.00000469534131690
  0.00000494947458525  0.00000522891532641  0.00000552267160920  0.00000582413170042
  0.00000613192923803  0.00000644920835818  0.00000678416266403  0.00000713070446567
  0.00000750310052439  0.00000792905735405  0.00000835206286694  0.00000880834519490
  0.00000931532556168  0.00000981841881323  0.00001030282967127  0.00001093522149559
  0.00001160513486186  0.00001237791540728  0.00001321985653148  0.00001409804050371
  0.00001502383136023  0.00001596164213963  0.00001695852244448  0.00001805341392667
  0.00001921996277143  0.00002049421806406  0.00002191495808388  0.00002355414441405
  0.00002542828520033  0.00002743884823744  0.00002941001693732  0.00003131666104645
  0.00003330028981698  0.00003530045212087  0.00003777360450203  0.00004069042089922
  0.00004429241043862  0.00004863934473586  0.00005340700472190  0.00005843844429253
  0.00006359457552122  0.00006900094086832  0.00007544592548066  0.00008398681951626
  0.00009472004019356  0.00010649886358462  0.00011937896210663  0.00013378812163011
  0.00015087534667140  0.00017300112524287  0.00019477379228302  0.00022092969808375
  0.00025404472281851  0.00031420761458191  0.00041853401602831  0.00058062409450334
  0.00080933940730008  0.00126621216429942  0.01994300413539957  1.00000000000000000
  0.00000124746972321  0.00000137721244181  0.00000145111393094  0.00000156223989448
  0.00000169029700860  0.00000184480715359  0.00000209050558632  0.00000235218343316
  0.00000260186481989  0.00000283898174160  0.00000307070684997  0.00000330699109664
  0.00000355285178193  0.00000379378409667  0.00000410463468527  0.00000441012278112
  0.00000472615249863  0.00000504966889823  0.00000538399472120  0.00000577766935516
  0.00000620797722567  0.00000659023287640  0.00000700256278109  0.00000740474016453
  0.00000790094401629  0.00000842545006144  0.00000897987819969  0.00000962810185644
  0.00001030011927493  0.00001102930602170  0.00001179633577495  0.00001259576965508
  0.00001344032831936  0.00001431618200801  0.00001523839431005  0.00001617981122397
  0.00001725863021344  0.00001847812769010  0.00001972043889840  0.00002099917831349
  0.00002226650618496  0.00002361070417087  0.00002505885223805  0.00002667516620339
  0.00002849904560149  0.00003038430829525  0.00003231228025904  0.00003432192533461
  0.00003642857897836  0.00003887812949049  0.00004138292926693  0.00004404177537720
  0.00004661812511853  0.00004932658460608  0.00005236147215793  0.00005565523554582
  0.00005922636311320  0.00006300006403515  0.00006702135290049  0.00007150242038247
  0.00007664349940340  0.00008188409722737  0.00008808337641105  0.00009504759179326
  0.00010306181532284  0.00011057426890251  0.00011836850096319  0.00012640921350203
  0.00013563888683298  0.00014566671164710  0.00015573257095132  0.00016723422094984
  0.00017691950255697  0.00018730818535019  0.00019935497461496  0.00021280078417907
  0.00022844764251902  0.00024645724300115  0.00026867289788883  0.00029376717481897
  0.00032165729360078  0.00035260019336195  0.00038685404688190  0.00042410559186330
  0.00046273377020896  0.00050906259180354  0.00055946286307353  0.00061287201906622
  0.00066865945083407  0.00074195405598862  0.00082229150517632  0.00091466521758541
  0.00109395057160570  0.00174996662810190  0.06609146090207162  1.00000000000000000
 -0.00241942080125017  0.01126082786763665  0.02326155135980864  0.03483672289358766
  0.04633722951279163  0.05820261864889858  0.06892287890079429  0.07928491815935583
  0.08916761262222180  0.09912815850583363  0.10991762505495245  0.12124315767834705
  0.13201350963071551  0.14092294389483287  0.14960224991922760  0.15828272632476484
  0.16752323702570002  0.17708506419496406  0.18621410243646724  0.19617325048654666
  0.20628827846470105  0.21669369100224697  0.22728536780509370  0.23877437715606362
  0.24972921106211970  0.25999461350389308  0.26854510007077681  0.27609609009975000
  0.28417038191674726  0.29217086159033673  0.30264726467444075  0.31329898745535184
  0.32444242655068639  0.33495233581654993  0.34582670602201410  0.35644271914907166
  0.36751076437129943  0.37863075350919401  0.38981271988211985  0.40145088443279525
  0.41329632826178364  0.42655145792784549  0.44023619132857883  0.45324702566391689
  0.46589354336246563  0.47862657711128170  0.49141822994989104  0.50336162079389923
  0.51471914535895724  0.52584409836332813  0.53682825024238345  0.54721726189106412
  0.55636602133863200  0.56584815551108381  0.57647753980067962  0.58852034531889375
  0.60024915337525986  0.61261657690216931  0.62525422175093515  0.63836528610202425
  0.65087858616413552  0.66191260639010874  0.67255742680702690  0.68342258262282896
  0.69473152618232337  0.70717972886530467  0.72019210615137297  0.73232344978328023
  0.74416218470083872  0.75569116223633603  0.76608762672331332  0.77537143343977899
  0.78402435433273232  0.79243323883398631  0.80171678806191626  0.81220709412957770
  0.82470759976911401  0.83681243112922477  0.84720352492269824  0.85614687006050416
  0.86486168799116303  0.87395981738519934  0.88399504697609321  0.89391039311728182
  0.90340085401159875  0.91231874832966375  0.92100066129827629  0.92923428199211755
  0.93837074327911318  0.94715430686051616  0.95630884346326106  0.96671654662473017
  0.97572503260643839  0.98375555568209971  0.99194504496111047  1.00000000000000000
 -0.00286773684621298  0.00992895232828349  0.02047301058231409  0.03073229123658765
  0.04123236198399546  0.05067434697380493  0.05913571520770292  0.06659843397396881
  0.07401436647651317  0.08202283531979328  0.09125148419825752  0.10133545710004981
  0.11279703840394481  0.12480141331528349  0.13593016170743008  0.14657637900049278
  0.15597793916173444  0.16568012995336948  0.17626067985876451  0.18763886246914538
  0.20035470292513152  0.21303335701622300  0.22558748328728953  0.23755545095149735
  0.24950410806239365  0.26083731566348595  0.27230225955402054  0.28399711276738565
  0.29535756362199367  0.30427694169579067  0.31341852738615622  0.32226520079923704
  0.33187802152616080  0.34352407577227800  0.35488830312909553  0.36660122237690607
  0.37863116417833448  0.38981921524773927  0.39907436612928260  0.40807564041178951
  0.41647810824561299  0.42492502013551553  0.43354467310014405  0.44242433842112239
  0.45236407345215074  0.46324310080635950  0.47500911358137637  0.48751122380083883
  0.49821777954161434  0.50899639376922212  0.52021741368953400  0.53326507856367433
  0.54379048502846283  0.55353426919804982  0.56300501239134237  0.57350626287933548
  0.58347691254915002  0.59190674332249826  0.60010192461418332  0.60888678413788433
  0.61971859563610610  0.63055476049353942  0.64031609705817061  0.65007847593194701
  0.66002162874413328  0.67102180662631428  0.68224227714007735  0.69224219832309331
  0.70275237563564652  0.71305634787717898  0.72445359019540045  0.73552445825363466
  0.74663258024065449  0.75870292689097918  0.77063021135983079  0.78272799303002605
  0.79388317495493677  0.80516858977695782  0.81639726725915407  0.82745677842538856
  0.83731903051451073  0.84653718236613817  0.85576200825548554  0.86590799635978455
  0.87611157186111066  0.88638618924025636  0.89668921268912516  0.90938492026158857
  0.92251852101599086  0.93563866066668155  0.94729689437715903  0.95818334672354533
  0.96854164295605671  0.97855331604362272  0.98931306223262416  1.00000000000000000
 -0.00259794239488838  0.00923130660741108  0.01941940367252848  0.02920727035664741
  0.03916194757278084  0.04860743351081696  0.05882061433979898  0.06934029257394776
  0.07980239243193331  0.09084530253804725  0.10237112806316902  0.11276659797544046
  0.12262447941803920  0.13242824492309219  0.14349440282988263  0.15486537147624901
  0.16633143201435319  0.17747151948836620  0.18862529790503874  0.19987055513528068
  0.21078120951716339  0.22150086694304749  0.23251456065415466  0.24356826226519360
  0.25442417636346326  0.26487791956737816  0.27548748383622257  0.28660032389678070
  0.29770728571428606  0.30930107091247772  0.32142876446773949  0.33433416411723627
  0.34614299466095977  0.35738818574743059  0.36833602791107078  0.38162821934590141
  0.39274545511077946  0.40319140329771491  0.41298235711639830  0.42280391243329396
  0.43362604909515895  0.44417879700775004  0.45456327764866966  0.46439964393201422
  0.47489521087048742  0.48462883687795155  0.49407857255533300  0.50367884755712722
  0.51372172370038638  0.52379139634402672  0.53388640947151333  0.54462513168330651
  0.55684898233415547  0.56865922311883133  0.58014684386339743  0.59061861055559295
  0.60112929416879157  0.61138644845992940  0.62196978874904041  0.63223216031721696
  0.64134906144063364  0.65063575897518766  0.65953638593511676  0.66840005620984566
  0.67815272715664809  0.68936553655714183  0.70133918630873859  0.71341542788046042
  0.72532409323007496  0.73532121878811163  0.74554696154984446  0.75606816377430708
  0.76759574390777208  0.77987785507127660  0.79282828916470061  0.80540028035967748
  0.81696128097537024  0.82740203870211404  0.83769705510002856  0.84779389793830062
  0.85874825249759168  0.86894503532077838  0.87927803444777197  0.88971605191938563
  0.89960089494327922  0.90937677234768588  0.91936544610367876  0.92896243189340766
  0.93779280496043360  0.94599171556552686  0.95463108791587192  0.96477812320557321
  0.97520786131328052  0.98474348938878731  0.99265816170821364  1.00000000000000000
 -0.00004706564351944  0.00003076666704902  0.00010859897761748  0.00023377006584103
  0.00036366574381695  0.00047400472057498  0.00058133305645978  0.00064305253799171
  0.00070358969036699  0.00076074239894844  0.00081888616366974  0.00087878207305401
  0.00093942103927069  0.00100066657113978  0.00107508644485860  0.00115573068757056
  0.00124479439167211  0.00132968802058533  0.00141247192590257  0.00149726994037552
  0.00158441758983733  0.00167610551466143  0.00177059500859191  0.00186639458096451
  0.00196553639262422  0.00206164626831484  0.00215336093725484  0.00225456332590829
  0.00236127109855709  0.00247219162206430  0.00259871534288837  0.00273907946284506
  0.00288259437416400  0.00301555784638897  0.00314460128961798  0.00326456115588652
  0.00337769117352098  0.00350061403956643  0.00362716826217035  0.00375778905699770
  0.00393650475787044  0.00412326902516088  0.00427524481259151  0.00440590210460763
  0.00450667786868666  0.00460726802260010  0.00470493460523083  0.00480260118786156
  0.00492472032107327  0.00505766656269645  0.00525641212083268  0.00544735514463181
  0.00563302197109929  0.00581791802428088  0.00600003174783661  0.00618335114192284
  0.00639778147545680  0.00660727750287002  0.00679585876236283  0.00699091155036619
  0.00721439890342173  0.00740467732327940  0.00760453093281927  0.00784715428822470
  0.00814450006052021  0.00840735278391918  0.00872183023181681  0.00907380347929441
  0.00941999214003487  0.00978713931681458  0.01023429207885903  0.01092447870459183
  0.01137383951667121  0.01176432613017753  0.01224041595504569  0.01298854653417301
  0.01392260849020877  0.01442756022050887  0.01487274613056967  0.01550424862606741
  0.01595511873858154  0.01638076229251578  0.01677556244719441  0.01735204761467652
  0.01787280062094985  0.01849871000459276  0.01906174728318050  0.01956740255567320
  0.01990655934359289  0.02032638228413290  0.02072626157466874  0.02110092293108187
  0.02539280025655046  0.02759226762231911  0.46852183564035493  1.00000000000000000
 -0.00302941433314418  0.01480256678005048  0.02848963345775277  0.03929122222919727
  0.05011844196951788  0.05971162416441952  0.06974999771836730  0.07795133665271067
  0.08649765969227859  0.09558822677214600  0.10483184224262160  0.11486220663040110
  0.12536931852207794  0.13684244263997467  0.14874648226713860  0.15928944319442567
  0.16959499202964826  0.18028510011589804  0.19121834067841653  0.20083076546701842
  0.21073979490931305  0.22129055285678167  0.23207881797875701  0.24264548761451107
  0.25290344918171220  0.26330252216147415  0.27374293577791414  0.28372858553561514
  0.29349572457344342  0.30324199156255793  0.31367452570080911  0.32506541977138143
  0.33689329346901709  0.34657055730924524  0.35519370755862667  0.36271449638879838
  0.37155073035615066  0.38107314163378453  0.39090188691273531  0.40163585876594604
  0.41022811450127455  0.41853479401002058  0.42591322257341518  0.43438900130819985
  0.44366000429368929  0.45389461106485324  0.46399954522015563  0.47418255705158091
  0.48442469735144122  0.49570486029158906  0.50787771815454885  0.51956182756092184
  0.53165340421630625  0.54390125861176486  0.55645950666455934  0.56793198392805744
  0.57940108949509594  0.59046566908064391  0.60201814344918603  0.61432958124292303
  0.62678504386353040  0.63892899629824640  0.65048575806417452  0.66115344685621114
  0.67138781896472033  0.68176053978587292  0.69213063356973015  0.70230670233543702
  0.71208294089107449  0.72246001413814176  0.73319220974677124  0.74357913241432594
  0.75338511550221021  0.76280712370307657  0.77233877623135827  0.78325506963830405
  0.79359672936448511  0.80392471546529354  0.81377963181835833  0.82357181849011074
  0.83429772790625978  0.84508807895541505  0.85623468190395602  0.86771527176685403
  0.87992172921257983  0.89220590812200762  0.90326351197591148  0.91233675129977210
  0.92081349075066177  0.92952679632872526  0.94005794653455210  0.95185489396950118
  0.96397903910569582  0.97579334880306368  0.98798542006701540  1.00000000000000000
 -0.00003088297195650 -0.00001743720355974 -0.00000399143516298  0.00000945433323378
  0.00005796571778029  0.00011181744893203  0.00016566918008377  0.00022580850903072
  0.00028628842578544  0.00034926698418296  0.00041689969146911  0.00048373572508214
  0.00051941478007032  0.00055509383505850  0.00058818481706599  0.00062133685322295
  0.00065637246701218  0.00068773100999868  0.00071097839512341  0.00073422578024813
  0.00075773002443215  0.00078137546932421  0.00080502528496119  0.00082885656341532
  0.00085268784186946  0.00088061060622441  0.00091413262074817  0.00094761964532676
  0.00098108058416182  0.00102305947633065  0.00106834748572979  0.00111885989046305
  0.00117043958615915  0.00122302969736417  0.00127543649490738  0.00132743379406282
  0.00137999153751097  0.00143302112010177  0.00149133405940018  0.00155144713991192
  0.00161342497472995  0.00167988884473025  0.00174687077851349  0.00180673924968905
  0.00186597384470513  0.00192473117989498  0.00198175861836349  0.00204008988362502
  0.00211066147280732  0.00218364183544888  0.00225917512899052  0.00234520342125962
  0.00242897261336708  0.00251757291808616  0.00261516735736792  0.00268190180083795
  0.00274863624430798  0.00281737130777263  0.00288638380820795  0.00295039667178982
  0.00301329552406488  0.00309121973247173  0.00317891050513758  0.00326287656051443
  0.00336463995362476  0.00346154594020447  0.00353377904317801  0.00360822784559212
  0.00368445131524597  0.00376271090190292  0.00384205087736887  0.00397609321909017
  0.00449763532995998  0.00463039749907097  0.00476834065734077  0.00489636087996898
  0.00502136330976015  0.00515102377880553  0.00528419066403113  0.00541764287370052
  0.00560609649783543  0.00581232503976982  0.00754771255173094  0.00796133109737249
  0.00914069906107771  0.00946109866795176  0.00976625011716565  0.01006602304637597
  0.01056113961544191  0.01230647495111444  0.01265858985576903  0.01285361097428774
  0.01305415175321442  0.02437460810853735  0.42119670710978774  1.00000000000000000
 -0.00236967357208131  0.01095869637837526  0.02275029995579039  0.03428034493110506
  0.04614643174137227  0.05812962396966739  0.06974045671881807  0.08071371681474165
  0.09178849857806498  0.10355511614449929  0.11668623669108447  0.13050866436948202
  0.14438057704181997  0.15786280058887422  0.17077983278499231  0.18220191633871893
  0.19173310359068510  0.20012438608188865  0.20845726471746348  0.21808848849040272
  0.22821025251897820  0.23853004166156566  0.24896722415544362  0.25923361426091396
  0.26866540736262551  0.27740749602808379  0.28629172319949980  0.29634306363404433
  0.30688043593587011  0.31674382179525262  0.32609441552555934  0.33438965286825117
  0.34289233455483992  0.35173284512872288  0.36098888744564978  0.37022484336078743
  0.37890260350492810  0.38728525215416343  0.39611761207041418  0.40625263951846019
  0.41783932351951641  0.42994096129051274  0.44152750295830179  0.45204649741281749
  0.46256622932389835  0.47316814098721643  0.48356906686558820  0.49329973951972383
  0.50298496599368492  0.51249190390017885  0.52230488108792517  0.53239456252583262
  0.54215017094924756  0.55162301396529212  0.56135304543816900  0.57186414328967028
  0.58350643762964838  0.59554754944666510  0.60694414397243046  0.61803680671355643
  0.62873663767545507  0.63924212402179670  0.65097786026086435  0.66269360755351803
  0.67330042669700496  0.68243435210795766  0.69178486791899241  0.70273565347057920
  0.71461310916029785  0.72417191912736278  0.73266800541505483  0.74100145276338547
  0.75013261067032055  0.76053129878408010  0.77137464199925820  0.78210381746926916
  0.79212523339115637  0.80157936073449543  0.81135552098522357  0.82198024673857761
  0.83447060308364662  0.84604460600475784  0.85711868643239675  0.86741951368903081
  0.87809883051341719  0.88822263343048991  0.89823649041090037  0.90916490518419202
  0.92072521838640820  0.93203288995566003  0.94361531597277271  0.95457311765685626
  0.96622924002739741  0.97679973050414826  0.98874699129029475  1.00000000000000000
  0.47770513452052893  0.48991459718140129  0.52497675211506245  0.56474817693978840
  0.57783789281995690  0.58804723903030365  0.59587040536684011  0.60588530579112154
  0.62311834165881719  0.63104111429359655  0.63809166273057694  0.64532566698844507
  0.65235921197474134  0.65900017075204331  0.66584223436620393  0.67314610371000116
  0.67988994959324645  0.68603839128202804  0.69285658975759812  0.70010855015951579
  0.70737478328558945  0.71462018541859118  0.72165795840193281  0.72813512368203803
  0.73428777052281202  0.74007646925721260  0.74599262800304389  0.75205380637613894
  0.75817174518892261  0.76412171518446026  0.76968041837900547  0.77507099411577529
  0.78059005906459400  0.78603852723400724  0.79115775103566166  0.79588892651086596
  0.80044408441641079  0.80523531557007910  0.81039948889475732  0.81539377294478632
  0.81983576778304190  0.82378749319484978  0.82778049261079378  0.83169766557048752
  0.83574623109842205  0.83951792477603671  0.84348979033144933  0.84737338580494204
  0.85098605144556339  0.85447741376375819  0.85821882751806666  0.86208128980988619
  0.86572866684461258  0.86929142666698289  0.87286509340086582  0.87653097574221417
  0.88031810125366605  0.88405586137141556  0.88766567724568501  0.89119616391183787
  0.89453181713058327  0.89769669203241809  0.90078368365978989  0.90388194171364711
  0.90700585148223700  0.91040040880582973  0.91366619977937069  0.91691864677204038
  0.92013590144985580  0.92326708350902842  0.92635693619395354  0.92945178741852652
  0.93253905441833451  0.93576204485827819  0.93891867003624219  0.94218309858549421
  0.94529897291264475  0.94838663445744287  0.95141074270322157  0.95428309653042953
  0.95702446993077750  0.95969982044608604  0.96224406472543877  0.96467678027185644
  0.96707757870227218  0.96956114000130955  0.97196139209681554  0.97439596906724679
  0.97688370165742278  0.97959258298966079  0.98247980598415896  0.98556562539250137
  0.98883791325512105  0.99227104593916182  0.99596277417556589  1.00000000000000000
  0.00817045912304898  0.13983401805984783  0.16455226042842042  0.18363107009100829
  0.19899986309654979  0.21095293026549608  0.22229042761765036  0.23329492973938890
  0.24529556501267419  0.25566384973830764  0.26477718500564007  0.27334120751848195
  0.28204307731099243  0.29118416181684720  0.29925110807273347  0.30653762879311253
  0.31312877198575900  0.31990981766570464  0.32719853045140956  0.33485386111727999
  0.34295931877246122  0.34950196148939433  0.35502173502536732  0.36017032327187021
  0.36507959217897568  0.37088060543683493  0.37737268994576678  0.38338622127196953
  0.38957283211368143  0.39566338859176919  0.40132307735618361  0.40677031778745237
  0.41191249001983365  0.41689445305764378  0.42203132856318687  0.42701265335632194
  0.43225427812243755  0.43783280471351455  0.44356547227363075  0.44943893257880946
  0.45511903257697095  0.46064215704712824  0.46602402760470385  0.47134058088713343
  0.47675041697515419  0.48212449680721675  0.48762436114704699  0.49325861295568352
  0.49839515230102249  0.50298389007041466  0.50742490061868772  0.51229091133873439
  0.51815367058638440  0.52422223198397477  0.53016224282442714  0.53590836946281117
  0.54168512647758116  0.54744865227551320  0.55299140281861969  0.55851654782705418
  0.56416303698877102  0.57029406398651561  0.57630252761730338  0.58168937043866820
  0.58660118847596410  0.59176486475879864  0.59713709172641638  0.60308407468803482
  0.61003562402985023  0.61744868114789586  0.62454450664679151  0.63174491386309573
  0.63915506448946313  0.64634017663742238  0.65334705785276770  0.66070183784929681
  0.66819365341133041  0.67634334370730953  0.68470639912510811  0.69276576504732801
  0.70103128145337579  0.70971239418609400  0.71851764700748300  0.72742866261220052
  0.73657511054535485  0.74662367309492073  0.75708305979640256  0.76795531156684271
  0.77974279603446672  0.79259344745708693  0.80662134965536558  0.82177618899531291
  0.83813152993480255  0.85650188347274658  0.88707792834232535  1.00000000000000000
   2.1579103593487292E-005  -1.0000000000000000     
 F F F F F F F F F F F F F F F F F F F F F F F F F F F F F F F F F F F F F F F F F F F F F F F F F F F F F F F F F F F F F F F F F F F F F F F F F F F F F F F F F F F F F F F F F F F F F F F F F F F F F F F F F F F F F F F F F F F F F F F F F F F F F F F F F F F F F F F F F F F F F F F F F F F F F F F F F F F F F F F F F F F F F F F F F F F F F F F F F F F F F F F F F F F F F F F F F F F F F F F F F F F F F F F F F F F F F F F F F F F F F F F F F F F F F F F F F F F F F F F F F F F F F F F F F F F F F F F F
  <DiscreteSampler_grid>
  grouped_processes
  1 # 1 for a reference and 2 for a running grid.
  10 # Attribute 'min_bin_probing_points' of the grid.
  1 # Attribute 'grid_mode' of the grid. 1=='default',2=='initialization'
  0.0000000000000000 # Attribute 'small_contrib_threshold' of the grid.
  0.5000000000000000 # Attribute 'damping_power' of the grid.
 # binID   n_entries weight   weight_sqr   abs_weight
    13   10   1.130606588216434E+000   4.505645445791038E+000   1.130606588216434E+000
    16   10   3.015683591654787E-001   3.318815684786372E-001   3.015683591654787E-001
    22   10   9.319040639068902E-001   2.829419240348239E+000   9.319040639068902E-001
    25   10   2.073941754297802E-001   1.395876174544125E-001   2.073941754297802E-001
  </DiscreteSampler_grid>
