  0.00000137047598085  0.00000144131923656  0.00000149394108518  0.00000154459254763
  0.00000159931452053  0.00000165222042971  0.00000170829920485  0.00000176659952904
  0.00000182654272771  0.00000188625501643  0.00000194778711390  0.00000201735573651
  0.00000208195499650  0.00000214841363205  0.00000222145459750  0.00000230030292157
  0.00000238194983243  0.00000246810439315  0.00000256325387600  0.00000266696314163
  0.00000277273433097  0.00000288357255554  0.00000299730814883  0.00000311362935563
  0.00000321380314244  0.00000331840885607  0.00000342379531429  0.00000354303231683
  0.00000367812633432  0.00000382266830140  0.00000397109836038  0.00000412261825418
  0.00000427905619030  0.00000443290408002  0.00000458751227829  0.00000475318807732
  0.00000495348445728  0.00000516484645578  0.00000539391283803  0.00000564286819754
  0.00000590030718495  0.00000615027536910  0.00000638147320087  0.00000665795040267
  0.00000695798105089  0.00000727875937920  0.00000762823574451  0.00000796090828119
  0.00000827300727597  0.00000859077586249  0.00000892618231756  0.00000927961330372
  0.00000966250758943  0.00001011274862835  0.00001067840176607  0.00001130294054297
  0.00001195194142418  0.00001272074969956  0.00001351684985953  0.00001438869414898
  0.00001532579438365  0.00001635092650860  0.00001749611982689  0.00001876716777789
  0.00002016419199855  0.00002169707339893  0.00002344279752645  0.00002538299001761
  0.00002754290538819  0.00002969458589336  0.00003212773388927  0.00003488418039873
  0.00003827231936275  0.00004249328385703  0.00004735515415856  0.00005262504827319
  0.00005868701091599  0.00006509058680867  0.00007237105235383  0.00008157172594650
  0.00009391538995281  0.00011005703078670  0.00012958343292467  0.00015233475620400
  0.00018410273282876  0.00022423959102934  0.00026424388375055  0.00030769052641566
  0.00036756226502813  0.00048610385978769  0.00068611771975735  0.00101871442888862
  0.00176851608926994  0.00359109311870847  0.03163538625474625  1.00000000000000000
 -0.00295449083331614  0.01504610232260561  0.02912035001201899  0.04210637725915156
  0.05440329045199686  0.06695447622720417  0.07979153143362704  0.09258328868344451
  0.10530320195807452  0.11679066114132679  0.12866643457289725  0.13975588337119979
  0.15018836418139220  0.16014643362543129  0.17087409045437466  0.18206603256912438
  0.19349738670053884  0.20535295709274004  0.21745441113203942  0.22885891138335809
  0.23946577552812862  0.25023107702090913  0.26148036454570517  0.27347682747174790
  0.28552400560050856  0.29734196324187245  0.30884883947897895  0.32005144340344016
  0.33028525116083213  0.34010032401212220  0.35022670783423532  0.36119943580937536
  0.37276733229620990  0.38371864142398365  0.39429522766353481  0.40412814241570516
  0.41401127676924043  0.42496993563650681  0.43642550978636252  0.44722370617348983
  0.45749991502074949  0.46755927680970094  0.47788028627731161  0.48806646202025766
  0.49807142592054926  0.50827670139085557  0.51796826450717026  0.52967738629922634
  0.54230735825571463  0.55387585199202172  0.56427164609283786  0.57375432968665629
  0.58385813172782286  0.59449939200240387  0.60518156657818478  0.61543937079359456
  0.62555890731455388  0.63583206064402786  0.64593123624857529  0.65569911116798030
  0.66544620035966451  0.67582470751129808  0.68630678560260860  0.69674797319760873
  0.70731774649972834  0.71753086810722588  0.72635648444012602  0.73404735511972707
  0.74166521168889821  0.74922209232235915  0.75800368192461509  0.76722083681404207
  0.77793315761783011  0.78886629120183116  0.79969674719679562  0.81025726424443223
  0.82091186498121582  0.83143515736570939  0.84202652770367448  0.85212443025163798
  0.86188164791490673  0.87169792072698238  0.88213182986271865  0.89315516097082015
  0.90350219945285748  0.91366633131501152  0.92372486238512364  0.93387246473396690
  0.94362457656725052  0.95334762360526226  0.96267292413248362  0.97152234481899291
  0.98000174751631652  0.98750488108774126  0.99408605566855623  1.00000000000000000
  0.00000177787878126  0.00000201673673747  0.00000210785148035  0.00000219980217374
  0.00000226783601000  0.00000233724990024  0.00000240826668293  0.00000248191982902
  0.00000263167030253  0.00000278214825490  0.00000294112612273  0.00000310696748109
  0.00000327011147368  0.00000344751784952  0.00000363676826764  0.00000383488099985
  0.00000403749581202  0.00000423771573226  0.00000444116729383  0.00000465479978742
  0.00000490558509780  0.00000518482096267  0.00000545534101504  0.00000572761635882
  0.00000600553393292  0.00000628539820808  0.00000665163500985  0.00000700849211147
  0.00000736710507051  0.00000776154445886  0.00000818137330559  0.00000862536083611
  0.00000913700525075  0.00000968390632010  0.00001025031902173  0.00001086387641310
  0.00001152626189488  0.00001226387647457  0.00001302734365020  0.00001379424100284
  0.00001457056547721  0.00001534759039813  0.00001613205795405  0.00001697142168843
  0.00001786633872358  0.00001878446858628  0.00001978708584508  0.00002093561757897
  0.00002213133063888  0.00002341433411210  0.00002488740098176  0.00002645427076543
  0.00002815037005234  0.00002994666206763  0.00003183971591466  0.00003388580689380
  0.00003610379386079  0.00003853212250036  0.00004115634429594  0.00004397053018719
  0.00004689413040928  0.00004998477902435  0.00005342513241040  0.00005749579706530
  0.00006224785530940  0.00006763923269585  0.00007363451071687  0.00008061147390500
  0.00008884019867127  0.00009686101451551  0.00010552602290571  0.00011559350145314
  0.00012876214259602  0.00014625138835758  0.00016672852537482  0.00018630210286212
  0.00020480517069097  0.00022450049488053  0.00024720135899472  0.00027352389347393
  0.00030560536922565  0.00034754167981806  0.00041541075287693  0.00050186152815867
  0.00061365369152040  0.00075971744997284  0.00090814212350271  0.00107041651364198
  0.00129335316971151  0.00157076896412361  0.00191745716253795  0.00251778965644795
  0.00352528628350796  0.00488073609046610  0.06208395622355200  1.00000000000000000
  0.00000179816195616  0.00000330133913408  0.00000407843067125  0.00000484136843658
  0.00000570206718089  0.00000648360977092  0.00000718779345935  0.00000792169668065
  0.00000872802775117  0.00000959377417621  0.00001051730960802  0.00001163983723644
  0.00001294489394824  0.00001435972889953  0.00001592132374493  0.00001756019485700
  0.00001938919022135  0.00002141032064744  0.00002352797575736  0.00002590828946742
  0.00002859742832985  0.00003149793201317  0.00003486315790918  0.00003841656162316
  0.00004244180015778  0.00004718414514512  0.00005216589964452  0.00005768698634448
  0.00006400616352792  0.00007072390373896  0.00007793484677929  0.00008574865046669
  0.00009412459352401  0.00010251421438204  0.00011157704087395  0.00012059336384263
  0.00013066487910229  0.00014085123032576  0.00015166260916212  0.00016376242225336
  0.00017891981139421  0.00019489763533705  0.00021234098038347  0.00023128640094274
  0.00025057390451919  0.00026950899970204  0.00028832997282594  0.00030746184759388
  0.00032735388477596  0.00034925544685115  0.00037419641018823  0.00039946831302957
  0.00042792821942581  0.00045567509974743  0.00048485284118384  0.00051755025055773
  0.00055162325869664  0.00058302909713100  0.00061668422929557  0.00065260686958373
  0.00069163065463392  0.00073439713397180  0.00077853754980485  0.00082226452106202
  0.00086684896335813  0.00091254640834654  0.00095908852650327  0.00101317441695320
  0.00106613940035755  0.00112388924164274  0.00119220276263215  0.00126804578300600
  0.00135353252914517  0.00145081286859075  0.00157143668386209  0.00171648029931958
  0.00189046376660381  0.00207117033966906  0.00222908419946653  0.00237151762956385
  0.00249495140836834  0.00262305305062452  0.00280224647899601  0.00298143990736749
  0.00323907246022182  0.00351685896170590  0.00432638016216585  0.00466770490580818
  0.00489910116980545  0.00514287714450029  0.00544187959537523  0.00579363418143918
  0.00970002268766175  0.01189742178495211  0.01973920469280481  1.00000000000000000
 -0.00219771906281015  0.00608049820559207  0.01405001174520538  0.02178300900517099
  0.02943962665967295  0.03720659697519124  0.04510199142814468  0.05301188679036143
  0.06254567989254176  0.07255020525471431  0.08184140433484596  0.09051160445430077
  0.09858664014161850  0.10630564963533397  0.11391331444503619  0.12148669573984583
  0.12983496974750966  0.13850586488872721  0.14742066622375796  0.15677229311094842
  0.16664005045437247  0.17692717108459521  0.18714125449420496  0.19760299934499626
  0.20760267690088938  0.21656294570230350  0.22528358289362452  0.23477378858433798
  0.24555738258890070  0.25852281128966453  0.27185173422541486  0.28554418258411307
  0.29861328144222060  0.31177696135330352  0.32496540965592036  0.33813347113979958
  0.35063885045043802  0.36123859067143432  0.37169722158368551  0.38300886621057112
  0.39559837456741354  0.40869339650875564  0.42262066797691794  0.43692023614021669
  0.45059048410372343  0.46376088140688848  0.47671282132286885  0.48825209935880692
  0.49940262169674743  0.51199408193578977  0.52490224015734765  0.53722519854638595
  0.55045837461710811  0.56359679317529077  0.57689591435783083  0.59091920088629957
  0.60672792242725160  0.61995177910782517  0.63180129455543099  0.64321753575278451
  0.65532718137727519  0.66809554920741165  0.68066614230365685  0.69271435443889362
  0.70441143363762293  0.71489771657124457  0.72544715072911159  0.73605100913325683
  0.74735722831454976  0.75826939398846616  0.76863215369068727  0.77810240458243285
  0.78736444177380882  0.79690140193602932  0.80653321037156689  0.81601787650669788
  0.82503426349561859  0.83386963108003886  0.84333221770139977  0.85382653263450137
  0.86486038286837319  0.87640674382809114  0.88716647443741181  0.89678001045251110
  0.90605441368210593  0.91593893249652392  0.92670372466164996  0.93676778128691240
  0.94557198881638183  0.95326623571752955  0.96009457992303759  0.96694558391697760
  0.97387887393322403  0.98213914402730829  0.99095853294831826  1.00000000000000000
 -0.00220853928808735  0.01206842411551349  0.02424642286363974  0.03570021790539004
  0.04677307118841154  0.05704270788344126  0.06848236431908471  0.08058770175916720
  0.09176041113636905  0.10226521290961052  0.11262453489381559  0.12308141882754811
  0.13356876189332459  0.14328975799893393  0.15232763107250130  0.16125679156749348
  0.17024525282638622  0.17984386551421155  0.18976968690092186  0.20000847060660071
  0.21034203371051871  0.22055135186219740  0.23014241939287530  0.23987313275622243
  0.24980522956334483  0.26030896036247086  0.27074320352218895  0.28074889061487773
  0.29065272005630427  0.30025781725745315  0.31084331721608777  0.32219601640979201
  0.33396440176890885  0.34535799360231645  0.35649789937879939  0.36713136432196769
  0.37758225083074043  0.38809093172682657  0.39868529999527391  0.40773249741581347
  0.41630219903482579  0.42536056848388037  0.43571060067478901  0.44758908738829251
  0.45924709796450897  0.47162268941688296  0.48298195574468494  0.49349571366197220
  0.50358680818323187  0.51348217119229012  0.52435546212582929  0.53541480052072721
  0.54580251130613422  0.55539552920051671  0.56535655336322332  0.57512271954018956
  0.58514432089402069  0.59501989635351615  0.60520867850867655  0.61566668471541097
  0.62647348173636419  0.63739090570992163  0.64825163944368536  0.65886802376879849
  0.66945888185306446  0.68033224534095638  0.69107135022468380  0.70159022821602601
  0.71210660276778870  0.72288382846837995  0.73469251355417509  0.74765116340828741
  0.76067213990446614  0.77361020445632633  0.78516385905359254  0.79637011704711980
  0.80729322466085141  0.81874218843114488  0.83099220299894905  0.84256755449502763
  0.85279083919441989  0.86240485920953758  0.87246927128915797  0.88330495530163122
  0.89462626343139406  0.90635412274446725  0.91700976371718335  0.92679207381232620
  0.93589169724714205  0.94507996536336636  0.95454167745157836  0.96367675327065028
  0.97225397236903843  0.98071507313995288  0.99011354449602429  1.00000000000000000
 -0.00241841563982574  0.00732816367527461  0.01605040228001915  0.02465403566522771
  0.03368442135015493  0.04308839619904822  0.05319053695593755  0.06361065189400282
  0.07417386241198110  0.08541477735714663  0.09810087329101719  0.11113024068537906
  0.12425471620729514  0.13688059764915872  0.14919864723327661  0.16121332542467559
  0.17329535101685081  0.18516025401683839  0.19635076970654847  0.20709471395377010
  0.21659453833322201  0.22540667402663828  0.23441681389332786  0.24483399642748682
  0.25614516836112561  0.26724970144525728  0.27900092078587435  0.29034861148645030
  0.30128737489226387  0.31224992179046096  0.32320086435649492  0.33398758635232129
  0.34412080503622072  0.35404351685678048  0.36341153182121211  0.37308003030042336
  0.38511017062692288  0.39845470972642433  0.41153984717960412  0.42392717241368894
  0.43516958718094639  0.44611381674546147  0.45667632073659387  0.46732527925459788
  0.47827365109267178  0.48993685148522997  0.50208924677512423  0.51329246759000635
  0.52462511733734862  0.53587268056608683  0.54729060010513209  0.55830769587187701
  0.56910901011120019  0.57957995655913963  0.58992146415309155  0.60021096253169026
  0.61041067938156224  0.62070019444376112  0.63130436446492599  0.64243010364644715
  0.65400217576260145  0.66585052566201874  0.67832931757307136  0.69051330324313975
  0.70162019329681269  0.71205411303536892  0.72271263991698831  0.73396793549488071
  0.74534979573986515  0.75643643793640147  0.76718068243305726  0.77766391366365917
  0.78760806283134377  0.79660561454141154  0.80539578963802283  0.81526594053103818
  0.82515286667394783  0.83421517039512316  0.84246716524863841  0.85087233242505322
  0.86043963651243782  0.87082404401848623  0.88089755508364120  0.89014865285967915
  0.89868880795467765  0.90688722199950655  0.91537154900941065  0.92444452192985771
  0.93407512815375526  0.94322614410606442  0.95273513867542003  0.96220119169399332
  0.97200882353722429  0.98142188204226777  0.99098715117222702  1.00000000000000000
 -0.00281474741171637  0.01136368585236226  0.02380259869878755  0.03590895950540932
  0.04663030525937638  0.05635042641943300  0.06417110634651262  0.07270438592011086
  0.08119716541792255  0.09063596482286825  0.10120548154193128  0.11129455507359579
  0.12172071553055835  0.13183140701578297  0.14289815552059715  0.15430422947064260
  0.16606708363361122  0.17735527071004481  0.18854894500563987  0.19991170823383786
  0.21130399889163373  0.22250293854757758  0.23380137590943856  0.24584552695472636
  0.25852558387815250  0.27167931421246055  0.28476727542140134  0.29647450676579329
  0.30641183636768082  0.31617518049592280  0.32607445431667437  0.33595920085363346
  0.34546812350863559  0.35483347384205632  0.36521615046395600  0.37579555113443580
  0.38599493158045473  0.39512720307729587  0.40429268389653300  0.41351370087221861
  0.42333309549830367  0.43363271806266207  0.44490636156739100  0.45747328494788492
  0.47050400577259449  0.48311583049652185  0.49497164379978986  0.50620813547528087
  0.51663023259042262  0.52659888884823491  0.53686657480333577  0.54793046612425889
  0.55903493748309030  0.56904686678643046  0.57861852759075005  0.58838411802844570
  0.59800773651123440  0.60778888640445083  0.61775164283121742  0.62769934329006272
  0.63806996632497393  0.64879406323857292  0.65998545453107949  0.67049631571056534
  0.68015491923950333  0.68992196569378517  0.70014730296446426  0.71013164972282461
  0.71946914208391199  0.72806495775044300  0.73673865631000912  0.74576445029311178
  0.75815471149479063  0.77338130276071615  0.78652152279524812  0.79865856949323089
  0.80942476162233967  0.81895754247339392  0.82835293844895130  0.83813802604394350
  0.84864253081547869  0.85967631640149944  0.87100678050730862  0.88178691194805403
  0.89197425647968098  0.90226527946757451  0.91163839006079528  0.92019430916235634
  0.92848442840899559  0.93727371625594014  0.94852211093882499  0.96003439252127387
  0.97114660184578339  0.98128554503355703  0.99085254373760923  1.00000000000000000
 -0.00264714361814142  0.00841525407022345  0.01886654001758626  0.03101417348439899
  0.04408668911098080  0.05618954965642906  0.06617236144814492  0.07500395698895905
  0.08435012995737169  0.09506028725283194  0.10654901043000593  0.11752853770136726
  0.12818322106828561  0.13964012589207100  0.15115027418478660  0.16149349514307720
  0.17138974847165214  0.18155171997762062  0.19301445548452245  0.20354598501058407
  0.21425388147628166  0.22498696959255152  0.23539789609200071  0.24600618631886964
  0.25720000695321216  0.26791487124056190  0.27828295887647148  0.28843103132310466
  0.29900390021887996  0.31003809128329940  0.32153650606069906  0.33293996393928527
  0.34410448642908981  0.35544329199588398  0.36692531542242229  0.37884048260354075
  0.39057190119760288  0.40261459573211472  0.41437144552969246  0.42477259076367174
  0.43429002946404854  0.44368576033380708  0.45335405916732352  0.46334549424393595
  0.47297167600686085  0.48394646512395284  0.49572442824885521  0.50759163466079615
  0.51852414682688452  0.52867633110921131  0.53890727902233337  0.55000289639231892
  0.56066757659616417  0.57035301206679045  0.57894269924301445  0.58889047273459860
  0.59909848760473083  0.60925174239356839  0.61830078132368771  0.62636887257915697
  0.63515145962670505  0.64421078771992824  0.65470694370188753  0.66554811572178640
  0.67578484775069925  0.68557166789240409  0.69536162376537425  0.70547857029623273
  0.71653029617431363  0.72782895191587660  0.73942724818110095  0.75066717111846804
  0.76116191160617674  0.77156643212571974  0.78241618389567658  0.79338211106704215
  0.80428631101220882  0.81521073299860181  0.82538749856742299  0.83439260721816977
  0.84296407656871597  0.85198804207295720  0.86171696965946754  0.87138422813503447
  0.88113313812443950  0.89082626830470713  0.90041211945280930  0.91011824039013089
  0.92012452310286341  0.93026037043707610  0.94021972952115851  0.95066443191945826
  0.96152807820479458  0.97358677639885371  0.98619371174807458  1.00000000000000000
 -0.00008791209456217  0.00012471825160455  0.00040576287348971  0.00067736181605684
  0.00082938852268537  0.00097534743109914  0.00112063203828634  0.00126607231493291
  0.00140008617899796  0.00153324556273062  0.00166673107496751  0.00179809158570736
  0.00192815665043661  0.00206451806853581  0.00220232089298262  0.00234211525111989
  0.00246987359602871  0.00259372566769807  0.00270085245724423  0.00280799021568586
  0.00291991747406117  0.00303184473243648  0.00315274774481621  0.00327717115628059
  0.00342519636579000  0.00357714297678881  0.00373246167461680  0.00390518980026110
  0.00408193589357363  0.00426113089038914  0.00443199858758854  0.00460791367734998
  0.00479025409396522  0.00499597473273983  0.00519872086097856  0.00539044057427987
  0.00558331363669943  0.00576979852890991  0.00595497914774722  0.00617257633904373
  0.00633314626393266  0.00647267640123757  0.00659550040822201  0.00672573343718486
  0.00685941052312863  0.00701218211876846  0.00723024364912388  0.00755945256281681
  0.00789836915513353  0.00817912611509249  0.00843376398529037  0.00867475343173297
  0.00895132613369687  0.00926321339541038  0.00957674641402624  0.00990643888008963
  0.01029441021042045  0.01054635644113307  0.01080907154612343  0.01107200381550519
  0.01128997394165921  0.01149953608438237  0.01170985894008121  0.01195235245659762
  0.01240630921453372  0.01342033371841142  0.01354336598063380  0.01364888867519945
  0.01374535120390680  0.01383322659170428  0.01391475446550604  0.01399687401880475
  0.01408260322528948  0.01424807686657498  0.01438046903331250  0.01447717080586564
  0.01457653814808142  0.01473224001339925  0.01490808671428600  0.01513623648519367
  0.01577284145245499  0.01631944401405045  0.01710188675961150  0.01769813136173582
  0.01824399471118296  0.01887640826617557  0.01990208533587438  0.02079751598219384
  0.02158397955983444  0.02284752014450828  0.02536608888902972  0.02692268561315838
  0.02949526661457199  0.03732787865509193  0.11455086178809337  1.00000000000000000
 -0.00237839927409041  0.00880016694379263  0.01889895176123216  0.02929832895973252
  0.04045413823719776  0.05208351003982951  0.06415658664582743  0.07685006657390250
  0.08941675993951960  0.10142176285444859  0.11316372353218299  0.12502425735756836
  0.13620325340217293  0.14697927545605260  0.15955592374289129  0.17136702036363732
  0.18372964054048674  0.19510428832316559  0.20636821048988938  0.21802791213231842
  0.23020477185953953  0.24200245050072747  0.25282520394386476  0.26352895678732469
  0.27410649735992815  0.28498950596831518  0.29606831326493405  0.30639285005153394
  0.31606535477989739  0.32534095781198197  0.33539976892962936  0.34607888930790570
  0.35688817657881150  0.36719604027880309  0.37713274667662783  0.38681987391980899
  0.39617789616057125  0.40532928731636353  0.41432410877481496  0.42344012883949045
  0.43235143000468207  0.44032455361894390  0.44835080920430082  0.45589674270386338
  0.46391543453864192  0.47308660958858395  0.48329921512084439  0.49434198458438350
  0.50483312439814021  0.51420598577602972  0.52324645008063264  0.53301495930557186
  0.54273831770739400  0.55170954336340516  0.56015855466281061  0.56838725960080116
  0.57713813127605096  0.58646449217830188  0.59608680183462281  0.60566116423368732
  0.61498607368736646  0.62537730980551276  0.63592536616250706  0.64619195879434022
  0.65626790636840837  0.66699380325246316  0.67842728084688664  0.69026106424654032
  0.70209479274407283  0.71338464760454146  0.72342737537405388  0.73314432506839278
  0.74337843818787064  0.75392485418150779  0.76370038000991081  0.77381560936793292
  0.78419547111584931  0.79441332539196896  0.80460515259675736  0.81570780663743880
  0.82725701327775170  0.83847739252306575  0.84942130649089320  0.86092416864795740
  0.87331246834025833  0.88618063423085425  0.89843715224082732  0.90905349240754085
  0.91917572220209676  0.92889028870389523  0.93978689087175615  0.95123466147973368
  0.96365033275045553  0.97604329140947310  0.98821252411725857  1.00000000000000000
  0.34510911855709581  0.76113339999702312  0.76776312712878392  0.77215083515630256
  0.77739040851499985  0.78412376899916603  0.79019250512239936  0.79548785551035150
  0.80007507970445246  0.80471900604192304  0.80930199365209854  0.81363002783692184
  0.81744848508767598  0.82101298006146850  0.82472920102654157  0.82846190497184269
  0.83223728502586691  0.83549379618092245  0.83826937090703868  0.84107046786128925
  0.84394156274362475  0.84669192932674175  0.84939356728433357  0.85206985278468061
  0.85495607651958749  0.85771619153426848  0.86042556663641190  0.86293595094571607
  0.86550180455354431  0.86823973276002542  0.87123903723908125  0.87389475089974911
  0.87633928545046824  0.87868472814428988  0.88106541379147252  0.88327486066884553
  0.88548726758117735  0.88774020696941958  0.88996368206035104  0.89238171759413376
  0.89485793527785551  0.89744295212480274  0.89989224964986370  0.90218745718786220
  0.90440898085204491  0.90667517296647460  0.90902075497459467  0.91138371272884833
  0.91367159773244155  0.91586066480789130  0.91805105855303881  0.92017153307896504
  0.92237332338617206  0.92462417921930351  0.92684484859938587  0.92888506389121916
  0.93087997872350592  0.93282968495974339  0.93485829927937647  0.93699526630500707
  0.93901990520885481  0.94086373583030192  0.94260697789853143  0.94429078905692554
  0.94586616736062945  0.94751594499745639  0.94919316260161479  0.95072888713741832
  0.95231360602668047  0.95397297651603874  0.95568031459559333  0.95732604456826864
  0.95890245636241500  0.96044340998336231  0.96202173852047257  0.96367127573872302
  0.96536521201085002  0.96705358779140216  0.96873886570824941  0.97049310404102529
  0.97228070783124532  0.97403017132583158  0.97580507779335590  0.97761879329942192
  0.97943752733297218  0.98126613060320966  0.98302615483193234  0.98475207714029989
  0.98649749544007614  0.98828656613498722  0.99011452257678834  0.99199802016632499
  0.99388897906957185  0.99586675111152245  0.99795417013016219  1.00000000000000000
  0.00273127083821830  0.15449750087810166  0.17668247702274745  0.19850468136663410
  0.21846803314075949  0.23538653526025080  0.25052171223718933  0.26389283993902762
  0.27688341622767221  0.29023525141931539  0.30522263957780504  0.31919489654799432
  0.33139019410759912  0.34251880526880529  0.35371969901328687  0.36542719664588669
  0.37675398907255980  0.38691313287079898  0.39660203160068241  0.40606256608850233
  0.41553650532981318  0.42458842872241559  0.43301979095494053  0.44136369193468689
  0.45007271354299960  0.45915361746855993  0.46766999699030054  0.47536957629570403
  0.48251906565738678  0.48946741232323149  0.49683352612971138  0.50393252356790164
  0.51080518204466974  0.51766920615113521  0.52476900208763200  0.53197858551069455
  0.53904556778500445  0.54646863719690930  0.55431246005946044  0.56207431157115606
  0.56962849269845539  0.57713446864163132  0.58389214425564184  0.59018660140721990
  0.59631184949320737  0.60238360992273876  0.60875447891201229  0.61506854508846109
  0.62176340292482557  0.62767750772029562  0.63380429348578304  0.63986967061274680
  0.64600685869079966  0.65236550764542289  0.65876830161816369  0.66501203530177389
  0.67104691938306527  0.67687543063926814  0.68273494274220825  0.68841319141298629
  0.69396661462363407  0.69974130847623706  0.70531403328445719  0.71108258582351935
  0.71650019801138043  0.72165270862605624  0.72696713473785013  0.73236142088747114
  0.73786037706570118  0.74349147901283830  0.74921858312167389  0.75465098740854586
  0.75981391609737470  0.76478241240303035  0.76975143140291635  0.77489693232046730
  0.78041309649178126  0.78639153627098879  0.79217784591585216  0.79737353465910743
  0.80181783070700596  0.80649628702070597  0.81125139495644483  0.81663546785774410
  0.82315547810711442  0.82967727875586816  0.83661720337256296  0.84502372175042573
  0.85357945850863937  0.86293108309066524  0.87280740558324688  0.88428431681128450
  0.89604094650869848  0.90998497819841906  0.93438252684572176  1.00000000000000000
   1.3735219134113922E-005  -1.0000000000000000     
 F F F F F F F F F F F F F F F F F F F F F F F F F F F F F F F F F F F F F F F F F F F F F F F F F F F F F F F F F F F F F F F F F F F F F F F F F F F F F F F F F F F F F F F F F F F F F F F F F F F F F F F F F F F F F F F F F F F F F F F F F F F F F F F F F F F F F F F F F F F F F F F F F F F F F F F F F F F F F F F F F F F F F F F F F F F F F F F F F F F F F F F F F F F F F F F F F F F F F F F F F F F F F F F F F F F F F F F F F F F F F F F F F F F F F F F F F F F F F F F F F F F F F F F F F F F F F F F F
  <DiscreteSampler_grid>
  grouped_processes
  1 # 1 for a reference and 2 for a running grid.
  10 # Attribute 'min_bin_probing_points' of the grid.
  1 # Attribute 'grid_mode' of the grid. 1=='default',2=='initialization'
  0.0000000000000000 # Attribute 'small_contrib_threshold' of the grid.
  0.5000000000000000 # Attribute 'damping_power' of the grid.
 # binID   n_entries weight   weight_sqr   abs_weight
    13   10   5.373349822089840E+001   1.242803782989469E+004   5.373349822089840E+001
    14   10   5.373349822089832E+001   1.242803782989465E+004   5.373349822089832E+001
    16   10   7.087160663951668E+001   2.172819493236169E+004   7.087160663951668E+001
    17   10   7.087160663951656E+001   2.172819493236161E+004   7.087160663951656E+001
    22   10   5.373349822089840E+001   1.242803782989469E+004   5.373349822089840E+001
    23   10   5.373349822089830E+001   1.242803782989464E+004   5.373349822089830E+001
    25   10   7.087160663951667E+001   2.172819493236168E+004   7.087160663951667E+001
    26   10   7.087160663951656E+001   2.172819493236161E+004   7.087160663951656E+001
    31   10   5.373349822089841E+001   1.242803782989469E+004   5.373349822089841E+001
    32   10   5.373349822089831E+001   1.242803782989465E+004   5.373349822089831E+001
    34   10   7.087160663951667E+001   2.172819493236167E+004   7.087160663951667E+001
    35   10   7.087160663951656E+001   2.172819493236161E+004   7.087160663951656E+001
  </DiscreteSampler_grid>
