  0.00000143531692223  0.00000149971316702  0.00000155370576249  0.00000162102740116
  0.00000169363071491  0.00000177516392280  0.00000185433476270  0.00000194191008104
  0.00000203033631761  0.00000212560595547  0.00000223036304999  0.00000234011757300
  0.00000245059024081  0.00000256280960567  0.00000267835173128  0.00000279977789666
  0.00000293100936375  0.00000307544544750  0.00000322985375920  0.00000338743722411
  0.00000355147695215  0.00000372600148680  0.00000390350041802  0.00000410582333561
  0.00000431790651345  0.00000453153562946  0.00000474752323465  0.00000496553992612
  0.00000517803972265  0.00000538698628354  0.00000560510439604  0.00000583534066762
  0.00000608508529979  0.00000636259377553  0.00000664547243072  0.00000692950853663
  0.00000721181353621  0.00000752653331753  0.00000788183449202  0.00000825761261297
  0.00000865497017609  0.00000909115154737  0.00000958277435230  0.00001009648070679
  0.00001061552575242  0.00001113478155862  0.00001167898206541  0.00001229982759770
  0.00001299283748268  0.00001365997732797  0.00001434623175522  0.00001508222468829
  0.00001590538048418  0.00001682726072354  0.00001781471916766  0.00001886178970807
  0.00001998496736178  0.00002120492694095  0.00002253740989148  0.00002407490742413
  0.00002567148790139  0.00002731169234385  0.00002897985363757  0.00003070848348542
  0.00003233769494939  0.00003405401890160  0.00003593884018305  0.00003813311769153
  0.00004111050516685  0.00004423571340340  0.00004788872740777  0.00005208462033424
  0.00005721442656819  0.00006304527643502  0.00006893288799816  0.00007529374215309
  0.00008202814959829  0.00008978449856881  0.00009881424002417  0.00010952116039230
  0.00012094706143704  0.00013439151703319  0.00015048875753331  0.00017204248632002
  0.00019812350009613  0.00022852654748400  0.00026375892248232  0.00031343620711261
  0.00038893367804037  0.00049364210465658  0.00064029845618034  0.00096935424109178
  0.00141358702675672  0.00245987977521341  0.34487217817167815  1.00000000000000000
 -0.00374514838868887  0.01583621948906398  0.02982873037155014  0.04232864948847546
  0.05511210982013490  0.06740199755317468  0.07913056991671294  0.08994003484420068
  0.10050440407919627  0.11100312324619746  0.12080512022819848  0.13125372300061716
  0.14116356198842908  0.15155286083596289  0.16277006923803117  0.17532453789129279
  0.18788913352410500  0.19907541440611914  0.20950668047620352  0.21990290877413077
  0.23064861757686736  0.24088818962570388  0.25062508303210812  0.25951923520452519
  0.26879934088774837  0.27870483432564874  0.28754732273074157  0.29780659471509258
  0.30936561295984738  0.32044854139631851  0.33167833593197915  0.34282715213389447
  0.35382204718237709  0.36348243175909140  0.37137671659007726  0.38032296133624360
  0.38967174649278291  0.39909289115607122  0.40878950621732474  0.41822033096887856
  0.42811404729908320  0.43839686065647337  0.44931637211937064  0.46097810340827805
  0.47395869606824931  0.48633720140120884  0.49804902155440689  0.50894110444531426
  0.51858598654171262  0.52774942106161526  0.53737803957797725  0.54709278073431533
  0.55716534842030818  0.56685476250734723  0.57603448091714438  0.58539637735130090
  0.59536926535789969  0.60569352750270611  0.61579966204457637  0.62580739444377831
  0.63665638306290351  0.64813293967730401  0.65908895074708318  0.66994976654008287
  0.68138252833136048  0.69250820697396753  0.70270580001007343  0.71231715634766224
  0.72263759971982766  0.73361284736777066  0.74564280634947122  0.75832511712383821
  0.77127300097854690  0.78368422185735476  0.79508741733251631  0.80541101040528584
  0.81547614677935276  0.82580870777002280  0.83686620568287939  0.84865859363176210
  0.85973852406473739  0.86950105530123234  0.87865781906978835  0.88796824810323738
  0.89791980379679948  0.90877730722893602  0.91981142795411130  0.92988992764723244
  0.93891966320413989  0.94688756953802178  0.95505777046444851  0.96354033613014589
  0.97285722790909579  0.98194778491295176  0.99098876358577459  1.00000000000000000
  0.00000545465542313  0.00010039762678902  0.00012053556165007  0.00013951886381130
  0.00015826516336804  0.00017679283635388  0.00019582547060782  0.00021410419948020
  0.00023161815466729  0.00024925584821054  0.00026711348928413  0.00028466972255326
  0.00030207931302233  0.00031997144868989  0.00033881032668368  0.00035809041759003
  0.00037735075140556  0.00039713574851855  0.00041606982044819  0.00043577797251726
  0.00045626506108755  0.00047571185621889  0.00049440510287040  0.00051416326594016
  0.00053598243708243  0.00055944806729141  0.00058418209209789  0.00061041167295316
  0.00063629072857420  0.00066443228049039  0.00069420608096109  0.00072441077857692
  0.00075469204030035  0.00078263750656462  0.00080947378562280  0.00083608579307279
  0.00086363169317698  0.00089286555199274  0.00092448094406225  0.00095897391476257
  0.00099602299960897  0.00103393937279905  0.00107303891961530  0.00111365250593432
  0.00115494540303971  0.00120145141730543  0.00125425513809706  0.00131087651304815
  0.00136673422310760  0.00142216171109629  0.00147276438542283  0.00152221862984106
  0.00157319483377318  0.00162681069768075  0.00168305194791184  0.00173923450351597
  0.00179879552607458  0.00186630153792077  0.00192929527452269  0.00200077666705865
  0.00207860059252228  0.00216369016303613  0.00226516349721349  0.00236557028311898
  0.00245245984351759  0.00254546052434127  0.00263739693769505  0.00273802915585538
  0.00284667173631690  0.00296526446827704  0.00309734493678690  0.00322439007394343
  0.00333655902306988  0.00345360632597802  0.00356704790739868  0.00366899509038105
  0.00378042931582106  0.00393388144010237  0.00415434289628768  0.00438864009327760
  0.00461425306412247  0.00484661217112752  0.00511694842052624  0.00540272953186033
  0.00570364801780997  0.00599563964820224  0.00631403883816554  0.00660148831835900
  0.00683109811493091  0.00705046046582037  0.00723796647206190  0.00741242452328899
  0.00787659538460418  0.00867475916246464  0.42309511794485621  1.00000000000000000
  0.00000142373150691  0.00000173650363481  0.00000192076038388  0.00000211618913046
  0.00000230754994699  0.00000253660810225  0.00000274758240554  0.00000297168817531
  0.00000320652671283  0.00000346163314985  0.00000371667790021  0.00000396813933353
  0.00000421746234267  0.00000447624312995  0.00000475355212853  0.00000505154380961
  0.00000536623131698  0.00000570275044737  0.00000606740979299  0.00000644725965796
  0.00000684912527100  0.00000725170132865  0.00000766972624067  0.00000810031243932
  0.00000854664136725  0.00000902307340165  0.00000951007318295  0.00000999956414307
  0.00001052726066792  0.00001111101050678  0.00001173486390684  0.00001241220667213
  0.00001312488510352  0.00001383801584120  0.00001453931304722  0.00001527591219288
  0.00001603271361870  0.00001679825943652  0.00001757279479886  0.00001836667334367
  0.00001919474881442  0.00002007775481632  0.00002103335628969  0.00002203291897111
  0.00002312297073166  0.00002432616868794  0.00002561095122318  0.00002698390474132
  0.00002843576625345  0.00002986626025663  0.00003129189830845  0.00003285158303209
  0.00003444116709957  0.00003633025602691  0.00003821464991154  0.00004001745079824
  0.00004196783641831  0.00004412509486410  0.00004656144779421  0.00004938823888393
  0.00005247421927616  0.00005588933460734  0.00005984536010685  0.00006446505241428
  0.00007006267782054  0.00007609207162201  0.00008178021815499  0.00008733905787058
  0.00009329229000523  0.00010000399767712  0.00010791854627531  0.00011709836659180
  0.00012736106038264  0.00013856976415693  0.00015195894850958  0.00016672440448953
  0.00018110708984320  0.00019476924158401  0.00021185464607882  0.00023178153230343
  0.00026110553895691  0.00030132334280021  0.00034649176323231  0.00039772222990844
  0.00045287840645803  0.00052301905970555  0.00060244611436074  0.00070272636627156
  0.00084405038504022  0.00105834714855223  0.00133793085049504  0.00175250260066257
  0.00247898679367211  0.00350180713786592  0.23051125854363047  1.00000000000000000
 -0.00247105800630950  0.00941998008482359  0.01840035531450629  0.02687441199539856
  0.03469269265842990  0.04290536465316660  0.05133999590843041  0.06052933077492957
  0.07033861882443040  0.08061984028098983  0.09032231199479319  0.09933439071901168
  0.10839351774470236  0.11800599676650761  0.12774035799774824  0.13714020961512272
  0.14644919715349153  0.15591156005034276  0.16595111689021863  0.17657647478643565
  0.18726667147647982  0.19636296936639280  0.20490270044785688  0.21408485332963884
  0.22374820990643593  0.23484218332454571  0.24480381124356582  0.25510184007120074
  0.26642090642424482  0.27883028303561180  0.29146273653973265  0.30349328207986376
  0.31468150276012924  0.32514730118450941  0.33633080642548152  0.34776471397506381
  0.35999745264119426  0.37140531610663163  0.38229346305969691  0.39280124922711018
  0.40346472473721567  0.41505500227298925  0.42653226627165625  0.43725246240002269
  0.44757971169048710  0.45843384889948291  0.47006296215100385  0.48181735552374838
  0.49367272864017803  0.50520907101839374  0.51624034876633873  0.52688540238884352
  0.53755163530875483  0.54774810320423439  0.55772341393831548  0.56875125597545573
  0.58133987075956284  0.59433610573013473  0.60644187039675013  0.61739456251082536
  0.62801075237767112  0.63901518779262656  0.65094093566655620  0.66321220690625182
  0.67371144739550914  0.68397181910851901  0.69422580080944185  0.70479360384888445
  0.71533873293357864  0.72556260635409020  0.73577398420867834  0.74705383699451944
  0.75810955606940367  0.76984657870049011  0.78121888540090023  0.79342439838784840
  0.80585119824909401  0.81876347681791350  0.83011294566824134  0.83918078085286141
  0.84813217595339385  0.85656052162652685  0.86524839117829644  0.87570973786827588
  0.88613625957070974  0.89662414550731195  0.90739047275062512  0.91794543997936839
  0.92804365950194456  0.93814018508602448  0.94823471917970337  0.95822744527252457
  0.96776172908152114  0.97782448296715541  0.98832636567383414  1.00000000000000000
 -0.00272251878728796  0.00986050562588088  0.02027760346479951  0.03115053195782146
  0.04217607471416672  0.05298928593428950  0.06391218481705771  0.07558852236585845
  0.08788127535559499  0.10053823598413873  0.11344480179092348  0.12648042668216686
  0.13990192779689092  0.15226496502098918  0.16521364059992255  0.17774948407527250
  0.18910756721525240  0.19890263082322981  0.20833631676221376  0.21818791000324217
  0.22859424861877253  0.23950489900458194  0.25061031206270912  0.26213037031145836
  0.27380554040726557  0.28488015815063533  0.29505587513494563  0.30495296183091958
  0.31505680625831661  0.32502466945253766  0.33384209354903327  0.34140683002418593
  0.34913887200915655  0.35728286035545403  0.36614886592529960  0.37509941212713094
  0.38365792627119444  0.39246946513692538  0.40158710865477565  0.41057279171743327
  0.41931956755313415  0.42849067059561796  0.43846043287908454  0.44849343751296866
  0.45901135603087201  0.47002585477914111  0.48197323998217173  0.49365685918936303
  0.50438705246271343  0.51444556438069822  0.52530393246558726  0.53692491248855256
  0.54943737663869008  0.56161171535740784  0.57345566731667030  0.58452966700345343
  0.59532643777955996  0.60613911380270857  0.61766426472989588  0.62901743286168643
  0.63880076674101294  0.64789182557369873  0.65808446245797791  0.66988851227490531
  0.68278030740305284  0.69489524068899688  0.70617595554191503  0.71680617287126325
  0.72732574981732190  0.73788128926270002  0.74857296268750395  0.75943951440195079
  0.77040226356428632  0.78140435020568089  0.79250178672463556  0.80382360427120414
  0.81412943861673037  0.82358927220303046  0.83304691909500195  0.84295376527305532
  0.85338944504897296  0.86380088860193638  0.87492187168539115  0.88649224132241811
  0.89826470934878622  0.90976893925903746  0.92104028420308581  0.93126059510915127
  0.93904732779577627  0.94602995946315438  0.95288167059770301  0.96035158683919375
  0.96851706626117895  0.97946212535145272  0.98959979206082915  1.00000000000000000
 -0.00106635778420772  0.00572142065754882  0.01275085347771888  0.01999011927860367
  0.02985462974992818  0.04032658030833052  0.05160877918404572  0.06314800594022285
  0.07528314812313484  0.08739684052037451  0.09839073569595931  0.10983306498501981
  0.12212848535511271  0.13560822954989785  0.14743432794486377  0.15965567291482782
  0.17242524965216471  0.18583408284621408  0.19672406383490848  0.20695355703637422
  0.21766405078910525  0.22809954882250447  0.23873287085814532  0.24937813605040057
  0.26070270753606073  0.27175015276342102  0.28381113406534542  0.29604249200614113
  0.30477699456418234  0.31293205621891357  0.32072935460095076  0.32961556861161256
  0.34068687240106454  0.35206158585485975  0.36261214269371445  0.37281079548157320
  0.38334138751660118  0.39406275969675236  0.40360652843086997  0.41215700364319718
  0.42138930870809760  0.43114064539501096  0.44169554889393442  0.45283652817730874
  0.46440083972853913  0.47570252100168647  0.48659270350586575  0.49753550227072618
  0.50901324662261738  0.52120577809168622  0.53284199445113012  0.54506603268601506
  0.55741511038969671  0.56900066024640872  0.58022587768589162  0.59125695480632845
  0.60239687003362463  0.61386410311454354  0.62534281786156520  0.63671957344070029
  0.64731148553414464  0.65685186738410428  0.66624497253737791  0.67635605502610097
  0.68727570886957401  0.69929766963751971  0.71115332299914658  0.72193701889914030
  0.73249112513799886  0.74365746354060347  0.75487715264390687  0.76523156464169262
  0.77419478182013768  0.78278929780253270  0.79238383427192083  0.80253915644982488
  0.81272435499982265  0.82245045169532305  0.83143262871584911  0.83996543664237311
  0.84864259325915847  0.85863153427003480  0.86988194577825362  0.88073189732044299
  0.89124974984706851  0.90122675796548435  0.91093229389555885  0.92041410426991166
  0.92932111823414532  0.93771850317169148  0.94630319363561755  0.95534549628363841
  0.96627506914501249  0.97734113307451664  0.98865758193317943  1.00000000000000000
 -0.00189133146744811  0.00860735663129711  0.01870341468564692  0.03008579537022019
  0.04115648901350173  0.05137982765354736  0.06128885121925394  0.07210975996252092
  0.08391535834437047  0.09558402470668333  0.10655242236292156  0.11728901720970658
  0.12884075850951676  0.14216525270201186  0.15418263609794172  0.16523449209956223
  0.17516274700243156  0.18489115623684846  0.19448488126265376  0.20306452439594050
  0.21303445968741508  0.22326736039890577  0.23427090348072996  0.24502665358443199
  0.25488833312847520  0.26501571940274071  0.27558595554296828  0.28629260409520302
  0.29743235685563840  0.30870553168253034  0.31951820777563245  0.32978712984196235
  0.33960742061107152  0.34920397677169940  0.35891651428629728  0.36854191195894748
  0.37839554973566053  0.38877186145486081  0.39948980042462229  0.41015419449849344
  0.42100257907741212  0.43241010375779226  0.44461962420122092  0.45726976446212547
  0.46942397750049419  0.48100280441648990  0.49187258401394057  0.50265108226742328
  0.51395702468351401  0.52575060355318970  0.53658667912490032  0.54741594752299272
  0.55901406245586738  0.57087338383484543  0.58297064455433512  0.59385660587326294
  0.60453685520372547  0.61556997921489853  0.62544262432582398  0.63390317612138392
  0.64212475793915602  0.65086001124543202  0.66036740426837515  0.67020706323673163
  0.67987352193647099  0.68934785176449942  0.69888408524888213  0.70862181727414941
  0.71847573182666213  0.72825203082773193  0.73885941044875547  0.74980309591492900
  0.76145109831873736  0.77322822409514846  0.78442878072164002  0.79464833289721615
  0.80451118673733790  0.81449241991993060  0.82515615781761287  0.83539109551130142
  0.84610674316921342  0.85710243373536577  0.86721582593517554  0.87551296945781210
  0.88367231180685502  0.89195322764543272  0.90014985006545445  0.91262425996821639
  0.92474046573498736  0.93653836250017930  0.94754330973238210  0.95868662676696736
  0.96949480570247804  0.98007277703788653  0.98996053148556418  1.00000000000000000
 -0.00402488326264436  0.01531344662072245  0.03112194165066046  0.04663929177844704
  0.06109043910531450  0.07520173759595834  0.08858466056226459  0.10086124333897890
  0.11364409514061828  0.12697749446135942  0.13846377607716656  0.14929178429993675
  0.16117861345448878  0.17492980974324912  0.18950497523977686  0.20367226434367633
  0.21673031776072493  0.23018508503476526  0.24389389480978665  0.25688860359550764
  0.26967747443530726  0.28212628675543072  0.29287161337761242  0.30348259346840906
  0.31329982459989736  0.32418291695475454  0.33573335351336869  0.34715920792430421
  0.35838652220485434  0.37024999924092250  0.38253141804578239  0.39463033294131800
  0.40561326220442379  0.41656818791049582  0.42742830721173530  0.43861836091987488
  0.45000712978953505  0.46174238043304783  0.47220561305024228  0.48177569744807675
  0.49153659237817443  0.50168971949882180  0.51218787490562878  0.52286568960394819
  0.53356192367990218  0.54488190839618789  0.55627116461490678  0.56793114085397189
  0.57954799735764406  0.59016274200456309  0.60057949459192372  0.61095118121466385
  0.62225643299924538  0.63415776129892087  0.64614512368965027  0.65803405029722595
  0.66974976345206971  0.68150508598090387  0.69269783299272747  0.70344902159546019
  0.71445315978537582  0.72595487378608736  0.73748581685944414  0.74741228506732371
  0.75646771170986993  0.76548305066692990  0.77472151301664638  0.78488176889215111
  0.79499946449172310  0.80525252983065398  0.81602955768908481  0.82562936110746632
  0.83493530618326961  0.84400416141072743  0.85305602256504465  0.86207133228203159
  0.87100256950773813  0.87923674949984021  0.88617497760667330  0.89290856622193793
  0.89937268706762341  0.90559160961045548  0.91310697253052742  0.92157197560302484
  0.92957623449563720  0.93751499895746460  0.94507467046551241  0.95263651842515507
  0.95951030618111899  0.96572745258050785  0.97207322942094709  0.97834913553784619
  0.98442319917700793  0.99001552500496359  0.99482230649384817  1.00000000000000000
 -0.00261406434129857  0.00962182357500271  0.02093818461576295  0.03337281185841976
  0.04562541369018307  0.05691176879367860  0.06704213060181077  0.07668987969678309
  0.08674255605433392  0.09757234542694131  0.10849030818115551  0.11964029518285184
  0.13078073474560498  0.14254934266117686  0.15487181468312344  0.16718898190603829
  0.17954782987991708  0.19231246946711103  0.20515555578870306  0.21713903750557970
  0.22792676177875881  0.23787813846180844  0.24839919807096331  0.25953769343655331
  0.27034433660963586  0.28020396686237681  0.28949580082869009  0.29936403133067252
  0.31003121986324461  0.32079551392121447  0.33099626459538850  0.34161252898109085
  0.35303106882746366  0.36548778893480682  0.37718546789436619  0.38710192445195829
  0.39716673160591814  0.40718542285901138  0.41659676252809152  0.42684366495654125
  0.43787075378431572  0.44847735244412268  0.45802194091533421  0.46669993384890351
  0.47559014406603090  0.48602638134878040  0.49626128636760158  0.50632653807936834
  0.51624562956819464  0.52606598835498752  0.53559064631947106  0.54486069993597464
  0.55448642292633232  0.56482263997470317  0.57567416553639261  0.58681789244432869
  0.59720302881092269  0.60701339495277851  0.61705584869865748  0.62791421535111613
  0.63924398173195507  0.65017608577294916  0.66076546747143672  0.67179013124724307
  0.68317224563936951  0.69384537851693662  0.70371906530820749  0.71428468281046442
  0.72592847914334968  0.73763753945135990  0.74842149967069083  0.75897560888929516
  0.77055367731447710  0.78313088020976718  0.79551677274095689  0.80689170366180474
  0.81660932663714014  0.82419657551059144  0.83057802838555828  0.83735434560685995
  0.84403619594086154  0.85318460143257868  0.86428880892787430  0.87513303227332817
  0.88618804367037618  0.89708470210102187  0.90787935273578502  0.91836668215117800
  0.92871981089040678  0.93896382828489877  0.94892025375822453  0.95840316194082587
  0.96743035230733498  0.97714161030598012  0.98734325193149197  1.00000000000000000
 -0.00239083064343249  0.00936531665471450  0.01995036155456942  0.03028725852707028
  0.04047774071526192  0.04986745246928125  0.05935286978393785  0.07038738528988710
  0.08248857659790060  0.09395240537751177  0.10404959681234244  0.11383036570162736
  0.12367730188163130  0.13500239488242230  0.14690931246909744  0.15828805034836882
  0.17024972721863973  0.18129275110180026  0.19318281945860782  0.20409258621193641
  0.21604975684578201  0.22871461194393389  0.24251493385835871  0.25482471230234210
  0.26559475006364835  0.27576977264531266  0.28504705118996237  0.29437659683654888
  0.30391960788987304  0.31299287785999480  0.32333083207878766  0.33322919553744262
  0.34400915097528129  0.35423046420054971  0.36406600415285684  0.37460018305144627
  0.38589722243208630  0.39760232152871738  0.40827124156099981  0.41772682490452367
  0.42640331128900338  0.43580251243771440  0.44567631655028672  0.45459073139038420
  0.46326258829832184  0.47155592093013310  0.48071863519170943  0.49130557584987145
  0.50208057541736595  0.51210589301621778  0.52215058352599331  0.53174088470582748
  0.54153283135751717  0.55112903789885692  0.56165104766858354  0.57300368411835612
  0.58530963532837110  0.59622429305465829  0.60774636501811552  0.61971327223763384
  0.63315798329914053  0.64588044552983825  0.65788253451113587  0.66868246987009750
  0.67904605029312359  0.68937395997732775  0.70021350483893052  0.71088657679098777
  0.72107803554800187  0.73136204291478957  0.74211078347992365  0.75296385082268902
  0.76331031256754878  0.77324618053656979  0.78323048357679304  0.79364456899148506
  0.80494563556373366  0.81523822306299409  0.82401960696390464  0.83303306332064797
  0.84150016258104399  0.85110049062418280  0.86136353850232261  0.87193683652651832
  0.88290740496949105  0.89355665020680641  0.90381454996245891  0.91439149395088515
  0.92618285965689129  0.93787115074720806  0.94901832032588074  0.95988646290971980
  0.97071321898411167  0.98053951941130513  0.99035648366656670  1.00000000000000000
  0.19276857766521127  0.67812794060095538  0.75625584949326186  0.76679582879670805
  0.77356971918205264  0.77939098300008380  0.78468819064787554  0.78923280273961549
  0.79357736329716400  0.79887495223227301  0.80443462007399880  0.80924426979122810
  0.81326991792108150  0.81713329460361273  0.82126406866016433  0.82566119868053067
  0.83019435782130790  0.83419000076716299  0.83799889199554822  0.84172716346190146
  0.84539869375920773  0.84888310215459084  0.85206015408713986  0.85501233920745490
  0.85794414800818386  0.86086993110923571  0.86376127657589075  0.86660067930767359
  0.86938138220082684  0.87203172970225784  0.87466838171872119  0.87737685680215116
  0.88020608151432211  0.88302167076080973  0.88573770144655517  0.88834658920124820
  0.89079778563481582  0.89314589347231388  0.89554014644949820  0.89789451669115039
  0.90016411236467508  0.90234775124334643  0.90448409060899748  0.90664439716910683
  0.90876460301180040  0.91085593226266759  0.91290115130502725  0.91495800383757120
  0.91701481431215848  0.91906928504716923  0.92103983617287277  0.92294978555512019
  0.92485804830843343  0.92678615279076648  0.92874050619949078  0.93066424117048741
  0.93248230326732429  0.93418998764030625  0.93585886521982609  0.93753238551821128
  0.93935596876196070  0.94103189508469398  0.94270150039183620  0.94426610321515070
  0.94583544132003172  0.94748380390104125  0.94918336640653778  0.95094531333547205
  0.95267132866402493  0.95434942385934962  0.95602538811352678  0.95771483509803845
  0.95940561647742739  0.96107102058540561  0.96268147659986603  0.96425536897022956
  0.96578153700604985  0.96734016109943255  0.96893283753992054  0.97051760137590626
  0.97205396691536794  0.97367478062203683  0.97532062684106380  0.97712426278404652
  0.97899586940281291  0.98080952756229012  0.98250737363862739  0.98410962110524836
  0.98571419232534019  0.98736861850157720  0.98907506845609783  0.99077448814971614
  0.99267821451343807  0.99462331173920970  0.99694764363136512  1.00000000000000000
 -0.01720371876848067  0.08771960011464650  0.11061798324620545  0.12842769343246696
  0.14201189689681376  0.15217041097286424  0.16149533122022075  0.17020678928426153
  0.17892952802968473  0.18717529415413611  0.19459230090010432  0.20179864125232783
  0.20851525502456847  0.21460777193183297  0.22086862333250101  0.22682580246998291
  0.23345290077930644  0.23971540172320904  0.24605177697976918  0.25230481237914104
  0.25845484418753134  0.26459964598913216  0.27072470617301292  0.27701889607392222
  0.28323077860749135  0.28922478935817375  0.29496484084700647  0.30056870834030303
  0.30619852112736035  0.31203303562169382  0.31805924748066638  0.32401451002306492
  0.32977149674200595  0.33514045527040409  0.34016591611084379  0.34524102692946002
  0.35019159367469482  0.35547340999493232  0.36091463941682034  0.36632017353302454
  0.37164805886740859  0.37680429105297081  0.38189926035829569  0.38719306228500161
  0.39256690277497558  0.39821867034627523  0.40419672218461428  0.41014305306449234
  0.41599264814432702  0.42177391681373644  0.42733338831924972  0.43281286010140996
  0.43854955691337799  0.44420139755362797  0.44998081953345193  0.45610929298685221
  0.46210672936945230  0.46803039040861294  0.47408074692164531  0.48008096460140032
  0.48662486656664034  0.49337584004826585  0.50004078620395642  0.50655119153153116
  0.51331696702778462  0.52024459244391463  0.52754259222914590  0.53467236703687560
  0.54226273947447878  0.54877366545552952  0.55489314165393178  0.56154452164356916
  0.56842372664051588  0.57535955142911266  0.58233678120490062  0.58949040565386435
  0.59758357394448014  0.60641177605323382  0.61550451284871954  0.62434145917593653
  0.63400248280990756  0.64402559662449743  0.65471636997693405  0.66581162063950716
  0.67728016744941133  0.68901771125635070  0.70144185117823921  0.71559577030756938
  0.73221454107452977  0.74904221195258458  0.76548428103595090  0.78320235538187133
  0.80352430724082147  0.83251616091998826  0.87572056071337490  1.00000000000000000
   2.4127610245014210E-005  -1.0000000000000000     
 F F F F F F F F F F F F F F F F F F F F F F F F F F F F F F F F F F F F F F F F F F F F F F F F F F F F F F F F F F F F F F F F F F F F F F F F F F F F F F F F F F F F F F F F F F F F F F F F F F F F F F F F F F F F F F F F F F F F F F F F F F F F F F F F F F F F F F F F F F F F F F F F F F F F F F F F F F F F F F F F F F F F F F F F F F F F F F F F F F F F F F F F F F F F F F F F F F F F F F F F F F F F F F F F F F F F F F F F F F F F F F F F F F F F F F F F F F F F F F F F F F F F F F F F F F F F F F F F F F F F F F F F F F F F F F F F F F F F F F F F F F F F F F F F F F F F F F F F F F F F F F F F F F F F F F F F F F F F F F F F F F F F F F F F F F F F F F F F F F F F F F F F F F F F F F F F F F F F F F F F F F F F F F F F F F F F F F F F F F F F F F F F F F F F F F F F F F F F F F F F F F F F F F F F F F F F F F F F F F F F F F F F F F F F F F F F F F F F F F F F F F F F F F F F F F F F F F F F F F F F F F F F F F F F F F F F F F F F F F F F F F F F F F F F F F F F F F F F F F F F F F F F F F F F F F F F
  <DiscreteSampler_grid>
  grouped_processes
  1 # 1 for a reference and 2 for a running grid.
  10 # Attribute 'min_bin_probing_points' of the grid.
  1 # Attribute 'grid_mode' of the grid. 1=='default',2=='initialization'
  0.0000000000000000 # Attribute 'small_contrib_threshold' of the grid.
  0.5000000000000000 # Attribute 'damping_power' of the grid.
 # binID   n_entries weight   weight_sqr   abs_weight
    19   10   1.243744780855032E+000   3.735373640238504E+000   1.243744780855032E+000
    20   10   1.243744780855032E+000   3.735373640238509E+000   1.243744780855032E+000
    22   10   1.522930110803336E+000   5.571710909683818E+000   1.522930110803336E+000
    23   10   1.522930110803338E+000   5.571710909683830E+000   1.522930110803338E+000
    25   10   1.471698599620735E+000   5.217457856811409E+000   1.471698599620735E+000
    26   10   1.471698599620736E+000   5.217457856811420E+000   1.471698599620736E+000
    28   10   1.956576060202298E+000   9.258787096003411E+000   1.956576060202298E+000
    29   10   1.956576060202300E+000   9.258787096003434E+000   1.956576060202300E+000
    34   10   1.243744780855031E+000   3.735373640238503E+000   1.243744780855031E+000
    35   10   1.243744780855033E+000   3.735373640238509E+000   1.243744780855033E+000
    37   10   1.522930110803336E+000   5.571710909683818E+000   1.522930110803336E+000
    38   10   1.522930110803337E+000   5.571710909683828E+000   1.522930110803337E+000
    40   10   1.471698599620735E+000   5.217457856811409E+000   1.471698599620735E+000
    41   10   1.471698599620736E+000   5.217457856811420E+000   1.471698599620736E+000
    43   10   1.956576060202299E+000   9.258787096003420E+000   1.956576060202299E+000
    44   10   1.956576060202301E+000   9.258787096003440E+000   1.956576060202301E+000
  </DiscreteSampler_grid>
