 -0.00288419013268371  0.01565001612529335  0.02993677118673361  0.04210042143353437
  0.05348437974366584  0.06463450317334049  0.07641267908071066  0.08867721497811755
  0.10116406973959195  0.11297363869775102  0.12453290760107560  0.13583007457537630
  0.14709670570011563  0.15839528673689798  0.16970901688304685  0.18039879677369794
  0.19053440931576346  0.20121797522441051  0.21268123573226094  0.22494538494199456
  0.23751490419051466  0.25009018233318075  0.26010870671463904  0.26956575459263871
  0.27900069406215272  0.28908999144265107  0.29912490018926546  0.30955763782194834
  0.32013224247870270  0.33127292499734123  0.34192807362633232  0.35127580268198566
  0.36023687268908200  0.36886539359347936  0.37825991054546149  0.38922566260611186
  0.40061449640353697  0.41083088972841952  0.41952350581697789  0.42830202125039790
  0.43708695976500239  0.44677440368263499  0.45906988230702106  0.47286417724465957
  0.48663081953457382  0.49914715697709439  0.51101371922048699  0.52278139976402593
  0.53449757210951754  0.54550592123737829  0.55574399072525738  0.56653046138110152
  0.57730014971399446  0.58808827093956995  0.59883952259445361  0.61055496456275460
  0.62256205752320493  0.63377907299205227  0.64473467454530864  0.65620714632501143
  0.66764034379910353  0.67838850111472970  0.68872584369218381  0.69937885167154656
  0.71064040603872813  0.72206722301324255  0.73269836663087062  0.74197282439863810
  0.75037972667472730  0.75823911298386959  0.76626068890553578  0.77589002873509194
  0.78696223838360191  0.79911717222223322  0.80984673699309373  0.81996864970020256
  0.83009768973575659  0.84034638139311735  0.85080831231278142  0.86102679098457258
  0.87108078917357235  0.88155485648703635  0.89077393829623430  0.89948421461573391
  0.90847669983042190  0.91733050153071427  0.92650625282687882  0.93547299184447252
  0.94453924999970396  0.95354716292634523  0.96216630342429355  0.97027372221204244
  0.97808682253105206  0.98518007647431749  0.99196521231483825  1.00000000000000000
  0.00000158886254841  0.00000168011417878  0.00000174992611526  0.00000180790065734
  0.00000186447601159  0.00000191937361238  0.00000197100999547  0.00000202277109327
  0.00000207598739641  0.00000214055391181  0.00000220960762309  0.00000228013870404
  0.00000236470587481  0.00000245967984366  0.00000256261205846  0.00000266437263751
  0.00000276873087935  0.00000288091955988  0.00000302114340326  0.00000317701073583
  0.00000333637668007  0.00000350090775644  0.00000367480007913  0.00000386764096977
  0.00000411324228131  0.00000439729073753  0.00000469116048534  0.00000506542350401
  0.00000547406934293  0.00000593389859981  0.00000640246540826  0.00000690481130053
  0.00000745530626355  0.00000808211876141  0.00000874005155831  0.00000942327061588
  0.00001014008599791  0.00001096573219104  0.00001189318710074  0.00001289152028369
  0.00001401905127857  0.00001536296166103  0.00001683475688367  0.00001840194162802
  0.00001993526955949  0.00002162379562144  0.00002341393321722  0.00002537115000742
  0.00002762376324840  0.00003023914731778  0.00003335193644619  0.00003662906366577
  0.00004004985658156  0.00004369723292741  0.00004753317622174  0.00005202061611178
  0.00005699234299245  0.00006280076652159  0.00006897533258260  0.00007583681357317
  0.00008322193445051  0.00009083521508075  0.00009903642546871  0.00010772207543985
  0.00011704417331264  0.00012654395677603  0.00013673811757088  0.00014758080611675
  0.00015804408061772  0.00016829722702753  0.00017913252883791  0.00019086489801050
  0.00020899743412525  0.00022896228746561  0.00025200232687259  0.00027827688593289
  0.00031193061464634  0.00035102148448989  0.00040108167226721  0.00046525973919270
  0.00051413810994447  0.00055678323776057  0.00059930863209237  0.00065429787468072
  0.00073843910695646  0.00083975765508107  0.00097130612466260  0.00114465114646147
  0.00135544383436435  0.00158900826549637  0.00186063424477489  0.00223181580880174
  0.00275023631233632  0.00343342600522237  0.03656533603280232  1.00000000000000000
  0.00000187611418159  0.00000189135463561  0.00000192460106652  0.00000196839626066
  0.00000201108651111  0.00000206047051441  0.00000211968559052  0.00000220024631358
  0.00000229066570760  0.00000236922045758  0.00000244093568473  0.00000251186532359
  0.00000258610172603  0.00000266601480559  0.00000276193422693  0.00000286036944897
  0.00000296781418135  0.00000308088376283  0.00000320360094262  0.00000333408315450
  0.00000348402007431  0.00000364284745382  0.00000379019148595  0.00000393426987533
  0.00000407663453355  0.00000422073793260  0.00000437417119507  0.00000453677845480
  0.00000471805608597  0.00000490774172252  0.00000510498472661  0.00000531309885317
  0.00000552734382818  0.00000574770097308  0.00000597492177932  0.00000620229544408
  0.00000643963959681  0.00000670326810909  0.00000698919578978  0.00000727138432456
  0.00000756024981049  0.00000786026084575  0.00000817471051439  0.00000849212471722
  0.00000886311372463  0.00000928254801132  0.00000974070538573  0.00001022146507482
  0.00001075017454753  0.00001128710693390  0.00001180571863165  0.00001234508689418
  0.00001290563334363  0.00001349567683340  0.00001410601895017  0.00001478435761910
  0.00001550499741797  0.00001627926075102  0.00001717012887159  0.00001816800662871
  0.00001920170388361  0.00002031498574301  0.00002149935754387  0.00002273097010707
  0.00002425219794123  0.00002579197310415  0.00002757622621034  0.00002947914250090
  0.00003162808759350  0.00003407899134068  0.00003678244694500  0.00003950531555972
  0.00004191880925917  0.00004451535330287  0.00004744532355208  0.00005160002186151
  0.00005682561375582  0.00006259455711826  0.00006941603244520  0.00007792059727389
  0.00008894734684391  0.00010220765390983  0.00011770351434114  0.00013600244467492
  0.00016078922545166  0.00019065422369341  0.00022000902023954  0.00025344924347427
  0.00030614406960708  0.00039198183030218  0.00051984523117169  0.00070145067893610
  0.00105177969891101  0.00175745913281797  0.17289690140483868  1.00000000000000000
  0.00000216319410455  0.00000252773685489  0.00000294422140237  0.00000333695335816
  0.00000367985001259  0.00000401793065261  0.00000440677767141  0.00000482221627582
  0.00000521596124771  0.00000559890182466  0.00000602325588814  0.00000650890352761
  0.00000703698748347  0.00000755954923759  0.00000808170742878  0.00000858265905321
  0.00000909700526555  0.00000961747934482  0.00001014494922705  0.00001076397679874
  0.00001139630179501  0.00001204559849051  0.00001270808573342  0.00001337642653540
  0.00001411368734538  0.00001493927252612  0.00001581555744250  0.00001675611232495
  0.00001775953965713  0.00001879892205950  0.00001989177775665  0.00002103979066832
  0.00002223021397977  0.00002349754381915  0.00002486925879606  0.00002633093483178
  0.00002783110811934  0.00002931008898486  0.00003081283654759  0.00003245221582555
  0.00003427845521383  0.00003634636540859  0.00003866628056292  0.00004115149407501
  0.00004379807084465  0.00004669781631087  0.00004988035628506  0.00005330999433613
  0.00005692169687301  0.00006079725452324  0.00006499793738200  0.00006944699842016
  0.00007438543015328  0.00007955109899525  0.00008600723497274  0.00009322779974322
  0.00010033881851772  0.00010807998516738  0.00011651446557486  0.00012603941219660
  0.00013696859698616  0.00014832840105871  0.00015843813580403  0.00016910878203555
  0.00018169158554757  0.00019758447675827  0.00021549040011950  0.00023714715128271
  0.00026078011434524  0.00028740695062072  0.00031899636366200  0.00035519174867007
  0.00039368817482855  0.00043672053965646  0.00048860147262183  0.00055735727302034
  0.00063378176078424  0.00071282091129570  0.00079068592652936  0.00087198386757957
  0.00096658607089949  0.00106731678609100  0.00119443014016098  0.00138494415119615
  0.00169906157597231  0.00195118433858251  0.00218899621601044  0.00247943014524426
  0.00317065688358931  0.00365110799353458  0.00407542285068769  0.00457888194710827
  0.00527549556207155  0.00597210917703482  0.01460610719890292  1.00000000000000000
 -0.00061702603980366  0.00782873378923010  0.01589266033739413  0.02439654492968623
  0.03277113391466818  0.04213867816920980  0.05150495930397706  0.06160688051751101
  0.07060075573242640  0.07941288618680521  0.08855764469429291  0.09761629601686043
  0.10619813669781707  0.11443542481570818  0.12300534178225629  0.13332632274950987
  0.14251145070425814  0.15144352426311350  0.16052291896292112  0.17049387186574211
  0.18117644936945149  0.19220535634270958  0.20223378796376165  0.21137571898718022
  0.22031565716940765  0.22957156703388895  0.23950837415699947  0.24979472371237763
  0.25986733256018335  0.26957685007248905  0.27785608064375944  0.28606148122354819
  0.29436307713889170  0.30405843438538549  0.31469028082932998  0.32590420884486149
  0.33769069117535355  0.34977491787858767  0.36158543709859403  0.37281930137680913
  0.38374396877769895  0.39456115020992527  0.40600022127764795  0.41757577170368859
  0.42968512460025798  0.44078551314201403  0.45120404571962103  0.46109788382081679
  0.47129658666422763  0.48222520090534837  0.49328951846863911  0.50437680918783856
  0.51550825777561327  0.52705045260939842  0.53859361518244420  0.54994150972079137
  0.56153173912557008  0.57254944424857812  0.58387761133709104  0.59539825434635141
  0.60840040203401646  0.62087500538057749  0.63230569293905714  0.64396850942547956
  0.65635273433943653  0.66886949702335241  0.68058149780517341  0.69172502663741242
  0.70241367767502683  0.71322150330916911  0.72311322673660128  0.73307500689368088
  0.74377422805392668  0.75514303018582718  0.76633207553543303  0.77686750267125448
  0.78802696961978125  0.80054659940349915  0.81367875342551599  0.82653517016149480
  0.83871731073720912  0.84974794308816060  0.86036997089920420  0.87120737319705965
  0.88289747904877169  0.89511074029776994  0.90684140714126338  0.91820295963607379
  0.92882282782183234  0.93763982571926763  0.94597875711695478  0.95477248410075044
  0.96423051401955340  0.97559746416677429  0.98754110005177342  1.00000000000000000
 -0.00258154005528459  0.01022868133158571  0.02119474099350387  0.03118316171632784
  0.04090899782468986  0.05048174914407100  0.06021173418552621  0.07022386313517667
  0.07888884063798594  0.08625109753136771  0.09314229827338989  0.10121099046860087
  0.11092851022731040  0.12197487100036239  0.13339995864401016  0.14528410470900616
  0.15606926252702105  0.16622861738654698  0.17603944814200109  0.18591085977377744
  0.19643898122487380  0.20656523365394419  0.21795340229936699  0.22892594479793144
  0.23999720322906942  0.25066615787354168  0.26052695841662277  0.27014735778649801
  0.27926478277986938  0.28865903924626324  0.29956530783031743  0.31080810983343360
  0.32210178533521627  0.33233611013773695  0.34251081161080410  0.35273335448952114
  0.36433150583492246  0.37580838089638446  0.38751617000749800  0.39898879873529020
  0.41053664223622421  0.42294017292069497  0.43431793501692179  0.44492100453091904
  0.45506535385392038  0.46540088374153105  0.47651352926017004  0.48734374181215162
  0.49762980187184508  0.50696379691517779  0.51629273126883879  0.52641195051939882
  0.53744225254109734  0.54850950093803064  0.55919349841434141  0.56984701725302112
  0.58090368116688185  0.59184800438598340  0.60250304410182021  0.61313996723331721
  0.62396316303940635  0.63489695511522715  0.64590193955576336  0.65677476825716941
  0.66808539313857973  0.67923795321099445  0.69051220913276856  0.70131497193862868
  0.71241826894154592  0.72389886080213361  0.73438051721628450  0.74566756208256380
  0.75747127654371527  0.77029331285690972  0.78286015265873432  0.79465169440429295
  0.80591187953953247  0.81638717013576378  0.82761330457752214  0.83755694162790184
  0.84822912865245215  0.85817683292006297  0.86877636491479793  0.87914595346427205
  0.88900257367725455  0.89902665671677451  0.90900953393823491  0.91935592069854477
  0.92949545524635324  0.93864469237801773  0.94776054240058527  0.95714990499905861
  0.96745567087426876  0.97809899815311729  0.98903537180287371  1.00000000000000000
 -0.00250531328091242  0.01059388530344785  0.02041155213780910  0.03040881611106227
  0.04034601074069939  0.05013971823180104  0.06033227212414623  0.07065186800007750
  0.08217519158375503  0.09398444786312039  0.10599870159207506  0.11738884793424939
  0.12808332531726138  0.13879526819470936  0.15000082787397412  0.16151390688483624
  0.17260135206644708  0.18380975720575252  0.19557037007400641  0.20704770778841075
  0.21801159128373457  0.22848560712073754  0.24005844215625857  0.25157104973562266
  0.26246336159582723  0.27386592272491239  0.28623209495945484  0.29899362311041955
  0.31120539797314756  0.32204257879582660  0.33210752838743707  0.34205298683327695
  0.35146541234678802  0.36052407478600046  0.36972549830231705  0.37976166057992600
  0.39050662129670249  0.40083966907814783  0.41051329382811019  0.42022924751350882
  0.42983234753213134  0.44024985170257419  0.45088001324771304  0.46180952999418640
  0.47322754641512182  0.48411577135844741  0.49492574441371417  0.50581574679249486
  0.51789731663851302  0.53024892814121527  0.54204444365869775  0.55364595059145127
  0.56495124685712605  0.57498704206696150  0.58378484002773601  0.59262521852614691
  0.60146376102672661  0.61059540715325178  0.62088080623826714  0.63197967267245392
  0.64406738447201539  0.65605086724430184  0.66738526560363032  0.67809255158364534
  0.68855931942531856  0.69885094657686897  0.70885873732955196  0.71747869361642103
  0.72650084460961006  0.73539084372586327  0.74522588794687505  0.75512081163537081
  0.76353535484286184  0.77160012536295564  0.78014012238532993  0.78951904830130137
  0.79976636948279034  0.81102188381808737  0.82162283317542417  0.83207429922960685
  0.84086260482388464  0.85001213313637591  0.85943283637478596  0.87058006550813982
  0.88230690134973255  0.89305227588147895  0.90161760704441374  0.91020686292398256
  0.91937929365638116  0.93033159851545633  0.94252622181028656  0.95464032411742994
  0.96636946479019881  0.97740340120418834  0.98876480025107549  1.00000000000000000
  0.00001810243070453  0.00011372244353896  0.00020942145169407  0.00035085376102989
  0.00048253404072182  0.00055886172560632  0.00063324816459062  0.00070556953156128
  0.00078016455648812  0.00085531477873679  0.00093069221947230  0.00100504655684329
  0.00108909924850111  0.00117817073127150  0.00126762864167807  0.00136209244800480
  0.00146168179082971  0.00156827808144973  0.00167425577852155  0.00177963522361998
  0.00188425536817312  0.00199220051296128  0.00211084486710962  0.00224226570928315
  0.00237772298615302  0.00252158312281880  0.00267612451051354  0.00283695999084266
  0.00300067432096113  0.00315818635314240  0.00330251170806574  0.00343395784839653
  0.00356591708296944  0.00370286990104138  0.00384865885918811  0.00400826308370109
  0.00418263567822269  0.00435846375360552  0.00453189148224773  0.00470765602299949
  0.00488687351640324  0.00507422573415115  0.00525489451372327  0.00543488982797268
  0.00562887726543892  0.00584038217184189  0.00606705297185750  0.00633230050043122
  0.00661395269714957  0.00687573019551233  0.00716457743371997  0.00744342165622647
  0.00773836433693680  0.00801725509378709  0.00830440668982859  0.00858596653369450
  0.00875244283982359  0.00881121937874435  0.00886999591766511  0.00892877245658588
  0.00898623369286076  0.00904301230484851  0.00909979091683625  0.00915656952882400
  0.00920964299053643  0.00926225928165343  0.00931487557277043  0.00939067765542317
  0.00963974292039363  0.00992939479264865  0.01021357765070509  0.01047445344763728
  0.01075843336338019  0.01111185481990119  0.01154314526826282  0.01197502713962817
  0.01236332471532777  0.01272072112502900  0.01299737326439659  0.01329166976335720
  0.01359155479322522  0.01388697247919890  0.01425293084095441  0.01475954649032332
  0.01526070700742424  0.01588873757614368  0.01655515846818075  0.01729649688546000
  0.01882841105974811  0.02029080726540628  0.02280931795450031  0.02421900898183514
  0.03249389013738584  0.03453918912635841  0.70409254740334837  1.00000000000000000
 -0.00202055591690482  0.00923628931563752  0.01903600891232171  0.02990507904095411
  0.04008871157487059  0.04978731064061490  0.05917645971101933  0.06938936549926678
  0.08071105158858838  0.09251945345719706  0.10474310008139220  0.11720377698389356
  0.12932302816040528  0.14051397896374307  0.15107437925167921  0.16142186869576997
  0.17108763807765190  0.18044140580923890  0.18988859203330016  0.19980057714082694
  0.21004970983689791  0.22026736254877649  0.23080901494405126  0.24197680487336970
  0.25293283541659156  0.26247495007220689  0.27129987193429739  0.28018618398939504
  0.28974576863229057  0.30014262312325285  0.31035263769597282  0.32008006257889760
  0.33056720938573564  0.34192472109791927  0.35259083952045761  0.36268649460517094
  0.37308697252684386  0.38465592093966183  0.39552890636310378  0.40574501562630899
  0.41588320910779447  0.42758646989592580  0.44031169494977485  0.45293195639659084
  0.46581607279937376  0.47802015866378961  0.48884624219935263  0.49911263646853959
  0.50924130044253724  0.51929686509469375  0.52945436926507750  0.54044328141942344
  0.55273646022676570  0.56557964619703371  0.57781775080086395  0.58994279489742241
  0.60240457262401026  0.61475145016092936  0.62700204646246682  0.63882809452532441
  0.65112540163864452  0.66307767447659982  0.67380087872570638  0.68426070462205357
  0.69315308120862895  0.70162872555918399  0.70989557668212722  0.71779243038149232
  0.72793106634439098  0.73991413279903095  0.75233003578252067  0.76423082144124932
  0.77610700913685615  0.78747431866818796  0.79745108463167480  0.80666665477372057
  0.81631420596689619  0.82703787637876403  0.83820322311183360  0.84894176350604900
  0.85910528375310835  0.86883314651495747  0.87877783171460078  0.88915616646470386
  0.89975737894861763  0.91004499408725847  0.92029808045980310  0.92987796238598741
  0.93871528529261827  0.94719198775286739  0.95572874073453706  0.96516072360909777
  0.97450826713807792  0.98309475368577048  0.99143227026997116  1.00000000000000000
 -0.00002670182362581  0.00007455254962893  0.00017580692288367  0.00028231271600233
  0.00038951848155708  0.00047447905567335  0.00055333778072307  0.00060691255004084
  0.00066181012350882  0.00071802355002998  0.00077222042337248  0.00082485784525953
  0.00087518203108043  0.00092340891402180  0.00097070724856085  0.00102751227526313
  0.00108627572466313  0.00115400735422783  0.00122313319830565  0.00129442074893573
  0.00136114164208271  0.00142662745087109  0.00149104420464432  0.00155523033950195
  0.00161889473373569  0.00168701541980786  0.00175871640128878  0.00183374697927027
  0.00191224059023173  0.00199459094496188  0.00208017406113754  0.00216954478362651
  0.00226566350859254  0.00236799221761291  0.00246877890920294  0.00256109149932158
  0.00264759492301450  0.00273580801681418  0.00282339086578598  0.00290077535413169
  0.00297836872649837  0.00305613565417586  0.00313587519609118  0.00322233850467983
  0.00331905603180459  0.00342238815128461  0.00352813134976550  0.00364479932003347
  0.00376432009381900  0.00388284276496202  0.00401206301231179  0.00414401348557593
  0.00426838436034405  0.00439231283948220  0.00449989194124455  0.00461417502498065
  0.00474239010120365  0.00486453238216080  0.00504391033225760  0.00525874339324227
  0.00546435743186235  0.00565802752307843  0.00582596025770851  0.00603423415575067
  0.00627511667736147  0.00655429479635709  0.00692111864920184  0.00722390165036798
  0.00750753664330330  0.00777573143681401  0.00786214641735652  0.00792357204504350
  0.00798499767273048  0.00804536569590937  0.00810163508810484  0.00815790448030031
  0.00821417387249579  0.00827041604332863  0.00832663484133911  0.00838285363934959
  0.00843907243736007  0.00859427603958654  0.00876358206711061  0.00902679921014583
  0.00943149240658456  0.00975678066061314  0.01008689865434608  0.01049721238980821
  0.01086961773544441  0.01119332445172013  0.01188826080762686  0.01235764723348080
  0.01341248235203686  0.01562376561836928  0.24357163998290979  1.00000000000000000
 -0.00175792032150499  0.01130604867529496  0.02246490540360983  0.03309135813563577
  0.04412230989985814  0.05622919279256495  0.06934058149293572  0.08160221483345538
  0.09213934908187214  0.10229790400760555  0.11266450212812798  0.12406354853811744
  0.13687428694077786  0.14886551191252709  0.15972297211092751  0.16975726192000587
  0.18056505202543399  0.19307040653842983  0.20528619517266880  0.21674879024824037
  0.22697457653811465  0.23624645509175646  0.24535915266691782  0.25396929947301450
  0.26340485749778936  0.27362679413156799  0.28382620687239329  0.29393085105471078
  0.30438592969905170  0.31435195767338708  0.32417638464040716  0.33404666230141583
  0.34453872250398476  0.35499528230458977  0.36464001056655171  0.37425932641204440
  0.38406034928398475  0.39380144458284239  0.40372619014034794  0.41311555025051988
  0.42244385537115625  0.43137891490362484  0.44007507649217814  0.44885702974099645
  0.45771675187830407  0.46644245025731501  0.47521974916752707  0.48382613884353787
  0.49212293119023653  0.50046396633512802  0.50896289302733766  0.51767941079292767
  0.52662916356725031  0.53560478111744170  0.54521892478446987  0.55562936794385620
  0.56643917675107880  0.57677886640200382  0.58688988729638436  0.59737739651092081
  0.60856407694990899  0.61975605531431843  0.62993775724538503  0.63945963845906051
  0.64887837210767352  0.65866245586851646  0.66864147532090479  0.67871328998283764
  0.68950471869540375  0.70089789958558246  0.71231759722872456  0.72195817089006054
  0.73138483462610104  0.74091125816947323  0.75162484700734689  0.76264181743410331
  0.77351794955618958  0.78496802801521848  0.79671710870941737  0.80857702400901355
  0.82095046250858517  0.83297789880549156  0.84390299360069798  0.85470512846839186
  0.86662925662444945  0.87958845219095050  0.89099217087574478  0.90139711852290816
  0.91206683916425635  0.92374371395086541  0.93783609984809158  0.95221365035604766
  0.96578467180153305  0.97841911891355071  0.98940600823667901  1.00000000000000000
  0.72325144106194916  0.76693242358473901  0.76933625670780204  0.77161271175513590
  0.77409647064236831  0.77722939650778766  0.78037140635867763  0.78338569570251793
  0.78630399330009026  0.78910832208571158  0.79207060414638031  0.79531676803704499
  0.79851093605705314  0.80109871923075693  0.80316516585501840  0.80508303573736117
  0.80709857993360645  0.80934351014254258  0.81191029456214092  0.81451138494354436
  0.81701354424531814  0.81941909893537412  0.82174946561769324  0.82404926898480058
  0.82636095347826388  0.82847914168059822  0.83064239498481740  0.83300891441713021
  0.83569863155833402  0.83858853193513938  0.84141817536897501  0.84408234396654502
  0.84676408902620992  0.84930384866559216  0.85176957620811677  0.85432733270914607
  0.85684314219284030  0.85939862496176900  0.86199374592267208  0.86458244450347621
  0.86714445497955295  0.86968940565270303  0.87226682462461780  0.87491319153142266
  0.87755042349721801  0.88020272342518058  0.88286829923190679  0.88551142190348842
  0.88806160417864666  0.89053473544424011  0.89304205525279334  0.89558836059337443
  0.89825787638770160  0.90076044805714295  0.90322515649470825  0.90560256552074825
  0.90800870223061358  0.91043032740088792  0.91280845026625912  0.91512720996554220
  0.91743562666092737  0.91978809599432032  0.92226683223175088  0.92484942702556761
  0.92737541103897791  0.92982171393979396  0.93218293803465935  0.93447890086232421
  0.93671590823446915  0.93891013403585655  0.94108397327081028  0.94324939610268188
  0.94535678801846301  0.94740889085417646  0.94940682859283243  0.95133909314858645
  0.95324258981815013  0.95520826105385803  0.95720820236610438  0.95921512835692602
  0.96130349946528049  0.96348470520746921  0.96568347271773314  0.96794505040456646
  0.97036090533616048  0.97274258743482866  0.97509771102307996  0.97741482024389548
  0.97968497269900345  0.98205582499986666  0.98452764232136292  0.98704677857946344
  0.98966937201639760  0.99249455159707634  0.99600375328908342  1.00000000000000000
 -0.00425032991887337  0.07027130061851883  0.10416729055799899  0.12133567597356226
  0.13610821844345716  0.14832290464125633  0.15916304774725928  0.16889311105599886
  0.17721284776178459  0.18587736065393187  0.19472357255071426  0.20255896692225089
  0.20981485171414599  0.21706921771305351  0.22465505359609569  0.23183476848783915
  0.23791688413364234  0.24352444915149429  0.24929407079893395  0.25507104069917730
  0.26117057249213593  0.26763468034684945  0.27392235695362749  0.27996671535644146
  0.28597895368406029  0.29189678735544894  0.29798392136438306  0.30409919018717546
  0.30987353080491031  0.31582857809007764  0.32154528691151196  0.32706093065178282
  0.33272128763879333  0.33803200510335651  0.34343668283190415  0.34857741122506219
  0.35366944068652950  0.35897994112469322  0.36484236818690507  0.37099672639517528
  0.37693074862752574  0.38259108287259552  0.38790543482516421  0.39304025544947385
  0.39813596315728245  0.40331429541838565  0.40890507042105706  0.41529008277950208
  0.42241361419071805  0.42949416005569985  0.43640285907351523  0.44304365047315247
  0.44976642176139187  0.45632565636200717  0.46292070242919126  0.46967048226534025
  0.47643937820638244  0.48320069546896172  0.48942723822545692  0.49513345185760421
  0.50099891290914922  0.50733316650261806  0.51442856256309555  0.52159004182124269
  0.52880417451783979  0.53629533944956942  0.54410910783757682  0.55226165821810858
  0.56043555131476919  0.56866728681901924  0.57675789689028012  0.58438177026537930
  0.59238835605178009  0.60052498970822654  0.60926288730936429  0.61830447569979730
  0.62721194064149022  0.63604558933639077  0.64509012306429092  0.65425204430762984
  0.66194021452181173  0.67018823014893925  0.67877845840837803  0.68804602834491446
  0.69776538152846923  0.70813961887064525  0.71960611692123488  0.73195471014485680
  0.74494034409260168  0.75884771911416316  0.77567467459045358  0.79505712793428551
  0.81486159000279890  0.83631600059661593  0.87316981952832839  1.00000000000000000
   6.7537049354406413E-005  -1.0000000000000000     
 F F F F F F F F F F F F F F F F F F F F F F F F F F F F F F F F F F F F F F F F F F F F F F F F F F F F F F F F F F F F F F F F F F F F F F F F F F F F F F F F F F F F F F F F F F F F F F F F F F F F F F F F F F F F F F F F F F F F F F F F F F F F F F F F F F F F F F F F F F F F F F F F F F F F F F F F F F F F F F F F F F F F F F F F F F F F F F F F F F F F F F F F F F F F F F F F F F F F F F F F F F F F F F F F F F F F F F F F F F F F F F F F F F F F F F F F F F F F F F F F F F F F F F F F F F F F F F F F F F F F F F F F F F F F F F F F F F F F F F F F F F F F F F F F F F F F F F F F F F F F F F F F F F F F F F F F F F F F F F F F F F F F F F F F F F F F F F F F F F F F F F F F F F F F F F F F F F F F F F F F F F F F F F F F F F F F F F F F F F F F F F F F F F F F F F F F F F F F F F F F F F F F F F F F F F F F F F F F F F F F F F F F F F F F F F F F F F F F F F F F F F F F F F F F F F F F F F F F F F F F F F F F F F F F F F F F F F F F F F F F F F F F F F F F F F F F F F F F F F F F F F F F F F F F F F F F
  <DiscreteSampler_grid>
  grouped_processes
  1 # 1 for a reference and 2 for a running grid.
  10 # Attribute 'min_bin_probing_points' of the grid.
  1 # Attribute 'grid_mode' of the grid. 1=='default',2=='initialization'
  0.0000000000000000 # Attribute 'small_contrib_threshold' of the grid.
  0.5000000000000000 # Attribute 'damping_power' of the grid.
 # binID   n_entries weight   weight_sqr   abs_weight
    19   10   9.843949601628271E-001   6.211042087522673E+000   9.843949601628271E-001
    20   10   9.843949601628278E-001   6.211042087522683E+000   9.843949601628278E-001
    22   10   1.201538069544818E+000   9.088634935187665E+000   1.201538069544818E+000
    23   10   1.201538069544818E+000   9.088634935187674E+000   1.201538069544818E+000
    25   10   1.252263525185683E+000   1.158595170023741E+001   1.252263525185683E+000
    26   10   1.252263525185685E+000   1.158595170023745E+001   1.252263525185685E+000
    28   10   1.667584278939167E+000   2.074429721503222E+001   1.667584278939167E+000
    29   10   1.667584278939168E+000   2.074429721503224E+001   1.667584278939168E+000
    34   10   9.843949601628275E-001   6.211042087522674E+000   9.843949601628275E-001
    35   10   9.843949601628278E-001   6.211042087522683E+000   9.843949601628278E-001
    37   10   1.201538069544817E+000   9.088634935187656E+000   1.201538069544817E+000
    38   10   1.201538069544818E+000   9.088634935187669E+000   1.201538069544818E+000
    40   10   1.252263525185683E+000   1.158595170023741E+001   1.252263525185683E+000
    41   10   1.252263525185684E+000   1.158595170023744E+001   1.252263525185684E+000
    43   10   1.667584278939167E+000   2.074429721503223E+001   1.667584278939167E+000
    44   10   1.667584278939168E+000   2.074429721503225E+001   1.667584278939168E+000
  </DiscreteSampler_grid>
