 -0.00251499126018822  0.01733604061361280  0.03120044189406115  0.04294625682453399
  0.05310615903501500  0.06279396966719923  0.07293803494426700  0.08440901927322862
  0.09653158992430168  0.10919314377068802  0.12105622705818071  0.13285126277275283
  0.14435109363170243  0.15554709215690049  0.16707804562717554  0.17920821641126994
  0.19161717261652789  0.20408875015640643  0.21622202111896369  0.22735022454405265
  0.23763804195489330  0.24792975205632894  0.25839300036807983  0.26918989212105465
  0.28023478275536418  0.29134476763457434  0.30335113014168508  0.31511109988880909
  0.32483987343274190  0.33396018391692833  0.34306756678527384  0.35367653531931509
  0.36502573048321491  0.37551848247410669  0.38570177591657134  0.39518639003308054
  0.40609868442858865  0.41675263651594557  0.42813216675627142  0.43967416815339561
  0.45065581904804364  0.46161071034053375  0.47176592635519798  0.48247027122905972
  0.49402441308749317  0.50563997004233785  0.51731459470171226  0.52896660283528940
  0.54054201845221084  0.55057043754960389  0.56128986089294686  0.57166352938911758
  0.58155525260672103  0.59072320203827544  0.59930683423349773  0.60777960984806922
  0.61743724543332368  0.62761942530356840  0.63846484822728511  0.64933211153444903
  0.65926444015531849  0.66784662255165672  0.67612642030901993  0.68490814347299811
  0.69520754336704293  0.70618066525493894  0.71694651302094159  0.72763213286619310
  0.73835842930489815  0.74917065052769827  0.75989812860847039  0.77087225159300232
  0.78185642085626306  0.79378974186649198  0.80604743789589839  0.81775178791140268
  0.82965233995015986  0.84109954023614419  0.85265990047529161  0.86398221291074007
  0.87428713871173347  0.88341514125128462  0.89166700485316730  0.89966488115092591
  0.90921474097289134  0.91942823203112578  0.92969663199974462  0.94078110412817062
  0.94968677484861519  0.95856625136011064  0.96683291978352315  0.97589576903652120
  0.98463469673381676  0.99090134532094487  0.99567268598770220  1.00000000000000000
  0.00000185647145109  0.00000196928446064  0.00000209989653609  0.00000221456733882
  0.00000230579859013  0.00000239714231687  0.00000249808658753  0.00000260249249816
  0.00000270213948241  0.00000280285399807  0.00000290859893506  0.00000301775185204
  0.00000313103572599  0.00000325823830127  0.00000339671753366  0.00000352892893925
  0.00000364560734777  0.00000375676311087  0.00000386669425637  0.00000397694818538
  0.00000409556742541  0.00000421517310765  0.00000433732812950  0.00000445611398348
  0.00000457376513397  0.00000469442225579  0.00000483078563879  0.00000498187532494
  0.00000515039185606  0.00000532772147501  0.00000551689429959  0.00000573939376965
  0.00000598731263458  0.00000621771066947  0.00000647363734744  0.00000674712878161
  0.00000703091148734  0.00000731486091770  0.00000757526075239  0.00000784334851413
  0.00000813974094286  0.00000846166626304  0.00000881611586480  0.00000920499011446
  0.00000960973570723  0.00000997235776466  0.00001035180558336  0.00001077561832813
  0.00001121560956442  0.00001164594958570  0.00001208405641704  0.00001254011071513
  0.00001307239152847  0.00001366867064954  0.00001433403097990  0.00001501579627243
  0.00001567555803438  0.00001630596309413  0.00001699052939600  0.00001779525386986
  0.00001859731402493  0.00001951799034510  0.00002064269715650  0.00002176812184507
  0.00002291722630204  0.00002416204150004  0.00002559657323685  0.00002724024983941
  0.00002924159178960  0.00003151086221345  0.00003398390276082  0.00003668535889324
  0.00003958819702499  0.00004277566979543  0.00004626815836625  0.00005024567108666
  0.00005494846504258  0.00006026994204686  0.00006630042724189  0.00007290015265821
  0.00008021178523842  0.00008837587975784  0.00009889672597258  0.00011243469837229
  0.00013253892709975  0.00015899105333826  0.00019252656782900  0.00023768310996143
  0.00031350107928930  0.00041856959450846  0.00054069498583946  0.00074096999193957
  0.00119892985829515  0.00238975693138852  0.04035385973428618  1.00000000000000000
  0.00000699641744987  0.00000707711657242  0.00000720012769138  0.00000733721917716
  0.00000747768047575  0.00000763591968569  0.00000783695558234  0.00000804735765672
  0.00000824929477247  0.00000845584906483  0.00000867902746520  0.00000893477617755
  0.00000922157306673  0.00000950406813605  0.00000981427127165  0.00001008598688923
  0.00001045145718371  0.00001084691107958  0.00001126733011275  0.00001168969574654
  0.00001208598298093  0.00001257485244417  0.00001304896642464  0.00001356378230420
  0.00001411768081306  0.00001471925393673  0.00001536826110783  0.00001608035165836
  0.00001689938456914  0.00001782199741211  0.00001880996798297  0.00001992421146005
  0.00002121383655529  0.00002269564720706  0.00002438462507969  0.00002632121697269
  0.00002845363166374  0.00003087173180656  0.00003375413266842  0.00003719589838637
  0.00004121416618089  0.00004594393231830  0.00005116359021990  0.00005668770537625
  0.00006236673857353  0.00006828413627809  0.00007453296688610  0.00008122337552600
  0.00008899421480394  0.00010010697769047  0.00011279857464608  0.00012706158160376
  0.00014374303407043  0.00016273446413118  0.00018397360566284  0.00020718728781034
  0.00023355402253496  0.00025789554721200  0.00027988088989519  0.00030457250662853
  0.00033174077758639  0.00036528330336439  0.00040373337873579  0.00044602119059351
  0.00048900289241753  0.00052984684390017  0.00056822042462065  0.00060633835893840
  0.00064688056082570  0.00068674852451147  0.00073928510010243  0.00081515093381143
  0.00089489485257166  0.00096130455192727  0.00102709513205228  0.00109250438970744
  0.00116729371861503  0.00128420800771172  0.00142141432429519  0.00155750486312876
  0.00173441192175315  0.00188650933920348  0.00201937484770491  0.00213856903927515
  0.00231664775894202  0.00247972059294381  0.00262774284464589  0.00278417772655655
  0.00293470238274846  0.00314058083420075  0.00337973628415452  0.00356943933707859
  0.00368613215322150  0.00381359192047456  0.02961317373841286  1.00000000000000000
  0.00000243045020582  0.00000294824244971  0.00000325755647547  0.00000361020396511
  0.00000400457899045  0.00000437960298749  0.00000470439666562  0.00000504024083772
  0.00000538076235719  0.00000576069573016  0.00000610350237529  0.00000643394362945
  0.00000673777609573  0.00000707304191765  0.00000744530981376  0.00000785766000552
  0.00000828883611382  0.00000875281068152  0.00000933596187549  0.00000992096692736
  0.00001048541386523  0.00001104471777256  0.00001154542551817  0.00001204164777334
  0.00001257223968655  0.00001311106197848  0.00001367752129660  0.00001431407446124
  0.00001498825107347  0.00001567440265878  0.00001633993981687  0.00001707074159128
  0.00001782844811467  0.00001857348070290  0.00001928931974447  0.00002019211835125
  0.00002117918671578  0.00002222651351172  0.00002341137940089  0.00002454215828071
  0.00002568740632758  0.00002693697558298  0.00002829953024843  0.00002974498789723
  0.00003124508887864  0.00003282391378332  0.00003456825054992  0.00003633835786464
  0.00003817746780121  0.00003991531888455  0.00004178809785589  0.00004390542734894
  0.00004640788232476  0.00004921676401232  0.00005224464290636  0.00005543792387398
  0.00005896096813407  0.00006297694034290  0.00006744086420275  0.00007217112769087
  0.00007743578802988  0.00008281054710797  0.00008866076936624  0.00009501341808675
  0.00010109607654365  0.00010717917831043  0.00011423971082507  0.00012310526616573
  0.00013436694915161  0.00014783476333178  0.00016211185349822  0.00017789706543562
  0.00019709308932212  0.00022130290318998  0.00024965885521684  0.00027444807952218
  0.00029926935093362  0.00032585179772633  0.00035453533372301  0.00039552186903857
  0.00044182375551147  0.00049841426093757  0.00057323661198935  0.00066925722320497
  0.00079348989511074  0.00094184915955689  0.00107042492350078  0.00120792885004194
  0.00135345585352629  0.00155391355244441  0.00186014974970449  0.00227580747937730
  0.00293072147422838  0.01000616258276896  0.03547121436078336  1.00000000000000000
 -0.00173241333196820  0.00930160397477373  0.01938011248259586  0.02917937241706503
  0.03895287358903887  0.04899127596480901  0.05947928413154711  0.07054830945182071
  0.08208164285206392  0.09306945103031894  0.10353789722566037  0.11441772321617998
  0.12576182458379548  0.13854249374344813  0.15126401290953989  0.16271097870470030
  0.17351326921376556  0.18414647196255926  0.19535588420496539  0.20742519592077591
  0.21903351734733498  0.22795791726635123  0.23649185640751863  0.24522803005910007
  0.25744861848478412  0.27121810910993471  0.28288116523380430  0.29568529669348909
  0.30784625417774397  0.32029468746790701  0.33255842878601233  0.34320703465487568
  0.35347453015441371  0.36453583744693852  0.37675800859129605  0.38882729860682275
  0.40120090985168472  0.41489085928691521  0.42943571187154078  0.44375394633060239
  0.45658612172032004  0.46767859299605369  0.47878840528701944  0.49071902054939631
  0.50411964639514695  0.51767029402752240  0.53075713142082659  0.54359789528063462
  0.55625196160684742  0.56925118825866194  0.57983933954125177  0.58906235952138364
  0.59818826501163835  0.60800826985307899  0.61827578639725134  0.62717620292613618
  0.63549667135860677  0.64461427513023628  0.65462465569847561  0.66458438003639431
  0.67521431593252057  0.68641041386371160  0.69775355934889050  0.70911588589394303
  0.72040766531170675  0.73049156636565060  0.74097723279392702  0.75145644588063309
  0.76241067458970790  0.77366635663895222  0.78432190290402126  0.79435852780898975
  0.80326782989216372  0.81231515274591914  0.82209442329058025  0.83196200380369878
  0.84193903729021846  0.85183737695010964  0.86160897298506745  0.87123341241154073
  0.87969064173726641  0.88706688303361836  0.89512625993160044  0.90252821692264917
  0.90939652768202073  0.91645331888446135  0.92373581282161943  0.93182663318967807
  0.94008214384065714  0.94974767802961324  0.95983543818900341  0.96944485274553271
  0.97849666531880952  0.98581142389847798  0.99289955352169179  1.00000000000000000
 -0.00275969439449210  0.01013512636912059  0.02194955968913938  0.03369644425246095
  0.04414202536827901  0.05337739222267399  0.06242727913023736  0.07171799364722534
  0.08175220682798133  0.08999513841835662  0.09758535466598250  0.10609332449271276
  0.11506530559251299  0.12434646220476647  0.13299420725286160  0.14087767214505723
  0.14943290941867965  0.15979193373941727  0.17144986016680752  0.18320659478928436
  0.19454156103736103  0.20606886457916249  0.21741724440012170  0.22789675732270781
  0.23765924299646557  0.24692589566311818  0.25708235523424877  0.26759247537084052
  0.27884258313993854  0.28964538365862447  0.30135413229428337  0.31515092407594736
  0.32973684297472716  0.34464881265982666  0.35847092058777291  0.37100889670064452
  0.38253281985575788  0.39321941430972701  0.40364448859800384  0.41430134425910736
  0.42507760252729127  0.43579900462066928  0.44632726092934522  0.45743271377972516
  0.46849964530394972  0.47927932637773013  0.48995749338309869  0.50170141760870834
  0.51510958542204710  0.52807143470537588  0.54049493967999784  0.55306583943112786
  0.56567168740516804  0.57843474622033564  0.59109753511801144  0.60293335968544470
  0.61384519393734527  0.62498355593413113  0.63731671371144238  0.64958083661359611
  0.66301733969286214  0.67658650097281159  0.69025130242524835  0.70309009981416615
  0.71386301960813547  0.72287797017203548  0.73153717780756378  0.73982223627572985
  0.74917716712694116  0.75780276884842190  0.76657696190042923  0.77655206934166232
  0.78606463713916808  0.79577168757401517  0.80518229763470694  0.81504133293008485
  0.82493318906533597  0.83637199597419998  0.84936637322163089  0.86134498697910988
  0.87052332218036188  0.87935174272510408  0.88785558359263272  0.89539992690005410
  0.90414022670237348  0.91269823858882904  0.92307293508121568  0.93352182935870975
  0.94234909948812273  0.95027600747016172  0.95757601224053068  0.96449723749729377
  0.97176713611867127  0.98009856459702016  0.98979064512328396  1.00000000000000000
 -0.00294396776483468  0.00919590138873069  0.02005944993041675  0.03042535130084005
  0.04113526889366673  0.05201803931893564  0.06227771459347839  0.07236171233822999
  0.08278961476198668  0.09360000585833995  0.10325441768268404  0.11160408744066974
  0.12008272956065641  0.12983861254844839  0.14034293007099716  0.14935152063533605
  0.15699362258518273  0.16490769934585761  0.17322705461519247  0.18353978495492820
  0.19326006080635072  0.20320484337043268  0.21241064072743993  0.22107202480140392
  0.22974063719073973  0.23862401595910288  0.24866612022596621  0.26096197891062251
  0.27281973670883181  0.28232573854849341  0.29097688988836407  0.29977626299154941
  0.30978476521902265  0.32058215573599447  0.33136388018363977  0.34112440186264992
  0.35060980650762708  0.36091007423898763  0.37209446808262531  0.38367797747453591
  0.39508686226583356  0.40722560474673142  0.41965356715328217  0.43191706941748526
  0.44373822318417905  0.45582977201280300  0.46825529272085648  0.48040102684615898
  0.49206193911174428  0.50246099830686486  0.51430978258555671  0.52372464529174390
  0.53356598877913053  0.54353247847453579  0.55402440612630721  0.56415713832966119
  0.57361619700163868  0.58256971716109918  0.59484071926397353  0.60792752504304637
  0.61997576997926551  0.63054107761138545  0.64102502190319899  0.65188272376436318
  0.66435849830388183  0.67792559080905945  0.69224990831484934  0.70647945518539246
  0.71930224904178575  0.73070537154356596  0.74131161238396925  0.75279763211582473
  0.76345824887686498  0.77416441632856881  0.78528101810954065  0.79679274648101550
  0.80807326582331862  0.81865008253559046  0.82811094013930819  0.83707822700446766
  0.84602214155507038  0.85589006617571017  0.86850932200527942  0.88142553275179447
  0.89317793407487744  0.90459840104369582  0.91497972355851831  0.92413837552798417
  0.93282502325858718  0.94146977042018254  0.95096032285148668  0.96015801870229223
  0.96932254755892466  0.97950770304474144  0.98929814697115226  1.00000000000000000
 -0.00007011099388082  0.00018889262379826  0.00045134480752829  0.00071572518575325
  0.00086951364793274  0.00102203900788845  0.00117279546421170  0.00132149535907757
  0.00146954625155120  0.00161151770239431  0.00175308847294555  0.00190476151699793
  0.00205720047231589  0.00222812709388984  0.00239232227189564  0.00254277520510871
  0.00270587344180305  0.00287170635678772  0.00303345426660905  0.00319583248629326
  0.00335890415631357  0.00352246773944283  0.00366859270215361  0.00380835245969244
  0.00394056078554548  0.00406195817458425  0.00417943992954148  0.00430537093217435
  0.00443463586325424  0.00456213540757993  0.00468958555547070  0.00482027904726974
  0.00494960416882687  0.00509453358403811  0.00523036310274900  0.00533110860093103
  0.00542281215090460  0.00551741387028275  0.00562243682599115  0.00574730217666184
  0.00587260677288884  0.00596222893156961  0.00604266624473907  0.00612092461813598
  0.00619995261738756  0.00629477856856432  0.00642717015007586  0.00655535515525130
  0.00665754370115369  0.00674896702181834  0.00683766559169161  0.00692410821170024
  0.00707052517871646  0.00722963333907100  0.00740760580572876  0.00761615955235848
  0.00783824321168605  0.00802852353435228  0.00821880385701851  0.00839076196625463
  0.00856260205170138  0.00875589372920296  0.00897069532091179  0.00934460674013171
  0.00964629999077996  0.00997515231838989  0.01034739902394884  0.01083335291898597
  0.01145297386471136  0.01179263458231684  0.01209021784805926  0.01236092741093110
  0.01263387164199332  0.01298046248894223  0.01350163090712044  0.01418839877096408
  0.01490797960759513  0.01565490845994681  0.01641155640701339  0.01720861047816918
  0.01790432728485883  0.01856214471442444  0.01919497506615681  0.01974330707941294
  0.02036284603976575  0.02256160399203665  0.02324452170069984  0.02446314805603715
  0.02523679702482948  0.02639801719147390  0.02762784813707568  0.03011240226042516
  0.03184743033979692  0.03313037329342421  0.24017053813395473  1.00000000000000000
 -0.00165034590027360  0.00697743447225082  0.01614932223841601  0.02520728224090486
  0.03464057865625850  0.04406333786586933  0.05225255587851908  0.06083746573616364
  0.06933807843710263  0.07819180064468118  0.08731088836586767  0.09620853665194246
  0.10547882381501168  0.11628157778048695  0.12771612394519560  0.13750568650224496
  0.14686839797202048  0.15631717248142285  0.16600659103755877  0.17496656014840828
  0.18348021953195817  0.19279852215938664  0.20328746217269872  0.21468973875332392
  0.22615492548289198  0.23854539127934998  0.25082194497190602  0.26105590926472005
  0.27108642433890151  0.28156452990064235  0.29150010622347172  0.30129198562229603
  0.31005564773984085  0.32159637083382908  0.33350621118968748  0.34495204744910196
  0.35616547346544414  0.36719078363234059  0.37808251247026392  0.38802592320576296
  0.39847924192433648  0.40825690897354472  0.41945343977656735  0.43132856314123219
  0.44285142626471252  0.45388495360475328  0.46550439785072267  0.47771575467155097
  0.48964272896295924  0.49839383498136203  0.50700148440908721  0.51563226652022154
  0.52550612584632916  0.53712191189541691  0.54894753287637077  0.55991355291204492
  0.57128183336358607  0.58278330559587965  0.59482494803823049  0.60676276855904732
  0.61840867054819604  0.62983866056892024  0.63995642783402162  0.64983599238357814
  0.66004839906411017  0.67093142214039359  0.68350737358288838  0.69533035203218274
  0.70641959171539126  0.71738250969261486  0.72847225778834790  0.73973677383331848
  0.75112233866898914  0.76347538506783885  0.77647949137799954  0.79035251517913585
  0.80399106274800880  0.81749430205437557  0.83123768882082827  0.84360253520536277
  0.85252052994230954  0.86071338532729358  0.86800734046586991  0.87644136934741901
  0.88680192330504559  0.89822268930094251  0.90979014857785434  0.92089302342271828
  0.93142492416138589  0.94170867932388180  0.95197908752193661  0.96334701660163424
  0.97400766965659702  0.98312059879279001  0.99171689670491503  1.00000000000000000
 -0.00007323560839849  0.00005433646112546  0.00018323903235195  0.00038561058682619
  0.00056846807761203  0.00065967819177274  0.00075490706192646  0.00085402402834675
  0.00094471435074591  0.00103698202747428  0.00113359962560201  0.00123940600361861
  0.00135319317992976  0.00147843066800173  0.00160614881758061  0.00173162960205674
  0.00185505656492675  0.00197636304995812  0.00208866328887579  0.00219636260457503
  0.00229731556128210  0.00240039509546096  0.00250466545778245  0.00260343199499826
  0.00270347925097920  0.00280825504759727  0.00291058916076611  0.00301108338816601
  0.00313173797212007  0.00326865477994077  0.00343011154747485  0.00361714997171462
  0.00379190215987687  0.00392889194819808  0.00405128054578270  0.00416952655905535
  0.00428818859751752  0.00435680063690329  0.00442271978618447  0.00449058661508867
  0.00456206490452231  0.00463354319395595  0.00470427108130262  0.00477480780218274
  0.00485340235114117  0.00496240126939038  0.00507049991268722  0.00517788292054707
  0.00529082688803690  0.00541710058475748  0.00555015344232417  0.00562248219187004
  0.00569481094141591  0.00576713969096178  0.00583874474026522  0.00590753534581273
  0.00597632595136024  0.00604511655690774  0.00611368704072186  0.00617956778943197
  0.00624544853814209  0.00631132928685221  0.00637721003556232  0.00653340485555189
  0.00671653033210633  0.00697961157036454  0.00739064882227985  0.00808135662252846
  0.00835966581636473  0.00856805190290700  0.00876270856016073  0.00898373557014852
  0.00918846955617249  0.00933624750124806  0.00949358696042148  0.00965279872929471
  0.00978017917185036  0.00992392837032107  0.01018789484612185  0.01043830716317057
  0.01067641218647667  0.01111850677374126  0.01160448879387658  0.01261362270065380
  0.01398777466225607  0.01592553301634321  0.01766988826518106  0.01830163081341347
  0.01849846189345050  0.01869529297348753  0.01912048994338495  0.01948315676022444
  0.02004081067890541  0.02834669299858418  0.18454251508251684  1.00000000000000000
 -0.00211416745948715  0.00939871442047078  0.01931181381636199  0.02916215479539591
  0.03902095837033006  0.04825012867536056  0.05787675477854633  0.06762579360007198
  0.07700846251615455  0.08602431613229183  0.09498540896504205  0.10402496962972969
  0.11287798270514791  0.12110885594433812  0.12965629202037071  0.13964137295012691
  0.14981144672593030  0.15944618631292282  0.16948900995759272  0.18060472898946930
  0.19204079313834052  0.20289142974588575  0.21324705906707409  0.22380552102761803
  0.23356976634953244  0.24292861795848894  0.25251760046348931  0.26294743651843921
  0.27343379726365369  0.28297139916069519  0.29188097510213978  0.30188295040549235
  0.31345456213545381  0.32691124023518103  0.33903792271810385  0.34832328301055676
  0.35758810017289799  0.36749995570786731  0.37870513555744761  0.38944742505069491
  0.40006223096845256  0.41125211811304146  0.42264209775422612  0.43357937937573143
  0.44482399404043155  0.45529416171129633  0.46544511494619167  0.47583789626363737
  0.48735026918128882  0.49951666822463031  0.51151126365739086  0.52335565784406279
  0.53586271913965455  0.54895751696171602  0.56078277526515241  0.57127135833306608
  0.58133939569428672  0.59106153095577529  0.60023894473558792  0.60902670362362010
  0.61752328723003636  0.62700420762395537  0.63896539310592060  0.65172770071697128
  0.66352907757699642  0.67457051666884260  0.68565964931803736  0.69731878160298588
  0.70958803145031479  0.72174437543007031  0.73367620739976580  0.74507345562150462
  0.75554553924905277  0.76519511567758669  0.77456607176121062  0.78387175334826698
  0.79309809521521513  0.80253980772401734  0.81179918954973895  0.82208902052247801
  0.83304733519078100  0.84328096838135425  0.85295644368230239  0.86304849479848922
  0.87325452251931401  0.88461633963266406  0.89564898494552636  0.90815397575227319
  0.92156175290341624  0.93275612332907765  0.94314573346188924  0.95342358466414279
  0.96547125387971799  0.97764681800648223  0.98908857299264863  1.00000000000000000
  0.67859227539975386  0.76146620049080116  0.76638279934244213  0.77158740846935758
  0.78020166332706908  0.78778398618567969  0.79287880388702425  0.79619282374144096
  0.79948280283331707  0.80247226148441175  0.80552804555965318  0.80845901326892056
  0.81163695529181024  0.81537533955794983  0.81905071898288750  0.82248800049766402
  0.82582481981733602  0.82930568621509337  0.83301861965165491  0.83643545282735277
  0.83983157150434895  0.84280767929669054  0.84582111260593695  0.84892091191729002
  0.85209753387072584  0.85507171238561674  0.85775229324668367  0.86043342162368686
  0.86327124644391084  0.86636334007109317  0.86946800581541372  0.87257349812084506
  0.87572596722253160  0.87859580058428255  0.88140504446286061  0.88410071947122593
  0.88682373938707659  0.88933433232176184  0.89158884747741995  0.89383375170874946
  0.89611055395347017  0.89867707222446802  0.90114038280810860  0.90355434718368566
  0.90592083794202838  0.90839660654909671  0.91081295841398990  0.91310736875766874
  0.91524687084428413  0.91759883086388050  0.91986743908213175  0.92212900617877680
  0.92425602434761733  0.92647743334649757  0.92855951714098750  0.93036881786949199
  0.93199605975664823  0.93364304188317726  0.93538119148361887  0.93721780129456511
  0.93912588609048731  0.94112177706811861  0.94317719460365079  0.94494166253952006
  0.94655092508626304  0.94807355515310288  0.94959419444069126  0.95128600376553052
  0.95317441945830583  0.95511596505374152  0.95706542241360659  0.95889684982893675
  0.96068853214772287  0.96237993946396838  0.96414273025308395  0.96592420425272374
  0.96757551102781703  0.96918515145012873  0.97074194187253382  0.97229006050695355
  0.97385772265849868  0.97534373554153420  0.97686165956301052  0.97846066139498433
  0.98016394769309079  0.98205278569368215  0.98392540496236847  0.98570429840246321
  0.98745472723116823  0.98908532240709957  0.99076689178006760  0.99244088741102410
  0.99404166728283061  0.99569822050311818  0.99758758992247598  1.00000000000000000
  0.01334613817452607  0.12323940225639318  0.17381844156377732  0.21062345113648034
  0.23826120141528900  0.26013928652575824  0.27640290475234047  0.28932820905434314
  0.30248340538896318  0.31602215403292172  0.32972662261594221  0.34345205556674485
  0.35691673662545215  0.36875088955084551  0.37953360283151372  0.38962318903942078
  0.39914180196103954  0.40837749873176726  0.41777496768286043  0.42606477743309573
  0.43357848219734052  0.44106608288311094  0.44883241209264052  0.45698462204877971
  0.46507650656676269  0.47335377155545072  0.48152092852505585  0.48941153032937579
  0.49712276117977927  0.50498332117094891  0.51285081792632736  0.52053669508502076
  0.52784476372099487  0.53500804428892246  0.54251456624490701  0.54999691070991186
  0.55743577392265597  0.56461040742205260  0.57104045714597840  0.57715116198922978
  0.58334936374275581  0.59043973253962312  0.59779093978204434  0.60582099589411886
  0.61319836683722484  0.62020612276949705  0.62671424845322166  0.63328324612263109
  0.63974301566230307  0.64585547667297161  0.65182607810731652  0.65776283150229908
  0.66368710621272520  0.66944614869914298  0.67482169137862269  0.68059972877504327
  0.68684282666597951  0.69248202412875126  0.69776908291907058  0.70306579869609542
  0.70795146366004225  0.71315946825921661  0.71760470498697060  0.72174279466878866
  0.72586908198005440  0.73026376218211786  0.73537918317169337  0.74098714863941184
  0.74668068286777534  0.75185662875263304  0.75702508001711788  0.76241924885047774
  0.76781888242945751  0.77344263254435119  0.77932093079493148  0.78529528326523812
  0.79122597464487998  0.79678677901347417  0.80216568499578700  0.80783585574269212
  0.81367498196224530  0.81944611068511375  0.82486686623735983  0.83001852569130286
  0.83522288322460003  0.84022192606463375  0.84603080213076809  0.85256193846527450
  0.85919030731018375  0.86587652128251924  0.87288491950498337  0.88089542788863540
  0.89036280459234407  0.90399624144392376  0.92710084731299414  1.00000000000000000
   4.3356821632198191E-006  -1.0000000000000000     
 F F F F F F F F F F F F F F F F F F F F F F F F F F F F F F F F F F F F F F F F F F F F F F F F F F F F F F F F F F F F F F F F F F F F F F F F F F F F F F F F F F F F F F F F F F F F F F F F F F F F F F F F F F F F F F F F F F F F F F F F F F F F F F F F F F F F F F F F F F F F F F F F F F F F F F F F F F F F F F F F F F F F F F F F F F F F F F F F F F F F F F F F F F F F F F F F F F F F F F F F F F F F F F F F F F F F F F F F F F F F F F F F F F F F F F F F F F F F F F F F F F F F F F F F F F F F F F F F
  <DiscreteSampler_grid>
  grouped_processes
  1 # 1 for a reference and 2 for a running grid.
  10 # Attribute 'min_bin_probing_points' of the grid.
  1 # Attribute 'grid_mode' of the grid. 1=='default',2=='initialization'
  0.0000000000000000 # Attribute 'small_contrib_threshold' of the grid.
  0.5000000000000000 # Attribute 'damping_power' of the grid.
 # binID   n_entries weight   weight_sqr   abs_weight
    13   10   1.527525767804530E+000   9.679245781237023E+000   1.527525767804530E+000
    14   10   1.527525767804532E+000   9.679245781237032E+000   1.527525767804532E+000
    16   10   1.985596629416562E+000   1.636804802757570E+001   1.985596629416562E+000
    17   10   1.985596629416565E+000   1.636804802757571E+001   1.985596629416565E+000
    22   10   1.527525767804532E+000   9.679245781237030E+000   1.527525767804532E+000
    23   10   1.527525767804533E+000   9.679245781237039E+000   1.527525767804533E+000
    25   10   1.985596629416562E+000   1.636804802757569E+001   1.985596629416562E+000
    26   10   1.985596629416564E+000   1.636804802757571E+001   1.985596629416564E+000
    31   10   1.527525767804530E+000   9.679245781237013E+000   1.527525767804530E+000
    32   10   1.527525767804532E+000   9.679245781237030E+000   1.527525767804532E+000
    34   10   1.985596629416562E+000   1.636804802757568E+001   1.985596629416562E+000
    35   10   1.985596629416565E+000   1.636804802757572E+001   1.985596629416565E+000
    40   10   1.527525767804530E+000   9.679245781237020E+000   1.527525767804530E+000
    41   10   1.527525767804532E+000   9.679245781237030E+000   1.527525767804532E+000
    43   10   1.985596629416563E+000   1.636804802757570E+001   1.985596629416563E+000
    44   10   1.985596629416566E+000   1.636804802757572E+001   1.985596629416566E+000
    49   10   1.527525767804530E+000   9.679245781237022E+000   1.527525767804530E+000
    50   10   1.527525767804532E+000   9.679245781237032E+000   1.527525767804532E+000
    52   10   1.985596629416562E+000   1.636804802757569E+001   1.985596629416562E+000
    53   10   1.985596629416565E+000   1.636804802757572E+001   1.985596629416565E+000
    58   10   1.527525767804530E+000   9.679245781237013E+000   1.527525767804530E+000
    59   10   1.527525767804532E+000   9.679245781237023E+000   1.527525767804532E+000
    61   10   1.985596629416562E+000   1.636804802757570E+001   1.985596629416562E+000
    62   10   1.985596629416566E+000   1.636804802757572E+001   1.985596629416566E+000
  </DiscreteSampler_grid>
