  0.00000135177312917  0.00000138134424298  0.00000141241372708  0.00000144512920355
  0.00000148579987655  0.00000152768597503  0.00000157547548536  0.00000162848893167
  0.00000168403705316  0.00000173541253723  0.00000178259785165  0.00000183362030426
  0.00000188815047443  0.00000194289449887  0.00000198987430552  0.00000202983220092
  0.00000207392934683  0.00000211811906012  0.00000216243193081  0.00000222445191621
  0.00000229440975543  0.00000236367957039  0.00000242719896242  0.00000249432049759
  0.00000256713841304  0.00000264854184234  0.00000272684207283  0.00000279628523299
  0.00000286869102364  0.00000294522498198  0.00000303379254314  0.00000313318627552
  0.00000323604472991  0.00000334033900639  0.00000345192988247  0.00000357412073372
  0.00000370004712220  0.00000381718754098  0.00000393324782985  0.00000406381491698
  0.00000421276809956  0.00000437479385408  0.00000454719681022  0.00000473198616868
  0.00000491499701899  0.00000510388614049  0.00000529701822480  0.00000549262110672
  0.00000569771120979  0.00000591090769030  0.00000612953406130  0.00000635146280947
  0.00000663126088607  0.00000691365790787  0.00000720124296724  0.00000750127069419
  0.00000783378274472  0.00000819952867372  0.00000855458301578  0.00000898903303917
  0.00000944741518299  0.00000995755644589  0.00001053646899019  0.00001116960936858
  0.00001182902956007  0.00001247137000534  0.00001309597383081  0.00001377851084675
  0.00001460203451075  0.00001544613054392  0.00001629191368649  0.00001733307813536
  0.00001854912508754  0.00002009255304354  0.00002190079985156  0.00002399331458395
  0.00002644329437645  0.00002965450611680  0.00003359179738187  0.00003768091574045
  0.00004159836858286  0.00004570306101524  0.00005054389194526  0.00005654402487829
  0.00006600738347178  0.00007496856937738  0.00008320602098301  0.00009396377710673
  0.00010919074956004  0.00014024719793289  0.00019088074273556  0.00026626205217560
  0.00041312901517074  0.00093101937645024  0.07745652398957782  1.00000000000000000
  0.00000014614382627  0.00000015273058741  0.00000015944523300  0.00000017431874495
  0.00000018659592829  0.00000019646748550  0.00000020499447042  0.00000021205043631
  0.00000021861096042  0.00000022471630702  0.00000023091351158  0.00000023797064219
  0.00000024590553201  0.00000025433483170  0.00000026290092538  0.00000027057608975
  0.00000027683357867  0.00000028311146185  0.00000028999642237  0.00000029890399759
  0.00000031012468925  0.00000032521454374  0.00000033849826167  0.00000035250365947
  0.00000036804080585  0.00000038421714061  0.00000040101378850  0.00000041854974978
  0.00000044099543854  0.00000046687338047  0.00000049258774128  0.00000051591880909
  0.00000053711598408  0.00000055936078072  0.00000058352550255  0.00000060899111176
  0.00000063114443677  0.00000065206067492  0.00000067360233955  0.00000069654556784
  0.00000071923216487  0.00000074947090745  0.00000078048184560  0.00000081528894488
  0.00000085084890398  0.00000088087936346  0.00000092028174332  0.00000096710836783
  0.00000101447723689  0.00000107216476428  0.00000114382985147  0.00000121415481078
  0.00000128585485170  0.00000136190630681  0.00000145548958930  0.00000155722842687
  0.00000165861958219  0.00000176134334272  0.00000187692106483  0.00000201252817780
  0.00000215162781210  0.00000228308517916  0.00000241469989167  0.00000255371719292
  0.00000269885292980  0.00000287567719794  0.00000312614981126  0.00000337500820404
  0.00000371136905126  0.00000406598011243  0.00000442356472308  0.00000479144863067
  0.00000518855389668  0.00000564384673032  0.00000618643714015  0.00000679264005705
  0.00000748479630484  0.00000831362767835  0.00000929981033091  0.00001049017664203
  0.00001191809732245  0.00001368749320685  0.00001587661342617  0.00001860106581054
  0.00002207263332558  0.00002647382100878  0.00003247829299984  0.00004089084463031
  0.00005204434771728  0.00006902923290520  0.00010072455253570  0.00015794141900668
  0.00028966953987117  0.00067974995744146  0.02277404836105448  1.00000000000000000
  0.00000563861541546  0.00000742565406436  0.00000916350643574  0.00001063119267642
  0.00001230604816751  0.00001380520558212  0.00001524969225054  0.00001635568531256
  0.00001727869582318  0.00001816347657008  0.00001905031194863  0.00001996457813133
  0.00002088803681631  0.00002192591347405  0.00002314518346762  0.00002458562877689
  0.00002604234697146  0.00002746642636088  0.00002875728498116  0.00003000834996150
  0.00003122941871468  0.00003248179880431  0.00003375818252605  0.00003513436118061
  0.00003656526487054  0.00003802953537522  0.00003947389134904  0.00004087821791053
  0.00004237037442467  0.00004390878720062  0.00004550412001745  0.00004699676128872
  0.00004853242871125  0.00005020425523253  0.00005259299711125  0.00005494064799776
  0.00005711198545338  0.00005916067556010  0.00006121020892263  0.00006321374228287
  0.00006552266093915  0.00006812933347881  0.00007099053104291  0.00007396714761617
  0.00007706417598540  0.00008037010364865  0.00008383011908882  0.00008739057629679
  0.00009090395853773  0.00009449033057674  0.00009794789720413  0.00010145742189721
  0.00010498016613817  0.00010895412649730  0.00011341034070365  0.00011823036584215
  0.00012326073416811  0.00012847878956969  0.00013412064564793  0.00014014694152255
  0.00014708891162457  0.00015457160447343  0.00016228659173351  0.00016997539957246
  0.00017930545622503  0.00018874960228443  0.00019764989752199  0.00020652122052013
  0.00021610362329386  0.00022700406085559  0.00023996308324088  0.00025689431711352
  0.00027555099537754  0.00029655809813198  0.00031884059128177  0.00034628250499604
  0.00037489449983776  0.00040661866196045  0.00043876038411047  0.00047924045070634
  0.00052349139956279  0.00057503575725150  0.00063121563105978  0.00069403939122170
  0.00077089903522091  0.00086012735294818  0.00093768236544256  0.00104493719790060
  0.00116597486551807  0.00133352821199411  0.00159967469857145  0.00197511224158811
  0.00298680923351590  0.00782740480660877  0.32270850861891898  1.00000000000000000
 -0.00197345260485107  0.00773834995612568  0.01623969498374473  0.02472280199421357
  0.03316656417666951  0.04127500259679141  0.05219560636321473  0.06263769431830137
  0.07165095796806900  0.07922868461341744  0.08655210517993477  0.09387808104272849
  0.10261133553375242  0.11150705956935338  0.11878306688077479  0.12601448099248411
  0.13482570891063794  0.14615059776261041  0.15630144056183842  0.16694726351905362
  0.17698993044054628  0.18581411540016127  0.19333376467474225  0.20030461490985735
  0.20868210293674336  0.21838343880304029  0.22858733203255055  0.23847122648700425
  0.24820240842646127  0.25923167286541937  0.27129649584275939  0.28309851569367639
  0.29491256724811277  0.30653357479574717  0.31777112367788130  0.32968527676853687
  0.34173397037795722  0.35199906115302226  0.36145488723104896  0.37083033704371621
  0.38159565702924542  0.39393649798342228  0.40523272247052644  0.41746474658898336
  0.42895460262822011  0.43825181404410224  0.44636940748902343  0.45484386805213628
  0.46412295438986839  0.47388570101858934  0.48425639094582540  0.49535019153748716
  0.50710002792795372  0.51861995686250728  0.52935839194317458  0.53973369765903390
  0.55010736263912985  0.56175873212822169  0.57547230783319836  0.59012377777011416
  0.60587075649179989  0.62198582930557922  0.63815512930186136  0.65379111969084203
  0.66768268196744396  0.68039055478990906  0.69319282023237616  0.70649406397418157
  0.72013199345389989  0.73375770503788706  0.74743363806699592  0.76148245176635088
  0.77578525676279664  0.78857175430562199  0.80021628933932942  0.81119572175919119
  0.82101012867693224  0.83060926802789403  0.84032254637756776  0.85076302367666978
  0.86242807284145317  0.87371182747456033  0.88373264403160334  0.89304746381372946
  0.90205579334360553  0.91060595709288517  0.91866343110552828  0.92650496925460579
  0.93384291985218371  0.94152485920563911  0.95012637542723433  0.95986328999400894
  0.97071443353856424  0.98133943457490325  0.99097319285876739  1.00000000000000000
 -0.00123189462118502  0.00598109267298087  0.01304573642829626  0.01944716498378623
  0.02688552818568367  0.03645254508652569  0.04632315778406727  0.05493667010539874
  0.06397899797108608  0.07377225682158413  0.08593870722203686  0.09947086439722919
  0.11250462075997905  0.12476137289138409  0.13641325922764397  0.14784971945949102
  0.15885404042934376  0.16986603483096696  0.18144873494080779  0.19288406026682520
  0.20423508857209377  0.21542398510076433  0.22580725287661357  0.23648112815483607
  0.24727481539325033  0.25820262465555016  0.26886848913097222  0.27970561348782985
  0.28920716160452675  0.29761683984348292  0.30619537377576000  0.31552357766982975
  0.32798719895781203  0.34149251600994418  0.35368202542735572  0.36523033679421679
  0.37685431698046806  0.38881014581541212  0.40096734016147700  0.41236314261888052
  0.42238110210272223  0.43168140849147701  0.44177709264879583  0.45340207563309226
  0.46544055985298444  0.47646352942258813  0.48698459438509195  0.49662589974647037
  0.50570272729568078  0.51471404775892715  0.52301886955008747  0.53158438355199389
  0.54102614685778938  0.55083192566740946  0.56046535444869894  0.56964332621625180
  0.57909837421516475  0.58999455701207526  0.60185242818748474  0.61298949195337515
  0.62386202169057037  0.63565214589199759  0.64745971441302053  0.65903604255078474
  0.66885489171787127  0.67787777210567179  0.68694235944690030  0.69621991403089512
  0.70569323421694630  0.71414144943503843  0.72265632194142115  0.73191987738357356
  0.74394038201863311  0.75350300394427139  0.76209079655437961  0.77107668724428202
  0.78170917589491284  0.79307562464413717  0.80492931216635100  0.81679146469173536
  0.82793284298698799  0.83929305521264830  0.85191294733446798  0.86444403654512181
  0.87708321316362536  0.89003702691285036  0.90328023889667708  0.91506355939310358
  0.92575174780776825  0.93587139238463857  0.94576067445691570  0.95612783917414301
  0.96680801257376547  0.97765937802069647  0.98886154352416800  1.00000000000000000
 -0.00189931778876960  0.00717997439832158  0.01642696280311762  0.02564644431813092
  0.03517666123922361  0.04499650695734730  0.05415546221961002  0.06365705907405003
  0.07337527151572275  0.08224474510168041  0.09065893106022282  0.09917384951423779
  0.10936219299086231  0.12140105927180947  0.13390456916519564  0.14582297384994716
  0.15717716873987750  0.16787110460059573  0.17875381150006503  0.19116217356216716
  0.20452102749747134  0.21854648563468460  0.23087812868297816  0.24236638214265874
  0.25349724188388323  0.26338704509118155  0.27343277924025639  0.28399505228719285
  0.29460758957643207  0.30606732905833312  0.31784460123487468  0.33142042209617267
  0.34391864123851162  0.35617429907449810  0.36851546589239387  0.38113722790736171
  0.39429465398629798  0.40688637376243419  0.41799883134618532  0.42818450067510833
  0.43781303936812238  0.44637034197694631  0.45492501393851908  0.46342961427616658
  0.47229565709796001  0.48159445069405821  0.48959159624004495  0.49775339183761264
  0.50725300433476328  0.51793145794327466  0.52863472870908801  0.53669645878701056
  0.54631895707784894  0.55680909964300040  0.56729535589195856  0.57741912283994690
  0.58699420650643208  0.59634962188465002  0.60625579976289357  0.61665685350368549
  0.62799854817581791  0.64039050327178992  0.65251991500710382  0.66378313262634714
  0.67399302688177753  0.68299274990569403  0.69220467953618869  0.70035835297017879
  0.70973079994487476  0.72001150319275209  0.72993871890770601  0.74057945890153376
  0.75089369407809881  0.76251533342487110  0.77384449421374069  0.78600533710042486
  0.79734386511842914  0.80867870871402125  0.81965614511731788  0.83074034386826012
  0.84172644448598266  0.85223727645506064  0.86262588986015598  0.87322900726153108
  0.88440676130378604  0.89688982073404666  0.90868086335285569  0.92114999390237395
  0.93294969749127277  0.94408285999725317  0.95252101344023021  0.96147385287826159
  0.96992012210795575  0.97942270516509766  0.98910199968365387  1.00000000000000000
 -0.00165086484891980  0.00508429581208363  0.01316591635608305  0.02149014039415082
  0.03328277743895419  0.04320871970268784  0.05296050425938902  0.06299240552353896
  0.07433843710636548  0.08520233845891705  0.09576966095590932  0.10676045698719701
  0.11830932758775746  0.12976725459230379  0.14050905098704516  0.15115874725429390
  0.16237055153264462  0.17326552539858017  0.18402019061293481  0.19423106252094008
  0.20496278303475240  0.21617516836147091  0.22764482374527373  0.23936602370296584
  0.25032995858096529  0.26124043721823453  0.27226393464469600  0.28242764857219954
  0.29232990144436910  0.30073273046778554  0.31028749996782157  0.31974743281586215
  0.32821849578675871  0.33654394547784550  0.34572790654148222  0.35646419358924097
  0.36716454124879827  0.37763277148575891  0.38843925829211712  0.40091705404673611
  0.41236344499299277  0.42369589182947054  0.43504751050206564  0.44611379072395685
  0.45678194192693017  0.46679776245131893  0.47710587355780215  0.48638338109035684
  0.49602244844999577  0.50407081782306407  0.51137593599312470  0.51892075274481264
  0.52854380934629508  0.53830129488999678  0.54705650282481022  0.55650449798616719
  0.56666575479715198  0.57804124869539730  0.58799555996599173  0.59672746158370338
  0.60586127697659042  0.61449997406164869  0.62202441412259946  0.62811511359520666
  0.63408139198554370  0.64126115222794722  0.65282223451878629  0.66858645484850898
  0.68376938427512035  0.69742198719220938  0.71019851109251597  0.72304016808239857
  0.73610537489203642  0.74954356733127592  0.76141236282817959  0.77128983695164588
  0.78067957547048605  0.79024210333421474  0.80075344646670599  0.81264561277225089
  0.82392967880317436  0.83562685387399416  0.84658633170604158  0.85809658133488498
  0.86838023277726106  0.87906353013778682  0.89022490071568350  0.90216273015025861
  0.91522819919108767  0.92822002776828050  0.94005756508450522  0.95111434152733609
  0.96233378923810697  0.97461352407508395  0.98775822638794519  1.00000000000000000
 -0.00341175882452236  0.01390361408798028  0.02816892964896125  0.03980446007272872
  0.05023189989867939  0.05940833474434882  0.06927478828174660  0.07715260118925767
  0.08485911343454092  0.09242735018588884  0.10175025041205689  0.11501448754834429
  0.12797625586026853  0.14042386121601896  0.15282600404741378  0.16637607880561714
  0.18172893011332997  0.19664527409011312  0.21017845771356705  0.22219155600019716
  0.23237733165938895  0.24157504968894386  0.25120818954335816  0.26139421325267859
  0.27121397240151174  0.28077289538470096  0.29072034682197395  0.30167729003928095
  0.31352065989171912  0.32556733538757404  0.33772189558950999  0.34898245379597986
  0.35944043026000250  0.37021447102418992  0.38088354598241275  0.39112521071108147
  0.40039293130647807  0.40952171830780776  0.41850272150302242  0.42789331458048074
  0.43882075311039065  0.44947231403039734  0.46039725683427335  0.47148260185828184
  0.48255453079175986  0.49240366318194234  0.49989971688635881  0.50718230279304977
  0.51442083623653190  0.52310093591294748  0.53108285216031204  0.53990435423911176
  0.54832409706675023  0.55682307047740331  0.56559326402496535  0.57449413164327723
  0.58401489449122213  0.59412993954672433  0.60346159003587407  0.61191238734896380
  0.61944271912081916  0.62725037782830217  0.63741858617965408  0.64757748473334287
  0.65774521368372274  0.66733383657135326  0.67746579769866144  0.68791063027387700
  0.69615334790390937  0.70378339390829847  0.71147831864635569  0.72054836749883711
  0.73126602067234425  0.74087212038762718  0.74975142816229245  0.76116895701749754
  0.77368339458321778  0.78438964272469125  0.79492370686438951  0.80565292593104088
  0.81626629617928481  0.82691296915644563  0.83794449757482581  0.84990640822342112
  0.86252939351395197  0.87439753580582413  0.88639053841679016  0.89841572549783821
  0.91046668831331767  0.92160235977709881  0.93300396274810748  0.94484194970704016
  0.95760141203730997  0.97029017349706081  0.98368845002176930  1.00000000000000000
 -0.00254067913862649  0.01118096986797615  0.02296105587164849  0.03223470607122873
  0.04208658063744100  0.05205043470959401  0.06443596052527201  0.07578471098821737
  0.08568039546300851  0.09453880146824968  0.10355842650035800  0.11398629795623083
  0.12555684711262621  0.13736270907793241  0.14946189642318730  0.16308726709200855
  0.17635265544525980  0.18843348523213940  0.20044096516889492  0.21237346783974326
  0.22285642958691071  0.23250211049827182  0.24234118603389912  0.25349591811063926
  0.26640560596963531  0.27779448498469911  0.28876836053238486  0.29951393387001668
  0.30951240348703490  0.31846679151063784  0.32673213354546782  0.33499261713927664
  0.34358390706150332  0.35271498780673449  0.36122053752297534  0.37015792194922209
  0.38121204745863718  0.39480276209812176  0.40667477820568054  0.41723961202056808
  0.42826607920933751  0.44067794434826080  0.45234423375404609  0.46516362191438521
  0.47779354138151742  0.49004884799856963  0.50307200585753853  0.51698621391611177
  0.52973432803140885  0.54096556371150262  0.55128659214984943  0.56057155510921053
  0.56901841612127690  0.57718769518951019  0.58585067555800008  0.59537178195987639
  0.60510320742838086  0.61537869396917377  0.62626875131793036  0.63775759976520985
  0.64787510003444893  0.65669699582019125  0.66553152201783072  0.67471343527793126
  0.68368988924981056  0.69290377839858253  0.70120191884433458  0.70787510126913367
  0.71451114404983129  0.72196011140838701  0.73044987848213039  0.73937304922173552
  0.74820492190833987  0.75710294852264748  0.76540380562983223  0.77525971798816717
  0.78481663606878005  0.79541734186043500  0.80764897859283835  0.82073230187635038
  0.83332785694274714  0.84589094039048518  0.85723784692881910  0.86849206676296253
  0.88045368660064005  0.89130519739927550  0.90080229910186371  0.90922634582390660
  0.91891507649868787  0.92894662200387446  0.94000490130662018  0.95082144350337727
  0.96369658579414008  0.97642187314988538  0.98872099254123280  1.00000000000000000
  0.00049092330796079  0.01961891651605462  0.03981694051522058  0.05621372581797841
  0.06954052197887879  0.08124464145657632  0.09260130626304604  0.10416928104411724
  0.11568344677844004  0.12721633917031167  0.14053263495527385  0.15363966808750090
  0.16700019440847935  0.17731470294980228  0.18759458528885378  0.19686505196961748
  0.20528300796791027  0.21395658469868609  0.22202689627957231  0.23051034980987473
  0.24065519873413879  0.25147335780448848  0.26221231009190027  0.27303938972743019
  0.28303696355035757  0.29248661565217099  0.30155324583806453  0.31052435195691752
  0.31883871011240339  0.32624271867630417  0.33386348966527263  0.34131462668429735
  0.34925305011775643  0.35725992252141719  0.36515073918234842  0.37329467842279274
  0.38367522709846291  0.39544547386939033  0.40660135610169884  0.41716903018058388
  0.42834390224892310  0.44042195068858891  0.45053153839720644  0.45957660031395381
  0.46879933345412528  0.47817197254589716  0.48831384074990020  0.49872119302887641
  0.50758235518454276  0.51578382323143890  0.52388987864410563  0.53202568411269358
  0.54032646573214371  0.54905737437018409  0.55659035108285282  0.56433185145757070
  0.57188880194783676  0.57953684843929576  0.58828669027129910  0.59760564360948676
  0.60668145666409212  0.61706626802087372  0.62679910098300151  0.63595377199484882
  0.64515158691532648  0.65488729316722860  0.66507414898664707  0.67512372579367796
  0.68501635892645674  0.69543146214032092  0.70603879057325980  0.71601219881426759
  0.72515372686742263  0.73434069253899104  0.74479043229392083  0.75694058038912548
  0.76927484784463351  0.78101030878745992  0.79232354641950786  0.80408882461943088
  0.81569905687004129  0.82726243538929611  0.83749605932465820  0.84656276093484073
  0.85493134145367844  0.86355183603863239  0.87382124986208476  0.88574930132607788
  0.89649058074918775  0.90545247281675945  0.91471427963704499  0.92625147875842573
  0.94107114831339655  0.95859069875999880  0.97912831484978191  1.00000000000000000
 -0.00273510476489851  0.01013882747133894  0.02133945190287139  0.03391339346152270
  0.04504106368577458  0.05359706537350097  0.06214853743170064  0.07102241178509271
  0.08017297571852912  0.08973802333097210  0.09906072035799598  0.10825305681820201
  0.11750115491189035  0.12724294773103678  0.13730163483284663  0.14707136803343376
  0.15634322932656777  0.16567751969913971  0.17491926767040680  0.18394478297048886
  0.19219710122498118  0.20087871706175828  0.20959811582610657  0.21913822928186036
  0.22971330350388394  0.24075157844892597  0.25004211571685386  0.25969494368260915
  0.26966164103406204  0.27904643508556720  0.29001608038819471  0.30033716337034239
  0.31049103765422648  0.32038697849398717  0.32979324771572893  0.34067748597985487
  0.35242013561838464  0.36377879455984946  0.37414097555106113  0.38408195928681893
  0.39410492312555645  0.40437086229959046  0.41490908750079741  0.42594256800333585
  0.43713894411285059  0.45038441600133383  0.46408165004656060  0.47687806856159615
  0.49049505820939310  0.50287501870088247  0.51417101352702099  0.52497375292039683
  0.53516519947572705  0.54486063482240377  0.55349545050437909  0.56228470483103488
  0.57190150095609638  0.58247926390266513  0.59331595258707015  0.60414511658687919
  0.61546882677496151  0.62795268759339196  0.64092514712880166  0.65451826976562744
  0.66792078820259726  0.68070646707018667  0.69226363114338563  0.70368247745600154
  0.71436110607072245  0.72460352580466658  0.73478805369055333  0.74422697142021121
  0.75303215946746405  0.76201291382974945  0.77108574218698378  0.78087947458651730
  0.79109271262838110  0.80153582048877059  0.81233594502782014  0.82235706443365320
  0.83165058621510835  0.84073324665081084  0.84996454410949440  0.85966901631328274
  0.86901094978712778  0.87896161841366072  0.88976453009588052  0.90079021036379969
  0.91262866417503807  0.92461135790734628  0.93808206987791809  0.95276920699473366
  0.96664007561597320  0.97878439762332592  0.98914672432705275  1.00000000000000000
  0.36510665765555472  0.40582083045101452  0.41081402008340101  0.41724778200173751
  0.42848060769562141  0.45315150549130734  0.47172748161417916  0.47907565487657794
  0.48529666225346318  0.49144485381744690  0.49695788528788787  0.50340740923487015
  0.51156722335948568  0.51788485033285780  0.52452259301588833  0.53148855602653355
  0.53833665788574792  0.54695723331717550  0.55202139395198191  0.55543388903075230
  0.55887050921514825  0.56246082642393558  0.56936021315920193  0.57680088744966262
  0.58183197941748988  0.58576070768175048  0.58948849923994895  0.59346449932979517
  0.59786574531926695  0.60327125819975180  0.61048120559050467  0.61775904883804311
  0.62356156511492311  0.62928550840755082  0.63487539570361284  0.63990044180785011
  0.64669407226678044  0.65345840598206484  0.65996640735339873  0.66591132046547807
  0.67148027878335670  0.67733538771527702  0.68337832870639648  0.68988041715170334
  0.69685352120370103  0.70356626795557953  0.71029415965519516  0.71642158929488131
  0.72265732799166016  0.72875276220465268  0.73509386754606343  0.74053283280355764
  0.74575485876491654  0.75061217538234026  0.75514806641506282  0.75948905572726866
  0.76382895500802306  0.76817504161306571  0.77275897821466455  0.77754280956739874
  0.78247099015204125  0.78763292583317401  0.79319413849218268  0.79918366334819813
  0.80511813004976129  0.81112758817188513  0.81706068152271538  0.82304676590353754
  0.82897514716210263  0.83496461621878992  0.84083501762828328  0.84675546887322140
  0.85275735609814307  0.85863373165421808  0.86419171891102620  0.86959908892353255
  0.87508418172653246  0.88049810304014264  0.88586306928246961  0.89135325495996676
  0.89690948535095749  0.90286716973668701  0.90813835798110421  0.91344827650864768
  0.91850670194673834  0.92416515650282993  0.93009552764517445  0.93570609522195758
  0.94221737202528533  0.94860585819023180  0.95469193450325684  0.96120375530902014
  0.96865141988192494  0.97767452879733396  0.98846747878364150  1.00000000000000000
 -0.00282825156976103  0.11656131841885450  0.14876202775854774  0.16865679697666222
  0.18402130753796517  0.19645450532179676  0.20828084783034315  0.22152706520817655
  0.23335198789271963  0.24331169881812609  0.25275372389687722  0.26151245114772365
  0.27058089273790753  0.27953885888194374  0.28932068644722586  0.29841038662228425
  0.30683993372981039  0.31480810072079846  0.32266371799463012  0.33072340316258392
  0.33832405701496349  0.34580378534089146  0.35248841506865852  0.35823369967638685
  0.36356420616134733  0.36869752861256022  0.37441775044598746  0.38029684875079983
  0.38592530496119082  0.39107739710011702  0.39656516490402632  0.40264840994143891
  0.40906275618028104  0.41568006324360662  0.42233184096179044  0.42899210625788214
  0.43567559802790085  0.44216456427505346  0.44856486320313893  0.45477721459281356
  0.46076773219612616  0.46605515154805516  0.47126317627632325  0.47634176794938743
  0.48146597647874279  0.48691723165057077  0.49271615366354710  0.49862683440884625
  0.50408856000910185  0.50906504581256606  0.51385174017495239  0.51865907724569160
  0.52388920249598103  0.52922961705131133  0.53419140943733689  0.53855708471004349
  0.54273556873087792  0.54693544925406989  0.55084791632234698  0.55479132056902114
  0.55925447833249675  0.56417412586187843  0.57027470619884768  0.57731598442218690
  0.58443505629875214  0.59208690070631287  0.59970198940363728  0.60692881438741486
  0.61386847909622388  0.62009990036192297  0.62629290363089340  0.63239038558036453
  0.63864082084996809  0.64544062188272877  0.65247535950752489  0.65872661354856976
  0.66499538034043171  0.67100874141466360  0.67731881571330044  0.68431721809830148
  0.69197547230166134  0.69923064892945397  0.70687551070098920  0.71459968537113716
  0.72331771506766562  0.73363095676865708  0.74547926066654302  0.75581077915542905
  0.76537871567926719  0.77538860811972798  0.78798285337922280  0.80333108480564963
  0.82141671887411827  0.84486035675634219  0.87606244190375049  1.00000000000000000
   1.5534069422265507E-007  -1.0000000000000000     
 F F F F F F F F F F F F F F F F F F F F F F F F F F F F F F F F F F F F F F F F F F F F F F F F F F F F F F F F F F F F F F F F F F F F F F F F F F F F F F F F F F F F F F F F F F F F F F F F F F F F F F F F F F F F F F F F F F F F F F F F F F F F F F F F F F F F F F F F F F F F F F F F F F F F F F F F F F F F F F F F F F F F F F F F F F F F F F F F F F F F F F F F F F F F F F F F F F F F F F F F F F F F F F F F F F F F F F F F F F F F F F F F F F F F F F F F F F F F F F F F F F F F F F F F F F F F F F F F
  <DiscreteSampler_grid>
  grouped_processes
  1 # 1 for a reference and 2 for a running grid.
  10 # Attribute 'min_bin_probing_points' of the grid.
  1 # Attribute 'grid_mode' of the grid. 1=='default',2=='initialization'
  0.0000000000000000 # Attribute 'small_contrib_threshold' of the grid.
  0.5000000000000000 # Attribute 'damping_power' of the grid.
 # binID   n_entries weight   weight_sqr   abs_weight
    13   10   5.555567882014067E-004   1.794401918376258E-006   5.555567882014067E-004
    16   10   1.372369430354055E-004   1.089630374725674E-007   1.372369430354055E-004
    22   10   5.604470792507302E-004   1.835784617423025E-006   5.604470792507302E-004
    25   10   1.397298184700129E-004   1.140208676097956E-007   1.397298184700129E-004
  </DiscreteSampler_grid>
