 -0.00329330183836463  0.01448715094664360  0.02808699156473878  0.04043366550438964
  0.05250287095912502  0.06411273022522951  0.07585979267545645  0.08769226666627293
  0.09857956426782878  0.10913194282939931  0.11941146167026691  0.12989484426008824
  0.14132041822929731  0.15277727137227401  0.16420807679064961  0.17551246668145934
  0.18704088999148855  0.19819335865275720  0.20905730312582207  0.21926868475582786
  0.22985050762289419  0.24052476766785388  0.25070791186646513  0.26037248391366230
  0.26966840838398709  0.27930422472688787  0.28943028330998843  0.29981428013975647
  0.30995562168626162  0.32010497243849795  0.33015742371596563  0.34003168444721327
  0.34931689558459433  0.35866476948432141  0.36851781875661438  0.37856509076140887
  0.38902617796618111  0.39922064433025145  0.40952272675731050  0.42007407111529527
  0.43084342448610669  0.44181875318575953  0.45229599561240924  0.46242767114646693
  0.47242028649853823  0.48252644363033376  0.49279731233490387  0.50320547289940654
  0.51370259550539776  0.52433570935898244  0.53470864836490128  0.54443442067227088
  0.55415370579357537  0.56412077548376383  0.57456180186824513  0.58571811409511265
  0.59703365276235854  0.60781155691642808  0.61834055235396457  0.62937129532477798
  0.64118277473305973  0.65277300444239617  0.66359398332654917  0.67406589032839681
  0.68437571202805392  0.69486258159370573  0.70520352560312682  0.71485448518053107
  0.72428886012603055  0.73388649553320229  0.74441034540988338  0.75542224808526148
  0.76589927173326788  0.77688090484198502  0.78827501008530476  0.79965907201505859
  0.81061618359663046  0.82116808309533396  0.83159331828601391  0.84189306266375363
  0.85266013114554573  0.86435916763107357  0.87596705769929528  0.88647355409094430
  0.89681531515919766  0.90790222929401798  0.91889442556251166  0.92902090937878412
  0.93879674138451230  0.94865689544426168  0.95868997457283089  0.96835411128485349
  0.97726132720918901  0.98537069947095346  0.99287176877725536  1.00000000000000000
  0.00000153521103481  0.00000156393306188  0.00000160702814648  0.00000164951231581
  0.00000168667517807  0.00000172330052892  0.00000176867525033  0.00000181854168182
  0.00000186262671741  0.00000190724363372  0.00000195027952008  0.00000199328135504
  0.00000203721581022  0.00000208311326674  0.00000215029654298  0.00000221577947663
  0.00000227697438588  0.00000233945788920  0.00000240814444357  0.00000248338228325
  0.00000256949471754  0.00000266898298839  0.00000277783525933  0.00000288019878828
  0.00000297861354066  0.00000308161573779  0.00000318896910579  0.00000330150952259
  0.00000342709099624  0.00000357298870795  0.00000370763975143  0.00000384844263066
  0.00000400621321899  0.00000417732638891  0.00000435287622590  0.00000452634293865
  0.00000470211640340  0.00000489257057113  0.00000509693628030  0.00000529381189226
  0.00000550372163588  0.00000574172554477  0.00000600883525122  0.00000628671430780
  0.00000658236160310  0.00000689533501128  0.00000721589060031  0.00000755319501521
  0.00000791813443380  0.00000829503393235  0.00000866198760829  0.00000911489681135
  0.00000959653844139  0.00001013032295875  0.00001072047876438  0.00001135243895300
  0.00001202831805096  0.00001274242027121  0.00001349384010322  0.00001432448394295
  0.00001528083247849  0.00001635129058577  0.00001750783452774  0.00001874296550180
  0.00002009336046889  0.00002159783949671  0.00002324535035702  0.00002509216145475
  0.00002720379167687  0.00002965398533879  0.00003237727909304  0.00003536479123870
  0.00003880447194910  0.00004284353276550  0.00004718001853879  0.00005197515491689
  0.00005752016416596  0.00006453004311498  0.00007362448241499  0.00008369371165618
  0.00009496318988257  0.00010889428814177  0.00012694636472391  0.00015059459528639
  0.00018089993204575  0.00021851290273986  0.00026739315229835  0.00033965205670316
  0.00044454282292904  0.00057696329037457  0.00076357362050349  0.00111320244095097
  0.00162361220120874  0.00334505280002294  0.01311624972256049  1.00000000000000000
  0.00000164384762402  0.00000170976771194  0.00000177568779987  0.00000179940241255
  0.00000182159092727  0.00000185693707944  0.00000189715891320  0.00000195405344788
  0.00000202581080617  0.00000211036710332  0.00000218413020214  0.00000225657752773
  0.00000232968569647  0.00000240538811604  0.00000248466439556  0.00000257244323670
  0.00000267157046267  0.00000277707212722  0.00000289934005034  0.00000304761973561
  0.00000320107623091  0.00000334838810486  0.00000350789491756  0.00000368151518973
  0.00000387212902876  0.00000408494275729  0.00000431851757827  0.00000455272817616
  0.00000483072227768  0.00000513925142143  0.00000545251401714  0.00000578344789398
  0.00000613371703792  0.00000651985506169  0.00000695405681531  0.00000741305111604
  0.00000789631221323  0.00000841173086944  0.00000896275147509  0.00000960560103905
  0.00001030677990104  0.00001106992265801  0.00001185753800310  0.00001271515881430
  0.00001362008922028  0.00001451193970460  0.00001553006244913  0.00001661304681363
  0.00001792792243440  0.00001935521384806  0.00002089987959978  0.00002254639794610
  0.00002432374341351  0.00002630991781366  0.00002849719403388  0.00003080715433302
  0.00003313507673044  0.00003553416831679  0.00003819045994263  0.00004112350968604
  0.00004436466877067  0.00004786120368813  0.00005184293242208  0.00005631563643370
  0.00006189099493001  0.00006765426969250  0.00007404406072593  0.00008069857831315
  0.00008822127005241  0.00009607281078641  0.00010437219240243  0.00011350314432888
  0.00012418121370247  0.00013698326689041  0.00014942420262421  0.00016403248540187
  0.00017854548068241  0.00019471244152987  0.00021413574707352  0.00023880519160128
  0.00026636105365129  0.00029552719487392  0.00032838055085163  0.00036801387930496
  0.00041340936221710  0.00046302177145761  0.00052116663290485  0.00058345469735542
  0.00065575924496088  0.00075019924067644  0.00093681732915510  0.00133441767827782
  0.00178977408482562  0.00269526120636564  0.01382860551467845  1.00000000000000000
  0.00000298080381704  0.00000313745713768  0.00000335955156132  0.00000363389679477
  0.00000395511634522  0.00000426548045674  0.00000453505319777  0.00000479832749840
  0.00000506109866273  0.00000536000657441  0.00000568828771756  0.00000598677429417
  0.00000624869095463  0.00000651719178524  0.00000679775028878  0.00000708506227951
  0.00000740071174813  0.00000774161664150  0.00000811077866981  0.00000850165000893
  0.00000890516921232  0.00000931236902563  0.00000970989810881  0.00001009027783601
  0.00001045045623501  0.00001086370633913  0.00001130212843527  0.00001173686269225
  0.00001229118192844  0.00001284640772502  0.00001340472991070  0.00001398811058905
  0.00001460973223968  0.00001527726846144  0.00001598475132280  0.00001672730370709
  0.00001751557315764  0.00001831871736188  0.00001917081782527  0.00002006894212276
  0.00002100225409707  0.00002195634037694  0.00002297530691693  0.00002416627852481
  0.00002540858280471  0.00002676253773991  0.00002818939220152  0.00002965952679056
  0.00003124810993754  0.00003297228411505  0.00003476493719270  0.00003670323362108
  0.00003889550669371  0.00004137019902614  0.00004408945091476  0.00004700472246331
  0.00005015082316851  0.00005370977405502  0.00005788379591008  0.00006255866260121
  0.00006770128175313  0.00007326226408640  0.00007950694357666  0.00008662896003578
  0.00009468286458157  0.00010406133038275  0.00011409278731737  0.00012503125003207
  0.00013679570879648  0.00014902908033628  0.00016500871270626  0.00018118753552538
  0.00019973626641258  0.00022013183837184  0.00024363137458577  0.00027156025736347
  0.00030421965282022  0.00034225576485248  0.00038754384987815  0.00043660567786440
  0.00049634943289522  0.00056008508366355  0.00063275515293854  0.00071705281783253
  0.00082888889562718  0.00096889921371059  0.00114449413836896  0.00136165935134129
  0.00165256366802320  0.00205307400740769  0.00256036067115821  0.00304422440932902
  0.00361977344331678  0.00488191479940795  0.01855811856159686  1.00000000000000000
 -0.00109174871615785  0.00748401904759928  0.01497731338739667  0.02316439718955968
  0.03238661010214881  0.04220059177963318  0.05245726080083105  0.06256953195667279
  0.07290743626857418  0.08345183825657840  0.09394120876311844  0.10453900236927757
  0.11472870696146917  0.12429344747919494  0.13369044149065951  0.14283640238086104
  0.15297650144713398  0.16328359632531445  0.17429710630424347  0.18565613485432633
  0.19717673490343615  0.20855486092551723  0.21990925515106710  0.23091963612060035
  0.24207704884033926  0.25331141112147215  0.26486113071968065  0.27637469705258610
  0.28747943518972469  0.29839139791506242  0.30933916271349382  0.32034010436444904
  0.33102559953662880  0.34144323330337917  0.35186570288168423  0.36281865195393143
  0.37425879700281772  0.38589067507812497  0.39764939584972220  0.40933094512407164
  0.42098644100958849  0.43215248524804090  0.44354083998741778  0.45533713152828875
  0.46712097510479383  0.47830496327024113  0.48901734792352342  0.50026611604068749
  0.51220400792659937  0.52369399366474711  0.53446516982652703  0.54464304589475143
  0.55531513188104009  0.56643961345233251  0.57824655387096702  0.58991702123513157
  0.60131438798422776  0.61251960520193516  0.62393087696980698  0.63554769388564081
  0.64743753108079316  0.65890838616600678  0.66999249190966670  0.68079683052089712
  0.69188019597172823  0.70294673339078462  0.71367352973521025  0.72376201400262241
  0.73325177988111823  0.74259070058942767  0.75215042607493166  0.76198414738909426
  0.77193331944778321  0.78133506786260021  0.79012916277048906  0.79908901987509406
  0.80877031928093679  0.81927375591298301  0.82925749032530338  0.83923388874307037
  0.84988360359047688  0.86074113769352467  0.87160288121236784  0.88177912840595385
  0.89144722576237456  0.90113767285026947  0.91002557952600260  0.91936185912355739
  0.92856007248931072  0.93833375628072946  0.94895789837062317  0.95975240348747204
  0.97008207360694931  0.97986506422762909  0.99003218174241592  1.00000000000000000
 -0.00244471067551247  0.01034194853040501  0.02011364512699330  0.03007551586344352
  0.04036360432771342  0.05120050178165510  0.06181816930830341  0.07172246806513501
  0.08143127021534262  0.09137629133700763  0.10124712277621375  0.11144851895501551
  0.12147497529997707  0.13127940514013467  0.14053248073331709  0.14961044579452012
  0.15875865005166406  0.16837267252443627  0.17852876810805954  0.18956237859470684
  0.20038613182544401  0.20990698749940223  0.21918811256021875  0.22844318834199187
  0.23871057292969905  0.24999976153033240  0.26133084560003383  0.27263169235057805
  0.28413197574582516  0.29574257841720636  0.30734425960305445  0.31840039704268314
  0.32841781478342041  0.33820857227322548  0.34794763956811442  0.35825165980935242
  0.36881098095665893  0.37981506961637557  0.39135340706307475  0.40267210170750756
  0.41333515630816164  0.42364661779139889  0.43391646678090418  0.44389348593230865
  0.45346434745181158  0.46310178442281064  0.47276800235995925  0.48229160487265998
  0.49180224879132262  0.50126873314152942  0.51075153376827420  0.52023758395713160
  0.52989353701204800  0.53956998428996461  0.54926455238662297  0.55964528336181130
  0.57122478295987356  0.58361616402627514  0.59536247037559864  0.60578465297770345
  0.61547073419636877  0.62510353836095756  0.63455788733552931  0.64427034214925760
  0.65457750861985142  0.66559515532753855  0.67660291924074223  0.68795015773596901
  0.69987964663755509  0.71162294403270610  0.72270965322409353  0.73376019014247984
  0.74485500928139048  0.75682115531104510  0.76865369102908354  0.78041540587873925
  0.79184175751628405  0.80298990500622081  0.81387409544815459  0.82474653629039762
  0.83591749558010353  0.84752847332107251  0.85964692088550199  0.87200910715370439
  0.88398069486509934  0.89586190980161307  0.90741055625124145  0.91898056371366199
  0.93034604110042873  0.94086210852516616  0.95079618483574280  0.96031507503870872
  0.97014596361158667  0.98026803995349554  0.99009569709384770  1.00000000000000000
 -0.00294147689286879  0.01113044166955555  0.02273544029159574  0.03360462913381254
  0.04377314633013973  0.05378374174609474  0.06439957520211390  0.07597716848194545
  0.08713860822704508  0.09695323260333502  0.10635445279808811  0.11583718678126663
  0.12619606603483982  0.13596420014025332  0.14529972325853505  0.15421658103738584
  0.16313532734988628  0.17293807570080821  0.18368152956303491  0.19460452952230731
  0.20579236162635492  0.21705132048986242  0.22861710556503656  0.24051896841637541
  0.25189061705173110  0.26326732029380950  0.27460433070003853  0.28572209556017492
  0.29656649755592673  0.30722209088376384  0.31775113407395700  0.32771304379457938
  0.33778060806004628  0.34802969191909777  0.35780795479528998  0.36749096340848603
  0.37738308498881606  0.38822260070850151  0.39954353836414264  0.41140943983864736
  0.42271996422658653  0.43350669552478566  0.44299071341175383  0.45228063782505618
  0.46222786226263579  0.47276242722958206  0.48370865121224105  0.49467530127074416
  0.50563210288376648  0.51624628373636139  0.52671882219581556  0.53729447816938269
  0.54801982095929680  0.55875096468591257  0.56963708460131890  0.57978014869538763
  0.58967546400783533  0.59962894098150010  0.60926737660245633  0.61879846712291364
  0.62867845207416440  0.63917045161903463  0.64990669165436588  0.66095192998295249
  0.67237820749967381  0.68502866252362327  0.69710884687056218  0.70837615602500914
  0.71892377958625786  0.72906543159873483  0.73936026242013686  0.75012145349388959
  0.76134836777525683  0.77285409848564646  0.78437804633861374  0.79539396361122405
  0.80591589656293905  0.81674129742367563  0.82769149235204620  0.83839059891809409
  0.84882151058301325  0.85930558303458804  0.86928707474323119  0.87924795820011459
  0.88827582224892410  0.89776648223409106  0.90736521349683874  0.91744483237158025
  0.92825823829134435  0.93873506803859408  0.94921751892461215  0.95912441063364462
  0.96911576802715438  0.97947795570243390  0.98978315270251771  1.00000000000000000
 -0.00007855608295546  0.00016001987043905  0.00037740405089341  0.00051737112498487
  0.00064036962267722  0.00073126574268123  0.00082421365460362  0.00091846730941101
  0.00102301820586136  0.00113086865865549  0.00124370475680187  0.00135402294304146
  0.00146390128886297  0.00158019553328517  0.00169943657123389  0.00182312237748711
  0.00195010143063862  0.00208195243227297  0.00223293286837493  0.00238542779818456
  0.00254227245039947  0.00271469483504474  0.00287951880246044  0.00304241393449080
  0.00320474391635477  0.00336039189136499  0.00351807082494007  0.00369172543334072
  0.00386245253972845  0.00403127053760862  0.00413568837073014  0.00423227754588291
  0.00432228717887968  0.00443217312072959  0.00454751323445804  0.00466727336267590
  0.00478622518020893  0.00490068105867294  0.00501568685781482  0.00512886323160156
  0.00523030774115906  0.00533587720460769  0.00544197983117346  0.00557061026806299
  0.00574910266744271  0.00593866394544197  0.00613591595245824  0.00633203031213886
  0.00647335103666184  0.00661205422616153  0.00674202662462592  0.00687199902309031
  0.00700368226372285  0.00713625435414411  0.00727091378847536  0.00744451948129283
  0.00761882215511610  0.00786543920508737  0.00813111482199888  0.00839245464216847
  0.00863164478255058  0.00896305544383148  0.00929500507278635  0.00967601366591694
  0.01005203701259223  0.01037268489836722  0.01067000416839474  0.01101143210022170
  0.01131614118693119  0.01164712389565446  0.01221669737727381  0.01272715474323086
  0.01309646898423391  0.01349368825600613  0.01391904781972814  0.01465825620283798
  0.01533209251567979  0.01609496137812839  0.01667245279361279  0.01726847472752815
  0.01794842371275318  0.01850996516011682  0.01907714438572846  0.02018200495619665
  0.02128020347990330  0.02223220644147843  0.02399573932744655  0.02692634435282793
  0.02888942568346681  0.03033474090402405  0.03141990897090272  0.03438041169241757
  0.03853210125655833  0.04424233070099034  0.04748022263235380  1.00000000000000000
 -0.00290845680393935  0.01103896607729195  0.02276097619887339  0.03466382825758177
  0.04574340846245305  0.05627377952861736  0.06678016404710194  0.07627737027205025
  0.08564687686751755  0.09507611154061486  0.10562003861522859  0.11715725127442281
  0.12901365242105220  0.14052216238223156  0.15180881007551369  0.16301504012455639
  0.17535072912859509  0.18745769505785095  0.19969275489942989  0.21073003966766701
  0.22106182279934442  0.23046838156528204  0.23914408022762149  0.24856894566963114
  0.25819001270096642  0.26866604730567772  0.27963036963437443  0.29099652896541484
  0.30215550449895862  0.31239300953337901  0.32204583535819725  0.33151748094251948
  0.34144472856807795  0.35251310080050291  0.36456528406907041  0.37631046566215781
  0.38646073114901458  0.39662903070441036  0.40669637864310715  0.41710840084404371
  0.42775030206804343  0.43863561914907001  0.44961156134467756  0.46044999782064605
  0.47077620192938718  0.48021851102640878  0.48917220655775456  0.49814285526781354
  0.50761504396401180  0.51696618837069563  0.52599711578794262  0.53496221488149232
  0.54431896498703969  0.55351148110640225  0.56225142858201693  0.57118389820027682
  0.58045019856087798  0.59109742297244960  0.60196379375539177  0.61190939085303797
  0.62193565879573209  0.63122255551443396  0.64066476426770591  0.64990810528293530
  0.65887641914633566  0.66797608423241128  0.67738363065643159  0.68729292628897332
  0.69776120539535647  0.70867984599598188  0.71962496150090260  0.73006934238134424
  0.73992057053962579  0.75022848924299446  0.76156834460497935  0.77226849165070743
  0.78303178797361850  0.79448699054163119  0.80701648878651944  0.81849902811727127
  0.82800555987614766  0.83769614096865286  0.84691593721780778  0.85872951752728877
  0.87120966918128728  0.88362653618151143  0.89584509846420757  0.90693405566244367
  0.91805682106476794  0.92897000648098160  0.94022277652800146  0.95160657491932432
  0.96354330767842866  0.97568911594116603  0.98765486404414138  1.00000000000000000
 -0.00003676001219127  0.00006837962717545  0.00013583342203764  0.00020410763096575
  0.00027541930505609  0.00034673097914643  0.00042097610613866  0.00049737960271318
  0.00056138237742631  0.00060226800968289  0.00064557632989107  0.00069224557369249
  0.00073837548732499  0.00078429548396603  0.00082935713435610  0.00087409499462429
  0.00091790240368552  0.00096109106175548  0.00100354347486836  0.00104580384696921
  0.00108793492326071  0.00113280619229379  0.00118208482829557  0.00123126027954877
  0.00127818550314358  0.00132511072673838  0.00137631740890989  0.00143053665445234
  0.00148653254503570  0.00154460872536223  0.00160157360406821  0.00165731268815112
  0.00171387821990927  0.00177163184763716  0.00183076170876613  0.00189180813501313
  0.00195697430795034  0.00202574825017907  0.00209071507515097  0.00215520528636017
  0.00222210820358518  0.00229105307235721  0.00236786649091468  0.00244795315771184
  0.00253094850692287  0.00262069733992156  0.00272855399668608  0.00284839201650033
  0.00296665367031551  0.00305195627993255  0.00313933090086914  0.00323008110987081
  0.00332918126253461  0.00343449456518112  0.00362255479856801  0.00375930442333865
  0.00388820838722467  0.00401549822341068  0.00415177786763375  0.00430865333153908
  0.00445847615288241  0.00460033468079955  0.00470807121827652  0.00481772804972167
  0.00492894566901308  0.00504229689719705  0.00517274889683921  0.00530467603027577
  0.00543709198861645  0.00557198042288232  0.00568523293207195  0.00579896001564473
  0.00592051865152212  0.00604752942660790  0.00618268357756270  0.00641885641562222
  0.00667723877994088  0.00737822599740240  0.00772945276621174  0.00801982903451182
  0.00819821403282093  0.00837895838838189  0.00857420681113294  0.00891327173110751
  0.00953412294038284  0.01286361684048017  0.01339240335520782  0.01404024708489193
  0.01628533437535699  0.01982856257060936  0.02032479156789944  0.02082429526309968
  0.02388721001882888  0.02592512201933854  0.04036006424272762  1.00000000000000000
 -0.00200956197720575  0.00870518380223799  0.01778285638482654  0.02722621844742789
  0.03698929538181620  0.04784536544884275  0.05892729086596216  0.06989877201675369
  0.08023635463278569  0.09084560576956641  0.10067094884081522  0.11059741563205486
  0.12045586283208583  0.13017265129440539  0.13974484942283422  0.14940825558359558
  0.15945841630023166  0.16979994208743643  0.17974932186515141  0.18973437735867471
  0.19946046636213416  0.20933720143496148  0.21979478230908622  0.23062998234538096
  0.24199967162829833  0.25308971498954147  0.26341471196891814  0.27319666185187902
  0.28285275505003632  0.29322835382628093  0.30454483578780778  0.31578528606094991
  0.32597147146439415  0.33562271713061043  0.34562976250494643  0.35658414946288319
  0.36839897342351496  0.38143142508153255  0.39427369633987502  0.40598639456742119
  0.41714610419684067  0.42816766712243504  0.43881935901162061  0.44928873835478705
  0.46009696950502493  0.47164063937174305  0.48288945314512066  0.49344783258265618
  0.50404336063658461  0.51491513060205762  0.52591894772359349  0.53661927862225955
  0.54723049117063816  0.55788508272961301  0.56850551509241476  0.57932550538982119
  0.59051356318966064  0.60184491067863621  0.61179328565093161  0.62084278772715107
  0.62978090305810774  0.63879553084666396  0.64835840562143909  0.65810606180115505
  0.66798199387812862  0.67848239535781096  0.68819067067357276  0.69809025470381347
  0.70827645726518951  0.71944821945012338  0.73110619540247124  0.74283795771100714
  0.75494789279019558  0.76731393950619697  0.77787622112646870  0.78799512363059698
  0.79824652375308813  0.80905056864647384  0.82022637053971470  0.83115847386874342
  0.84182669945857569  0.85229383311053941  0.86230014206486394  0.87197226417001172
  0.88175903323770644  0.89133475033534770  0.90092113961579567  0.91045274539699039
  0.92078888997445230  0.93279118755884138  0.94464591687003541  0.95602954173521404
  0.96673025776282528  0.97767934759492570  0.98849569174226215  1.00000000000000000
  0.56166991920548914  0.76053372340090064  0.76343709472972576  0.76610329668425048
  0.76851398474224475  0.77110533978330609  0.77346175330738365  0.77556202779770189
  0.77751164872826439  0.77975376689449671  0.78224197681513719  0.78534862787219561
  0.78870779538099678  0.79150517800121623  0.79376395714210102  0.79578318563642048
  0.79779995476422927  0.79993069270835659  0.80216734371112497  0.80435404219212225
  0.80649461620384866  0.80860410899349755  0.81067610283829583  0.81288058399257179
  0.81537084832458018  0.81811783965962792  0.82093910633808465  0.82365499114046614
  0.82622839857738395  0.82872563057033088  0.83112945854979714  0.83358140092928934
  0.83605219165076927  0.83855048105649943  0.84105883157987216  0.84354920283773527
  0.84601103446361625  0.84844258649669146  0.85087623729529616  0.85336090110514684
  0.85588959273976051  0.85846084198685202  0.86100155815842616  0.86352624166727532
  0.86594478488830873  0.86838104160421614  0.87079614234390423  0.87327711434253763
  0.87584166237419492  0.87840916667549362  0.88096616619424473  0.88355233733841065
  0.88620219108095910  0.88890181493040288  0.89153576406709267  0.89408255206026099
  0.89663910974337868  0.89922769834438532  0.90187010832466175  0.90454044820698620
  0.90716628238393882  0.90964250747821895  0.91206818107862531  0.91444362632202059
  0.91689127352503552  0.91929557755800140  0.92177678866367474  0.92427057697899162
  0.92679227507300266  0.92937205041159288  0.93193665596468134  0.93445131678904492
  0.93685244881842367  0.93917229826900017  0.94144385250693663  0.94368276827430952
  0.94589527833394516  0.94821717209313150  0.95064221979230745  0.95310172090958156
  0.95541823419206551  0.95767328655807238  0.95995275190493645  0.96232466561042984
  0.96473532948347063  0.96720886026434794  0.96973574641869331  0.97233772552528952
  0.97499155062719600  0.97771179115915852  0.98061468654302053  0.98370005506508540
  0.98696863937698565  0.99054164374624665  0.99478948503966158  1.00000000000000000
  0.00477597517184046  0.13654741132839837  0.15386006001068203  0.16981535822754421
  0.18636005916435078  0.19943439520146194  0.21081228224016635  0.22056711046011634
  0.23034958768385921  0.23940138112639575  0.24829643061200130  0.25704169954308131
  0.26586120760600190  0.27447597153946357  0.28267448018079222  0.29039671335712325
  0.29806208273056778  0.30578296543481470  0.31373752351801587  0.32132165980413485
  0.32840410775180112  0.33500117768123239  0.34139419500050788  0.34762688829731225
  0.35353672399216080  0.35882872478455907  0.36408450879660459  0.36930337511829214
  0.37486863970932915  0.38077925975728644  0.38683132218620991  0.39277536783176148
  0.39866875994426693  0.40444759829024052  0.41038308438548848  0.41645870801191165
  0.42223628651015432  0.42762195524451535  0.43287065803421243  0.43799460334407508
  0.44325861364320096  0.44873510041357278  0.45429142509806586  0.45992376509855826
  0.46556633694691330  0.47111877040442202  0.47686341531754733  0.48257670232093536
  0.48855460048964117  0.49466596956294479  0.50107516669258878  0.50767064131440409
  0.51410270017465531  0.52029698143369885  0.52636024279083549  0.53237603534789213
  0.53838286242200639  0.54435420677596358  0.55017619493721104  0.55583524653737815
  0.56149225733372965  0.56702184583815196  0.57250432902686699  0.57823267008170620
  0.58414888835228984  0.59064686335838423  0.59738260254343545  0.60408435522042925
  0.61028390618303385  0.61578636710344170  0.62110927755076495  0.62654308057237296
  0.63238235177754154  0.63896069350482254  0.64572621601499158  0.65247133414158587
  0.65928667167969235  0.66652398384714340  0.67421778305657531  0.68212483085732711
  0.68960414886560650  0.69711082057612983  0.70475826771008643  0.71328050040150770
  0.72232400360607829  0.73226884740885279  0.74315138684110738  0.75493201474465943
  0.76780636673595215  0.78037232261508849  0.79257658229746586  0.80608820036908468
  0.82334947687385274  0.84495427290408121  0.87706010706452919  1.00000000000000000
   2.3893201921814718E-005  -1.0000000000000000     
 F F F F F F F F F F F F F F F F F F F F F F F F F F F F F F F F F F F F F F F F F F F F F F F F F F F F F F F F F F F F F F F F F F F F F F F F F F F F F F F F F F F F F F F F F F F F F F F F F F F F F F F F F F F F F F F F F F F F F F F F F F F F F F F F F F F F F F F F F F F F F F F F F F F F F F F F F F F F F F F F F F F F F F F F F F F F F F F F F F F F F F F F F F F F F F F F F F F F F F F F F F F F F F F F F F F F F F F F F F F F F F F F F F F F F F F F F F F F F F F F F F F F F F F F F F F F F F F F
  <DiscreteSampler_grid>
  grouped_processes
  1 # 1 for a reference and 2 for a running grid.
  10 # Attribute 'min_bin_probing_points' of the grid.
  1 # Attribute 'grid_mode' of the grid. 1=='default',2=='initialization'
  0.0000000000000000 # Attribute 'small_contrib_threshold' of the grid.
  0.5000000000000000 # Attribute 'damping_power' of the grid.
 # binID   n_entries weight   weight_sqr   abs_weight
    13   10   1.122034902573327E-001   4.055939091119352E-002   1.122034902573327E-001
    16   10   1.419790641483408E-001   6.481478352377462E-002   1.419790641483408E-001
    22   10   1.300009850890130E-001   6.241526214907424E-002   1.300009850890130E-001
    25   10   1.681919354677280E-001   1.048534351593218E-001   1.681919354677280E-001
  </DiscreteSampler_grid>
