  0.00000137623084411  0.00000150315967433  0.00000158839382598  0.00000166393301949
  0.00000173214086831  0.00000179648929897  0.00000186046141044  0.00000192044266527
  0.00000197815317208  0.00000203884607992  0.00000210067865788  0.00000216878371818
  0.00000223583973408  0.00000229936995802  0.00000236261989601  0.00000242575616745
  0.00000249594652509  0.00000258028694188  0.00000266311237419  0.00000274335819517
  0.00000282870097555  0.00000292376933843  0.00000302614541593  0.00000313432619153
  0.00000324375595154  0.00000335638211281  0.00000347618000180  0.00000360488679532
  0.00000373704256291  0.00000386780652572  0.00000400819360159  0.00000416578545687
  0.00000432963088693  0.00000448759096413  0.00000464616016796  0.00000481601310350
  0.00000500643666345  0.00000521700330361  0.00000543302693625  0.00000565376173043
  0.00000587062495971  0.00000605820280101  0.00000624792904036  0.00000645443053528
  0.00000668529230423  0.00000700430628798  0.00000731802459975  0.00000763910310765
  0.00000797609854946  0.00000831625702022  0.00000866918285897  0.00000904656232231
  0.00000946582488401  0.00000992611440198  0.00001043563239426  0.00001101410732331
  0.00001157115151079  0.00001213885083152  0.00001276065242173  0.00001340560047641
  0.00001409596765194  0.00001491210171480  0.00001584121300738  0.00001691319549926
  0.00001808288458471  0.00001916406595350  0.00002043637838257  0.00002179700607292
  0.00002346393250767  0.00002538807881829  0.00002747668478830  0.00002983285545632
  0.00003248443785323  0.00003550397576522  0.00003904459147257  0.00004278859455882
  0.00004667849711557  0.00005095234284130  0.00005585829160449  0.00006125917937888
  0.00006744576433245  0.00007514631341841  0.00008570393800173  0.00009655007136252
  0.00010960021845484  0.00012571636565085  0.00015086277633687  0.00018503942639926
  0.00022703889571822  0.00029407082861116  0.00038361886883285  0.00046066620130772
  0.00058299749262657  0.00103413515923173  0.04060093401012866  1.00000000000000000
  0.00000018886632142  0.00000020551978238  0.00000021615525326  0.00000022707890279
  0.00000023847511427  0.00000024857727865  0.00000026147814318  0.00000027106882624
  0.00000028025325510  0.00000028943091537  0.00000029803165457  0.00000030906860723
  0.00000032452083239  0.00000034109963038  0.00000036057263714  0.00000038165542044
  0.00000040231267127  0.00000042067939015  0.00000043910485956  0.00000045833658754
  0.00000047666238879  0.00000049750835798  0.00000052100662833  0.00000054612461229
  0.00000057140157911  0.00000059588646982  0.00000062117814528  0.00000065322814637
  0.00000068812360725  0.00000072340832707  0.00000075869949924  0.00000079352571529
  0.00000082805688883  0.00000086558737445  0.00000091140918164  0.00000095910307665
  0.00000101190245153  0.00000106534881061  0.00000112235781882  0.00000118593077336
  0.00000125685114413  0.00000133441386511  0.00000141833800208  0.00000150261177212
  0.00000157887852371  0.00000165703204302  0.00000174255147637  0.00000184441698386
  0.00000195844532846  0.00000207723460290  0.00000219032942245  0.00000230706013006
  0.00000244002014327  0.00000258825296439  0.00000274035864704  0.00000290634927544
  0.00000308535200225  0.00000327163524569  0.00000347388024960  0.00000371304378013
  0.00000397742507201  0.00000425967918363  0.00000458270178441  0.00000491827237696
  0.00000531407729744  0.00000574847859255  0.00000622390843978  0.00000677225900709
  0.00000739382122058  0.00000815172599584  0.00000903120476593  0.00001001099112592
  0.00001106450888167  0.00001230169980608  0.00001374282638312  0.00001543950674465
  0.00001738763801290  0.00001972474118565  0.00002253783859072  0.00002566314656176
  0.00002925356240642  0.00003379781479760  0.00003946038560355  0.00004710777399013
  0.00005625990228486  0.00006887992571570  0.00008534754080636  0.00010492143885655
  0.00013063616493895  0.00017613145232675  0.00025435900251119  0.00040701084199761
  0.00079448353420510  0.00205521105082521  0.03269640321170047  1.00000000000000000
  0.00000589721419997  0.00000923839495952  0.00001070944288194  0.00001263198172967
  0.00001418986015589  0.00001586863488993  0.00001727047828471  0.00001860961693945
  0.00002000345119151  0.00002149050345220  0.00002294906561005  0.00002438507907478
  0.00002531078538517  0.00002622639836700  0.00002713312656951  0.00002806021073339
  0.00002914068784959  0.00003095585047482  0.00003278301345388  0.00003478545402935
  0.00003692428268640  0.00003918849001737  0.00004155955070357  0.00004405569347627
  0.00004664667180480  0.00004920818979347  0.00005179368842194  0.00005446438913138
  0.00005708412792157  0.00005974157412611  0.00006259562405315  0.00006554510621861
  0.00006860680103261  0.00007178990931123  0.00007504196856039  0.00007848541041483
  0.00008217136120493  0.00008608573607717  0.00008992766783989  0.00009377542868829
  0.00009765482484155  0.00010174424238648  0.00010581083619886  0.00011076861013076
  0.00011590849765258  0.00012074332119619  0.00012575030636805  0.00013118866696301
  0.00013710438077440  0.00014351918419209  0.00015073123673740  0.00015888973757210
  0.00016673573506628  0.00017524789943385  0.00018358830973861  0.00019184282533200
  0.00020082628130649  0.00021073603789825  0.00022176537569421  0.00023399902294299
  0.00024690377479642  0.00025938719467504  0.00027246335641231  0.00028637400869355
  0.00030065109291114  0.00031590078062803  0.00033319172287132  0.00035413546230063
  0.00037837597779864  0.00040594379282617  0.00043644023874767  0.00046701117959226
  0.00049593463525340  0.00052464259335386  0.00055735421396163  0.00059571581682487
  0.00063666876193565  0.00068571586418753  0.00074946161889053  0.00082937376888960
  0.00092246046521654  0.00103626956913851  0.00114645145275106  0.00124684400637302
  0.00135441688753593  0.00148367670329034  0.00165420046391526  0.00193332531500570
  0.00225065182337531  0.00267162297644154  0.00322713380235204  0.00401510607629998
  0.00510011988122053  0.00698793362878948  0.36568441822082115  1.00000000000000000
  0.00000141634192821  0.00000155756317592  0.00000165234691686  0.00000172685471210
  0.00000180816938032  0.00000188635801515  0.00000197160876024  0.00000205215839301
  0.00000213369530995  0.00000222353494466  0.00000232144132640  0.00000242542256215
  0.00000254536101174  0.00000269184743611  0.00000285233615674  0.00000302708341165
  0.00000321105363886  0.00000338746360284  0.00000356685183461  0.00000375191687062
  0.00000394930411080  0.00000416762962127  0.00000440020314933  0.00000462862144683
  0.00000490465035311  0.00000515341155572  0.00000541086854235  0.00000568365617301
  0.00000596934308125  0.00000634208226987  0.00000676732986770  0.00000724158679401
  0.00000771571011774  0.00000821132744375  0.00000872567631922  0.00000926449797928
  0.00000987854191847  0.00001052335610760  0.00001122067798024  0.00001181636178496
  0.00001249131472399  0.00001316203252167  0.00001391079736537  0.00001476140002144
  0.00001573627312607  0.00001674305713849  0.00001774240415951  0.00001877692049865
  0.00001990312708419  0.00002121441617318  0.00002275843904048  0.00002442250665090
  0.00002612424972027  0.00002811946868779  0.00003044969494114  0.00003297953163165
  0.00003536984181223  0.00003766761767382  0.00004009844559278  0.00004280113345062
  0.00004592403011931  0.00004949747724078  0.00005360731144572  0.00005842667969642
  0.00006345106659560  0.00006834453652361  0.00007282599012306  0.00007732683015915
  0.00008268708158613  0.00008961998508131  0.00009746562031749  0.00010497606640436
  0.00011321229315261  0.00012245276146514  0.00013319033385129  0.00014599382210686
  0.00016300938020625  0.00018261548900944  0.00020395421497662  0.00023027216535319
  0.00026132698285913  0.00029617127671631  0.00032616002771890  0.00035506521773828
  0.00038612195366588  0.00042094334527524  0.00047933175855700  0.00054863706355707
  0.00063069021220904  0.00075074338814513  0.00100851369910623  0.00139834495268381
  0.00220916089282482  0.00345573277396946  0.02763155976621347  1.00000000000000000
 -0.00220285590762902  0.01058054218520900  0.02102951940719705  0.03069934511697281
  0.04038358120550608  0.05055463239098557  0.06011334736606751  0.06987492330598555
  0.08004599646268233  0.09120554610007932  0.10282377037701225  0.11438112895243917
  0.12679341972757646  0.13829695504713363  0.14843811363731316  0.15844217228385502
  0.16826627448417864  0.17868009525013628  0.18984990939813395  0.20207400074928869
  0.21496042832778409  0.22788734613601036  0.24092039319293068  0.25453122605745149
  0.26736378508466380  0.28117586320887022  0.29576826219234409  0.30966945852971955
  0.32236587062397726  0.33446967619999862  0.34692169979933568  0.35917405452861012
  0.37115287295682992  0.38281314969982894  0.39488501546165872  0.40723897214649818
  0.41851735642143428  0.42821437904678039  0.43765213456095481  0.44714700303788107
  0.45469241150615719  0.46199979743319070  0.46924658123492846  0.47730650758768900
  0.48722771259925157  0.49822331659949326  0.50964948244345409  0.52176988692955328
  0.53373627813882285  0.54574317579141041  0.55708311496460483  0.56796377240817963
  0.57860828245622309  0.58956294541132637  0.60100149045429918  0.61105698657445673
  0.62028945475150654  0.62947216234063308  0.63920460685288449  0.64948313335715568
  0.65967760496584449  0.67092002365950321  0.68374168076067843  0.69597783744110264
  0.70748127672183769  0.71860253440366462  0.72992036810770711  0.74171962279664849
  0.75333756239547867  0.76417832578515099  0.77468426280860414  0.78537840437401540
  0.79672038569466830  0.80779654973429560  0.81885933288187063  0.82931578000134165
  0.83849301043064506  0.84722166223538453  0.85641538215026536  0.86628166671351692
  0.87505461859055600  0.88244541179227187  0.88896270710007264  0.89595705934747938
  0.90300477764369713  0.91023141341937686  0.91715921336821660  0.92459116153747967
  0.93231001935349578  0.94118254276508984  0.95121575142918979  0.96122192698718678
  0.97056254657421370  0.97983357232920942  0.98952001029498549  1.00000000000000000
 -0.00185801166752378  0.01127493074446130  0.02061784800470157  0.02980428405110246
  0.03922981267607926  0.04917114473619334  0.06062356687949919  0.07173912324804702
  0.08101504409747082  0.08988923821510401  0.09889527413614201  0.10825022025622949
  0.11751107605823839  0.12679946502632039  0.13560015618214633  0.14478397160556636
  0.15454215489500608  0.16513461259647466  0.17583953717822728  0.18670030962922105
  0.19704400556629120  0.20756696365059754  0.21763568450345167  0.22761139442951558
  0.23869026285876321  0.25086455406396885  0.26332523122893858  0.27511015263847222
  0.28557240447349203  0.29639317863166781  0.30677973030889766  0.31664581287182597
  0.32650789333698299  0.33672006509049385  0.34941400641716569  0.36173191155066997
  0.37429078183655468  0.38586323570166758  0.39652652950754147  0.40629713186697541
  0.41588662351678551  0.42532913359050945  0.43337550207260556  0.44188412006886429
  0.45072234042316917  0.46075555619216152  0.47183360632392402  0.48234898666680487
  0.49266330708476636  0.50265558335512228  0.51273743841148578  0.52242871652948852
  0.53268428401099044  0.54321756569975854  0.55411658841636025  0.56528903570827627
  0.57731832087943247  0.58912515502017870  0.60029100245873646  0.61059529304444549
  0.62037729000233754  0.63046476698091669  0.64071326543699803  0.65272571974709859
  0.66326567708434037  0.67408605486348427  0.68450387949881408  0.69504554563031995
  0.70499339370063918  0.71522371651026651  0.72558697120674498  0.73535423768964070
  0.74485877175619819  0.75473839483161553  0.76523607467662857  0.77661112653814091
  0.78840974769374406  0.79984541715949520  0.81081185743465944  0.82177085819751561
  0.83290241785825170  0.84455112978358438  0.85600855128845943  0.86688918482035915
  0.87764587595430110  0.88821652404793028  0.89941253669298160  0.91033299902809484
  0.92048310905037534  0.93009295733347663  0.93971909080638794  0.95101131394111549
  0.96351443652782642  0.97518529222982542  0.98772171779498641  1.00000000000000000
 -0.00223687402463183  0.01015028690749572  0.01977861267327053  0.02876665499121739
  0.03824547138487098  0.04711811146622243  0.05693350370268212  0.06635639943101980
  0.07663958373731311  0.08753391410475862  0.09733617452804513  0.10693944651171003
  0.11655566375652293  0.12623986365676854  0.13589068434990362  0.14593952417183684
  0.15703933437190010  0.16854201570969760  0.17942675361445726  0.18988297798231599
  0.20089222906985149  0.21251630297628704  0.22326559956583011  0.23319806582058200
  0.24338765925359618  0.25416922154655047  0.26529197388883641  0.27544617770835622
  0.28503306675718332  0.29504243345871695  0.30540426206920057  0.31625412144017750
  0.32640728349131454  0.33652960960782341  0.34723779940616062  0.35796976700017058
  0.36966126768541524  0.38095216949962646  0.39206733031918817  0.40167979542464799
  0.41140543387704370  0.42057254057780158  0.43008817997663124  0.44015854385895681
  0.45135102017841505  0.46368875457304326  0.47715209653219975  0.48984519711533825
  0.50144768440805909  0.51364645635492767  0.52552062508551656  0.53657711482452519
  0.54682559412016574  0.55607192091273239  0.56569523188471704  0.57622628346910187
  0.58742997570427935  0.59932446475767709  0.61204063646467877  0.62505730052338104
  0.63755118665764154  0.64926275356994478  0.66090025829378696  0.67251731733011955
  0.68343243714566371  0.69377925041503874  0.70395285384440931  0.71470260962045440
  0.72607449223838227  0.73760232135017734  0.74872743871834946  0.75869272236270868
  0.76838162387899867  0.77822047822713536  0.78745654013648281  0.79639292552267127
  0.80552974852580250  0.81597440890407424  0.82792409100465181  0.83955790794958229
  0.85026233232298110  0.86054842103791840  0.87055791006827632  0.88120236777664585
  0.89185255983560252  0.90290552868410534  0.91391812471085543  0.92455679445431460
  0.93534694913868877  0.94590249554441186  0.95379298333662288  0.96144624550336188
  0.96906363864051748  0.97695529502314316  0.98838055659677915  1.00000000000000000
 -0.00237302669660425  0.01004754990982500  0.01921129865784815  0.02863630428721267
  0.03798549865498660  0.04796212205922255  0.05846434315103366  0.06879124548517733
  0.07894387568569365  0.08918089122644329  0.09909120070833397  0.10860695824999331
  0.11805619294063267  0.12821328706151033  0.13920748283682530  0.15009478372175722
  0.16075312708821793  0.17160545069384761  0.18233037615157749  0.19229330748216203
  0.20178794588671348  0.21176108722524847  0.22251711872177632  0.23320279882601544
  0.24322407769754414  0.25403126477246063  0.26493135894981079  0.27464349276911521
  0.28410501926478193  0.29396535150035974  0.30493836904845245  0.31667604083676837
  0.32832503680548158  0.34004959517510802  0.35148626949348982  0.36264559698410526
  0.37382796895740678  0.38531929420303807  0.39651002859599077  0.40678044350633608
  0.41674975267024872  0.42755017115281174  0.43940121509151742  0.45196678910583704
  0.46492235277620980  0.47729191720999731  0.48747280783918867  0.49691945013183014
  0.50688052433837716  0.51750689779121317  0.52973465254411400  0.54154387948209592
  0.55233456521336077  0.56319207702011786  0.57430797644238052  0.58468074843087192
  0.59418250220268876  0.60410411376500595  0.61584066661542447  0.62802494284256427
  0.63872743120361286  0.64760142852579372  0.65763473539353856  0.66706857121725638
  0.67658418422119959  0.68559918820738175  0.69483672958972464  0.70468846844726374
  0.71590633203315257  0.72707105920330295  0.73783873116428822  0.74818551111279363
  0.75871150345169602  0.76944526726665619  0.78001506989651137  0.79082718630548143
  0.80227218353458385  0.81403946103920422  0.82511229549042198  0.83549736100587069
  0.84586695954548641  0.85620494999830932  0.86605285579477553  0.87560221356805601
  0.88461526555768299  0.89346022046316642  0.90302022120194392  0.91396025502814593
  0.92546317595590111  0.93591266426854580  0.94592006202612811  0.95646295772213907
  0.96754955059388337  0.97836208507382871  0.98919914821241250  1.00000000000000000
 -0.00483790603026975  0.02482870732469699  0.04944090407657017  0.07279959212034647
  0.09346490223492339  0.11052000708519989  0.12666035632041722  0.14290669401622866
  0.15923622512686075  0.17581987895111070  0.19302941565105511  0.20989738426217908
  0.22559244564330797  0.24127278419430837  0.25802333243677505  0.27424138720865693
  0.28952389918876165  0.30297342582230519  0.31619258065205080  0.32949276179331199
  0.34315756034441430  0.35652350803368232  0.36981627464243944  0.38335864210019871
  0.39731922154945037  0.41129649548749503  0.42408234720845522  0.43586828406355144
  0.44767299965512275  0.45929475804190162  0.47083638111918280  0.48241164420683602
  0.49456644401997801  0.50799835742116828  0.52086588917370769  0.53325692890120380
  0.54531402191189360  0.55651097214270784  0.56719042638992878  0.57763032088970312
  0.58822075521554029  0.59863469701141359  0.60832991496092259  0.61782320167768823
  0.62789435393868265  0.63866965061253189  0.64914138732355509  0.65961486923489709
  0.67034229612116847  0.68128559830922453  0.69081467870719260  0.69919523997341693
  0.70757259265057115  0.71605518225249709  0.72494895623335698  0.73359523727714970
  0.74183688328788933  0.75002934932409659  0.75840870792993120  0.76681384927622132
  0.77527110074608685  0.78391306429816177  0.79258004026372653  0.80130879336408012
  0.80941525601279163  0.81671434008181842  0.82295517518358918  0.82919206039784465
  0.83563683700179947  0.84264415661042724  0.84997120335255372  0.85679940115486342
  0.86351575022064808  0.87063394158819696  0.87800608610071273  0.88523615800108124
  0.89190904835147311  0.89765415155584116  0.90384085224037236  0.91002245882922139
  0.91627332886928126  0.92254904756641909  0.92880110814405670  0.93464589129198195
  0.93998225964217175  0.94514792823523741  0.95038844435965608  0.95553310580836370
  0.96044964180771819  0.96575217628156407  0.97087221485378161  0.97653838473639187
  0.98225465736980277  0.98788433424624755  0.99362188118087147  1.00000000000000000
 -0.00285672110770509  0.01038135662206231  0.02169278215680221  0.03348771282374515
  0.04522147829824813  0.05703088929631754  0.06681338428819834  0.07687735480676716
  0.08584925998892141  0.09502331691214143  0.10468819479336934  0.11522655702355594
  0.12637520862061075  0.13670564300626958  0.14655180602485998  0.15804341266216870
  0.17018131837714087  0.18064030624257194  0.19090318552097088  0.20157062142457716
  0.21359271586310202  0.22570709075436809  0.23827113359238283  0.24942466386071374
  0.25963730759800113  0.26962388261197301  0.28018381315278956  0.29213115922248811
  0.30519650636437512  0.31691209784399677  0.32730192554357429  0.33805615723133881
  0.34910192722973848  0.36013716646050054  0.37107394991340764  0.38317712449377234
  0.39481385154350795  0.40482514414707660  0.41469733051837765  0.42459743142816936
  0.43463522476773703  0.44403117359198752  0.45316855703576681  0.46344056582373816
  0.47363817515160711  0.48309833429622240  0.49135167545283631  0.49996577844842882
  0.50917454609722668  0.51809578632136966  0.52786766441528854  0.53672282071582011
  0.54631786568755958  0.55657546222933030  0.56654565412114732  0.57671301543396236
  0.58689946916074665  0.59769191263048360  0.60869610499893112  0.61946947776125461
  0.63008150985429401  0.64065980004755685  0.65151058387967109  0.66138478501555009
  0.67052467771201452  0.67935030064071433  0.68887080942713363  0.69863680327798305
  0.70862319954345099  0.71993193392790367  0.73260613749455616  0.74581726848339258
  0.75878126118934419  0.77200330580374010  0.78554747024481453  0.79720842793478885
  0.80674814558199059  0.81580169747096964  0.82574109823307373  0.83608796930802598
  0.84393190307797450  0.85125345122945351  0.85881425888084695  0.86750191170748325
  0.87830617400515065  0.88977075266575734  0.90114713125825430  0.91236811692707942
  0.92341564111602958  0.93471460288904207  0.94554006015315195  0.95578402949061980
  0.96626355026606237  0.97708572971397256  0.98824927264710205  1.00000000000000000
 -0.00179080153643973  0.00797221740371227  0.01672382376044348  0.02582403523191623
  0.03571171095480305  0.04618297392510021  0.05675792656369563  0.06713520501495372
  0.07694995679093905  0.08629800750610570  0.09578928712829524  0.10612281761919486
  0.11655406746252160  0.12631880137783835  0.13586190312390392  0.14577615296464186
  0.15698843792857600  0.16810530094737744  0.17895522719325652  0.18981291829019467
  0.20139295392130943  0.21302471854336472  0.22397691995013966  0.23487162547324647
  0.24514881978027744  0.25599307170455438  0.26689061432280292  0.27839275852377382
  0.28947079328604580  0.30094471311020998  0.31275270156521678  0.32532755716160527
  0.33743236364997270  0.35002132353604470  0.36028276171629198  0.37041178055635976
  0.37959875251980935  0.38953173780724615  0.39911701052367915  0.40949709385131300
  0.42053906008789305  0.43168688766758806  0.44254561505951895  0.45290289005744450
  0.46329203962567017  0.47414958515514027  0.48421795965732095  0.49285966434793615
  0.50132665281028321  0.50985159388066170  0.52011999223946193  0.53188058053906229
  0.54285185550287485  0.55287584346114638  0.56090286178784254  0.56880659807732969
  0.57715682438383853  0.58646765687416769  0.59721721457573607  0.60740921906684675
  0.61713784815095163  0.62690934503153661  0.63653723938033058  0.64668280787632548
  0.65654119892767804  0.66757605681907939  0.67822643250485271  0.68900980602226136
  0.70009491119271139  0.71140879632398291  0.72347790550465141  0.73453294032868122
  0.74611014149720312  0.75760276881199518  0.77022958585102008  0.78000206647922243
  0.79014765681429222  0.79952072571459321  0.80902442895138360  0.81847097365434818
  0.82766383552009248  0.83719150091278460  0.84743148802340784  0.85896052887959184
  0.87143401857205360  0.88401131404440036  0.89550110355672741  0.90657696739964899
  0.91690695688291068  0.92813390098438164  0.93929003013613044  0.95100262697857396
  0.96350146210266929  0.97651547852247211  0.98859780909518369  1.00000000000000000
  0.41363361155937001  0.41861793021390858  0.42360224886844716  0.42858656752298574
  0.43357088617752432  0.43855520483206289  0.45102732273095336  0.46610921659764609
  0.48119111046433888  0.49627300433103166  0.50878031501237087  0.51912827431736863
  0.52577144953455413  0.53230442544119017  0.54067622272050575  0.55098430096154583
  0.56040106125259792  0.56936672730687909  0.57810946860669887  0.58926025438242113
  0.60169968784661321  0.60899227292614433  0.61523974916657787  0.62306684257942468
  0.62978286079544610  0.63615746386264094  0.64187169173352687  0.64747475199976356
  0.65254339867520750  0.65703473587497185  0.66148381264703571  0.66618985852146861
  0.67134103269746759  0.67683247209086705  0.68245349048806647  0.68797812610107434
  0.69288001824662271  0.69808661378909076  0.70382843677175055  0.71005371995680500
  0.71635860614828495  0.72238610385735169  0.72849927486663835  0.73446243007429801
  0.74021975401242035  0.74564043965557547  0.75073891924002734  0.75563501086116014
  0.76061894626506532  0.76589499967346553  0.77104792616475015  0.77615749783799948
  0.78097028099477817  0.78579916458918475  0.79105347198125897  0.79634182192381620
  0.80175709252414584  0.80715183039167382  0.81225792355456883  0.81713810004575715
  0.82175520265051893  0.82640684814824283  0.83089827715441500  0.83521130239874131
  0.83946190659980024  0.84397606385583113  0.84876510447363185  0.85311909005404563
  0.85737497456764900  0.86166818038414328  0.86607684176632693  0.87036559047102147
  0.87483594110743412  0.87958721934492301  0.88398404284407894  0.88837595474415754
  0.89286400952176004  0.89761402922882205  0.90230312365401644  0.90669517879702488
  0.91137027373820834  0.91633790684040772  0.92193243600079766  0.92749127075770099
  0.93278631723939753  0.93805787191177126  0.94344701457399061  0.94907025016779922
  0.95469610725564369  0.96035861063461214  0.96590256305907474  0.97139734136534517
  0.97696357194439842  0.98343286093025850  0.99106533098700478  1.00000000000000000
 -0.00891069915048064  0.11537814082447005  0.14704292935259369  0.16526627610313982
  0.17947961368290050  0.19168897519717901  0.20595119171213788  0.22156193086427944
  0.23633793665265190  0.24818558494810858  0.25934412851925848  0.26948217296875182
  0.27935862654759736  0.28923899016711996  0.29940952189050868  0.30962277700670460
  0.31913538054715135  0.32822620968845179  0.33651750898629446  0.34417951741557506
  0.35150899794709445  0.35878939169240698  0.36625356496767003  0.37392882285683982
  0.38149836006080634  0.38844860360852296  0.39457613095000160  0.40070360153616763
  0.40669006553370080  0.41331368655558426  0.41991683562216003  0.42642791992966056
  0.43329015720327235  0.43991396728213134  0.44672780143169949  0.45286576678749191
  0.45880103528067756  0.46503053719330284  0.47119837085820654  0.47759994634639558
  0.48390817651131030  0.48973990219733865  0.49624300449378905  0.50314921754977382
  0.50905137480273344  0.51478269032317525  0.52005726326764024  0.52527044368070941
  0.53071557210482778  0.53613530523821362  0.54195965034812565  0.54798324168457646
  0.55426937440214263  0.56072739638799185  0.56719118255127743  0.57388758818409413
  0.58039867751939700  0.58699419698528688  0.59359121217833710  0.60030971386919907
  0.60711889244928519  0.61411868843890693  0.62146319049431764  0.62893165857816868
  0.63629142769006164  0.64357762293467780  0.65085909878156123  0.65873365205662848
  0.66619796659670905  0.67273454414773304  0.67950213227439193  0.68656591509458709
  0.69482785358041466  0.70343026444313361  0.71191149323548619  0.71970925710843081
  0.72737688473679751  0.73572094422377754  0.74468799568354804  0.75469329866968238
  0.76422190421271863  0.77345599042860746  0.78255754131345079  0.79255447505526888
  0.80165903258511406  0.81033670903713073  0.81921567765880832  0.82938874795394069
  0.84054933046861413  0.84848130742658101  0.85639130035640232  0.86764658803077555
  0.87922841853510092  0.89503482747070895  0.96832090628208001  1.00000000000000000
   4.3699392883624535E-006  -1.0000000000000000     
 F F F F F F F F F F F F F F F F F F F F F F F F F F F F F F F F F F F F F F F F F F F F F F F F F F F F F F F F F F F F F F F F F F F F F F F F F F F F F F F F F F F F F F F F F F F F F F F F F F F F F F F F F F F F F F F F F F F F F F F F F F F F F F F F F F F F F F F F F F F F F F F F F F F F F F F F F F F F F F F F F F F F F F F F F F F F F F F F F F F F F F F F F F F F F F F F F F F F F F F F F F F F F F F F F F F F F F F F F F F F F F F F F F F F F F F F F F F F F F F F F F F F F F F F F F F F F F F F
  <DiscreteSampler_grid>
  grouped_processes
  1 # 1 for a reference and 2 for a running grid.
  10 # Attribute 'min_bin_probing_points' of the grid.
  1 # Attribute 'grid_mode' of the grid. 1=='default',2=='initialization'
  0.0000000000000000 # Attribute 'small_contrib_threshold' of the grid.
  0.5000000000000000 # Attribute 'damping_power' of the grid.
 # binID   n_entries weight   weight_sqr   abs_weight
    13   10   5.322213982062229E-005   1.990476956240324E-008   5.322213982062229E-005
    16   10   1.267173198311140E-005   1.123407102226835E-009   1.267173198311140E-005
    22   10   5.527743379032904E-005   2.266143642025094E-008   5.527743379032904E-005
    25   10   1.389529610903641E-005   1.441536243964255E-009   1.389529610903641E-005
  </DiscreteSampler_grid>
