  0.00000137106413642  0.00000146720552433  0.00000156059921883  0.00000164735211317
  0.00000170563443062  0.00000176544938154  0.00000183852313124  0.00000191891545510
  0.00000200029990529  0.00000207809737908  0.00000215650912208  0.00000224632433403
  0.00000233507533880  0.00000242473637849  0.00000251665780519  0.00000260759005500
  0.00000268258584732  0.00000276150629416  0.00000284340622133  0.00000293184374890
  0.00000304796992144  0.00000317206323602  0.00000328242363817  0.00000340359553161
  0.00000353465564181  0.00000367141825460  0.00000380538089849  0.00000393532958040
  0.00000408359904709  0.00000424662244988  0.00000441466461022  0.00000459048707689
  0.00000478173151163  0.00000500753533927  0.00000524089510920  0.00000545574832852
  0.00000568124525789  0.00000593034161138  0.00000615995974170  0.00000638996333111
  0.00000663480206469  0.00000689630256666  0.00000717470324159  0.00000747395159670
  0.00000779029684749  0.00000810445767633  0.00000843756673443  0.00000873441771549
  0.00000909622367215  0.00000949304729750  0.00000989717586174  0.00001040770029330
  0.00001101229039823  0.00001167251942684  0.00001239156701307  0.00001318144198304
  0.00001402934994676  0.00001490787360236  0.00001577004705030  0.00001665439131761
  0.00001754478051380  0.00001856477549005  0.00001973898621348  0.00002125557802825
  0.00002287904006748  0.00002489346240990  0.00002723831760263  0.00002975853110609
  0.00003239549701937  0.00003521593806930  0.00003839014207059  0.00004219731752392
  0.00004668611657061  0.00005251828750667  0.00005927193702225  0.00006743540487456
  0.00007607369026698  0.00008661087558035  0.00009992935186640  0.00011761171786533
  0.00013448133999437  0.00015048221245407  0.00016847398568474  0.00018978369526552
  0.00022073718849249  0.00025708954829934  0.00029955563265664  0.00037153503319918
  0.00048177952965268  0.00065301150840765  0.00089275895597103  0.00121372275965174
  0.00189740227285811  0.00302920868720907  0.13496704770213552  1.00000000000000000
  0.00000017926966266  0.00000021030654009  0.00000024543243895  0.00000027244785411
  0.00000029667910891  0.00000032011726922  0.00000034257578938  0.00000037278681370
  0.00000040260910981  0.00000043783913113  0.00000048048261462  0.00000053732266836
  0.00000061188456505  0.00000070704011331  0.00000081088778016  0.00000091130569309
  0.00000101165431275  0.00000111875155036  0.00000123749366450  0.00000136697263674
  0.00000150277949065  0.00000164742189791  0.00000181023145898  0.00000199669398551
  0.00000219919348524  0.00000240829351100  0.00000262310116693  0.00000286150777941
  0.00000312961338127  0.00000341945735215  0.00000373702106862  0.00000406543228931
  0.00000447535933419  0.00000500148979775  0.00000562407417011  0.00000630617318149
  0.00000713493152107  0.00000803345604643  0.00000902310152092  0.00001010087099050
  0.00001136060611618  0.00001280356404022  0.00001459208954646  0.00001655400299384
  0.00001858039281002  0.00002067207393895  0.00002306979851646  0.00002601236501759
  0.00002965616778001  0.00003360802082798  0.00003795887254233  0.00004238957368526
  0.00004719146257721  0.00005283521702050  0.00005950962237736  0.00006698502291512
  0.00007542376934679  0.00008533264838384  0.00009568826009621  0.00010715022093146
  0.00011817948192936  0.00013148396140735  0.00014695353137871  0.00016569673871795
  0.00018501104879210  0.00020587707065843  0.00022780521659703  0.00025280211298317
  0.00027936383099684  0.00030823022953437  0.00034216978395372  0.00038248058492809
  0.00042996496830705  0.00048534258432458  0.00054824931558533  0.00062256720120947
  0.00070813737998113  0.00080002192131952  0.00089875622408547  0.00100117155247934
  0.00111290253027857  0.00124440229785982  0.00140087632626876  0.00159557014773353
  0.00185487429049161  0.00216868619030437  0.00245152437649610  0.00272347513319337
  0.00306300392079721  0.00346805795576451  0.00398359556495143  0.00481622873512724
  0.00622716980023369  0.00901030887483359  0.14292721476111031  1.00000000000000000
  0.00000197219253697  0.00000207642745959  0.00000217960525806  0.00000229631168313
  0.00000240388939552  0.00000251241747596  0.00000263320732294  0.00000276546921508
  0.00000290827429541  0.00000305721981199  0.00000320519306677  0.00000335883992486
  0.00000351291868132  0.00000367572144015  0.00000384360561847  0.00000403009476543
  0.00000424889502393  0.00000448573509539  0.00000473611708474  0.00000502159545235
  0.00000532144939400  0.00000565843977056  0.00000603134789882  0.00000641568868685
  0.00000681498544724  0.00000718521197964  0.00000754198416953  0.00000793907194925
  0.00000837753001968  0.00000883074574502  0.00000933175001077  0.00000984624257389
  0.00001038893969651  0.00001095971704322  0.00001154001861308  0.00001219876937650
  0.00001295433374269  0.00001376880601820  0.00001464866066599  0.00001560649865901
  0.00001664093531780  0.00001791720892681  0.00001929373669423  0.00002080859731693
  0.00002232261044028  0.00002386322860843  0.00002547306093823  0.00002714390584900
  0.00002885939561135  0.00003060496219646  0.00003252445426237  0.00003459255276085
  0.00003698146189605  0.00003970305254862  0.00004253475792679  0.00004548975219012
  0.00004872335048730  0.00005230687811277  0.00005660144422873  0.00006130104555813
  0.00006588816029045  0.00007092111347887  0.00007636528372543  0.00008241193751877
  0.00008905846053482  0.00009604875962388  0.00010425493454141  0.00011453500079664
  0.00012630777132756  0.00014005972060960  0.00015509212016893  0.00017086151377195
  0.00018739132813754  0.00020555166312611  0.00023113034246154  0.00025710996883256
  0.00028507789692901  0.00031889825816021  0.00035614145278481  0.00039293516837272
  0.00043232216542818  0.00049239628089151  0.00054980907095244  0.00060563815805762
  0.00066860147388700  0.00075025870728781  0.00086206272254477  0.00100689329065718
  0.00121912874525719  0.00144008028945725  0.00172489379807492  0.00218571739512206
  0.00311474652569823  0.00527059886046352  0.40394903932374066  1.00000000000000000
  0.00000158813619399  0.00000217781891641  0.00000268924486309  0.00000327195661562
  0.00000392676044526  0.00000464055778006  0.00000551176140486  0.00000656566904957
  0.00000775578318155  0.00000908328311893  0.00001066457431944  0.00001251529195254
  0.00001459831591525  0.00001704068040840  0.00001987793948729  0.00002298154300557
  0.00002617642809644  0.00002928103181125  0.00003263821059182  0.00003626720809965
  0.00004036937919293  0.00004479262950750  0.00004940557877359  0.00005483138100208
  0.00006075046731524  0.00006703240975906  0.00007352360629260  0.00008040179965894
  0.00008792988817587  0.00009560852839289  0.00010343490179377  0.00011167097400009
  0.00012027147137289  0.00012957507515765  0.00013905470586553  0.00015030310667370
  0.00016247020840555  0.00017722308289544  0.00019153090043156  0.00020623279631446
  0.00022182281742531  0.00023674117617981  0.00025161353706263  0.00026724928765677
  0.00028331372487142  0.00030063476513240  0.00032164080122770  0.00034532530434770
  0.00037138656199113  0.00039959657294908  0.00042940645190702  0.00046039256545294
  0.00049216021001409  0.00052291305035840  0.00055355619314305  0.00058670568095045
  0.00062730272588360  0.00066515306963795  0.00070016107095440  0.00073207300370282
  0.00076664770635834  0.00080195413737961  0.00083798066022264  0.00087323359623894
  0.00090838433528066  0.00094559028056014  0.00098358540421724  0.00102564870305510
  0.00107612469148800  0.00113547726806301  0.00119129028258599  0.00124049942825594
  0.00128770724441827  0.00133983217111779  0.00143656596068273  0.00154822121321939
  0.00166550280817843  0.00179288144081543  0.00193649912289034  0.00210117386227209
  0.00226331696025676  0.00241285873692301  0.00257911487672960  0.00280850101667087
  0.00316044449439768  0.00398893602973006  0.00482819319805003  0.00527319397454355
  0.00569592338390555  0.00600514722324925  0.00615109877778685  0.00629705033232444
  0.00642837940434139  0.00655759362324409  0.18170906293967878  1.00000000000000000
 -0.00176854882544960  0.00799158483656019  0.01608888896319572  0.02369960789452658
  0.03117780264232103  0.03891071547816854  0.04657962508354348  0.05425432027379788
  0.06215780037352291  0.07088329225538043  0.08067642311860947  0.09138381849396948
  0.10211811875360227  0.11218571045884779  0.12184137676515039  0.13194775828745892
  0.14260104371152810  0.15373465891213434  0.16557341106342943  0.17619427634865259
  0.18638546439329501  0.19604970955737583  0.20630355058122254  0.21692800735597814
  0.22752432450195176  0.23727591750905158  0.24578254235885399  0.25377243572072072
  0.26202413193222268  0.27185342656164324  0.28235205621113635  0.29273544655664924
  0.30355454639885376  0.31439311090294031  0.32751360460549239  0.34109269634517575
  0.35531911742393929  0.37001881156324440  0.38372344188112922  0.39665919729995663
  0.40998967289154459  0.42447421180523992  0.43771701712362154  0.45055154706043493
  0.46279185953604179  0.47514171349114503  0.48836239492975569  0.50345645778392178
  0.51497898223884309  0.52681098650383629  0.53827824938766844  0.54865268813340018
  0.55962796686899330  0.57184924536943371  0.58594120230605151  0.59973402499521589
  0.61403879953275720  0.62860455240989566  0.64237275024261098  0.65624998752741415
  0.66871431046978869  0.68013387890092003  0.69171370836671464  0.70388543509303603
  0.71561789496512884  0.72683728359261590  0.73747904266646913  0.74785936261373631
  0.75782218619686104  0.76724260614708173  0.77614047270517394  0.78535301312875572
  0.79599435924564887  0.80672210265948474  0.81696940596652923  0.82697471986634374
  0.83654662399340218  0.84614317460417354  0.85555511701540587  0.86512391162495839
  0.87525993437855698  0.88490281822512973  0.89436555074550006  0.90363350377792040
  0.91258022546157413  0.92134517841775754  0.93032548640008594  0.93962213908773551
  0.94901094589958745  0.95800527632016785  0.96514517025810675  0.97252468114883583
  0.98007286451134468  0.98698877680001029  0.99347033407863694  1.00000000000000000
 -0.00219113574752229  0.01040581462855360  0.02130477521596176  0.03329106695714347
  0.04492180031967424  0.05640534610241479  0.06731862508765871  0.07811301364101436
  0.08827838678460168  0.09783882626653922  0.10658310952600132  0.11543357065582893
  0.12449587574320550  0.13275952457795204  0.14174175744266551  0.15100042022408519
  0.16192764518132124  0.17418050766430765  0.18492346060204617  0.19468437890606743
  0.20387024816120622  0.21222076632674977  0.22125040283061162  0.23043210540573902
  0.24052337213294384  0.25096834065766482  0.26097788960487162  0.27173269330291761
  0.28271764544296868  0.29383325454838843  0.30533146803990796  0.31729960370574584
  0.32931800697604158  0.33948145683408887  0.34952698766788742  0.36095873168866272
  0.37339832759731073  0.38508946252791171  0.39607725228873619  0.40753475279494528
  0.41841985971624224  0.42897125495542948  0.43988909709277785  0.45084582773404591
  0.46130671395372358  0.47080999216385438  0.47920033205286339  0.48906728294582119
  0.49851826758095297  0.50952988326142823  0.52097688188708879  0.53320220838208787
  0.54564191632421344  0.55773798769624527  0.57040983575925974  0.58141726008750427
  0.59338351482278195  0.60450112718182203  0.61560086058774144  0.62570480971515785
  0.63653358098647439  0.64695672022188555  0.65777768929921321  0.66848099585231591
  0.68005697798015963  0.68935380427174475  0.69736228691869195  0.70528474485391368
  0.71504350123324700  0.72570690842772123  0.73512823748461242  0.74411381703706003
  0.75361792718961151  0.76435900692980407  0.77526149007027567  0.78530598494466342
  0.79529938259696176  0.80563329828371311  0.81706811551992309  0.82944239926073626
  0.84330024471756548  0.85646249763401106  0.86863598252054353  0.88064017693340024
  0.89178612185475770  0.90244838202983280  0.91238634805905738  0.92200090538493551
  0.93175864717689061  0.94197876284279880  0.95250437390744291  0.96280855511179564
  0.97211059200674788  0.98126595817190598  0.99043949285995059  1.00000000000000000
 -0.00267649717782203  0.01042415493779134  0.02164751897779951  0.03410744764409750
  0.04480855228534514  0.05402534784264550  0.06306360797653347  0.07334836321171717
  0.08396991123807512  0.09424262131835615  0.10466106699712703  0.11596951980171120
  0.12766759443153355  0.13872833561402884  0.14881512898621010  0.15857192922465335
  0.16823929938208071  0.17798918590073604  0.18803088338475080  0.19812367252716040
  0.20828909881021690  0.21878956668062541  0.23044220629967244  0.24291785925687398
  0.25541725968354700  0.26810546700468602  0.28189200292338995  0.29472861122898947
  0.30537350454979356  0.31462773778224329  0.32353707006588128  0.33340551499353294
  0.34443472316169998  0.35642986433435586  0.36814660408906474  0.37942994662314511
  0.39046248334100214  0.40115409799260432  0.41152574643968937  0.42263899514865788
  0.43451227923597746  0.44710954149257193  0.45959403098314944  0.47179811474933658
  0.48298909102408344  0.49322447240367101  0.50307792515611383  0.51264238213199642
  0.52217569019433652  0.53220045929973148  0.54402196934867730  0.55509669910919812
  0.56550729375997588  0.57604958101782544  0.58701390524176444  0.59761825402657964
  0.60692371063510253  0.61640882085537296  0.62593034119045321  0.63568923446108327
  0.64700911845379172  0.65782453740333802  0.66848993853453176  0.67839957161683739
  0.68878143682012261  0.69934438680120226  0.70992899885270200  0.72047690403165099
  0.73177335424489653  0.74478087482239286  0.75580549789425600  0.76649133388558122
  0.77634918477287906  0.78669614408636723  0.79655558711706431  0.80643531967217108
  0.81679935639230128  0.82757266296549448  0.83797717375769998  0.84770563789529862
  0.85735138562090096  0.86711872059719486  0.87639798659840695  0.88447983290775056
  0.89229720058719320  0.89999988331722303  0.90814650433082356  0.91601506732294469
  0.92424657440313673  0.93250928659020016  0.94152418645980918  0.95200668382068687
  0.96356553767576492  0.97680676267128053  0.98867135373464321  1.00000000000000000
 -0.00254786085137888  0.01006061194809798  0.02222017106099684  0.03433889762944584
  0.04662957016795884  0.05753068020592127  0.06761792857979231  0.07724877860582524
  0.08745054420739630  0.09803110104378882  0.10881839920518829  0.11930112047570141
  0.12931559152441044  0.13953320168941258  0.15013434333576064  0.16246235375331347
  0.17568656888285561  0.18809400074743704  0.20008903514776247  0.21247037801250562
  0.22499226318224660  0.23625979593610083  0.24622548288997195  0.25537378509633352
  0.26458152953748615  0.27447338152322825  0.28642895898387177  0.29846727693410141
  0.30978076136830224  0.31935243878703123  0.32923729542504071  0.33840948594384923
  0.34770140927796594  0.35534060447631383  0.36354294210291660  0.37210096186981839
  0.38294522968270012  0.39325144224636127  0.40346628701427145  0.41380900280783844
  0.42441535881762088  0.43432709391347757  0.44405575807804637  0.45447199505811903
  0.46590937606312582  0.47763703429069132  0.48974747852652678  0.50180558917853124
  0.51293410783415916  0.52294656274068585  0.53186856172093111  0.54083645138018244
  0.54986916041252432  0.55963500851359538  0.57101415043733095  0.58296280598985628
  0.59469650421018316  0.60632268548429358  0.61803311015854501  0.62875562233767668
  0.63809421290377066  0.64699003974156843  0.65654977947687909  0.66612967298777925
  0.67529371732335253  0.68430177973837347  0.69544211467645167  0.70830089179736033
  0.72068374537098334  0.73260513153795803  0.74400311028734478  0.75513791034968969
  0.76666198587029089  0.77729215774181515  0.78726052444784345  0.79652406095014561
  0.80613953305070385  0.81618828734821935  0.82588939847845455  0.83561474156852256
  0.84587397668805142  0.85666662438823304  0.86771442550202893  0.87887905632090058
  0.88954808987931377  0.89887251625183962  0.90721840901926776  0.91556288229534311
  0.92387873351941996  0.93201536541308527  0.94060725548513280  0.95019235563073712
  0.96174777450487270  0.97452793238147006  0.98713986279765131  1.00000000000000000
 -0.00255101990785914  0.01032189928924421  0.02137777139905123  0.03296670126576109
  0.04371709008313344  0.05370648643050986  0.06389557664118535  0.07407271234037782
  0.08399339280123547  0.09379615555721094  0.10435654781170034  0.11575785668262578
  0.12601112889883892  0.13548902419589270  0.14468552498604720  0.15449606697674917
  0.16448492118224114  0.17476411242951670  0.18504797044384025  0.19555397504078531
  0.20626247595970096  0.21773050971995322  0.22981281536449552  0.24145059599809510
  0.25284737087480502  0.26393748146317136  0.27515336132470763  0.28648323498137745
  0.29694390426743394  0.30650435314077601  0.31623161139887651  0.32629331833249031
  0.33724041893629125  0.34765343483347599  0.35881914866272302  0.37093045968882582
  0.38369482632427321  0.39651629307605746  0.40865224106706322  0.42078658562821530
  0.43350700959423805  0.44468582182373262  0.45492487406852816  0.46337056072854182
  0.47255031698143191  0.48112749361859758  0.49125610470695208  0.50166753005850140
  0.51239157418560899  0.52309659626105531  0.53422436100022452  0.54548918494622844
  0.55626954188344135  0.56693490302745009  0.57739926431131439  0.58737675160269898
  0.59707929555750761  0.60724929114439574  0.61860216564920556  0.63069500411759705
  0.64298685842162207  0.65478000417156512  0.66640831796198829  0.67882703511829834
  0.68922566857693035  0.69869438163988984  0.70755733209737437  0.71664744676699244
  0.72620090365445700  0.73644359736330711  0.74764059584927089  0.75940256856610533
  0.77044871777161728  0.78334834613433180  0.79498007473494792  0.80515252302528340
  0.81541754363203878  0.82614208913496046  0.83725058287501730  0.84790315785485748
  0.85874612175073461  0.86823936368529031  0.87697662820388722  0.88491796245631849
  0.89329241605821286  0.90261385629424995  0.91246390784397613  0.92223753325999158
  0.93070388969367845  0.93934688712125292  0.94953257733846230  0.96008449518714067
  0.96989828487490104  0.97939946296660718  0.98929327699455716  1.00000000000000000
 -0.00010319319001467  0.00008707169992196  0.00042479505528752  0.00077000122102811
  0.00096043611221965  0.00112719234449194  0.00129284421108138  0.00146136592827033
  0.00161849434800667  0.00177808613832041  0.00194160851072354  0.00210428756696960
  0.00227125861146116  0.00244561343449766  0.00262439625477897  0.00280389537764470
  0.00298331775623910  0.00315785499480455  0.00333231726178896  0.00350492533074588
  0.00367213332575920  0.00382875064236356  0.00397467415053995  0.00410713573080024
  0.00425100786252480  0.00440740809595677  0.00457157398166277  0.00473035098441784
  0.00488857503553270  0.00504649740558083  0.00521228461695009  0.00537729255840465
  0.00553246069680689  0.00567883361185215  0.00583135852363637  0.00598874079852020
  0.00610193997327295  0.00621513914802571  0.00634596254602186  0.00648796245343872
  0.00662689939854478  0.00675698896761927  0.00688707853669376  0.00709605680153562
  0.00731075655993352  0.00750777019877846  0.00768855669671960  0.00787446921334784
  0.00806441455590964  0.00826408828891887  0.00847515006452565  0.00859776948358388
  0.00871017023765024  0.00881691675631192  0.00892827492417140  0.00905524116306821
  0.00923334889167456  0.00953209118777194  0.00982195519877489  0.01009509682430692
  0.01046620788592379  0.01063716323083569  0.01086084706815419  0.01115460083640062
  0.01152356207950337  0.01199006701619644  0.01244460991668022  0.01275405401499405
  0.01295180029015445  0.01318639747236041  0.01343076697287807  0.01375507577404524
  0.01406875342798760  0.01432547780032410  0.01456414601297179  0.01478886524093389
  0.01536433893159641  0.01573579185767394  0.01608687317163064  0.01638863945833726
  0.01670646600266627  0.01749511423630765  0.01818596053931529  0.01865413281944811
  0.01910778136361523  0.01964222985189422  0.02028708141095512  0.02079345566042414
  0.02137231978365838  0.02200114513028690  0.02274796545112255  0.02751207781450760
  0.03151597601478003  0.03293869488260844  0.30201856076342087  1.00000000000000000
 -0.00237228621998411  0.00860202395546466  0.01813554652017021  0.02861629844862208
  0.03962063001103958  0.04996189317761927  0.06013797966121266  0.07016323322888623
  0.08028022347189211  0.08994883286250922  0.09996273796947101  0.11112529623749884
  0.12358323017499784  0.13514220443192204  0.14511294329873867  0.15539687998085946
  0.16527716365817888  0.17575326153882259  0.18769958406551315  0.19975574994109307
  0.21081610485933652  0.22031817558839242  0.22913195916153939  0.23854079073107942
  0.24866171225484968  0.25920510500718641  0.26918713332170957  0.27952086676994742
  0.29031870709922836  0.30059617527887722  0.31073477629658480  0.32166734616801507
  0.33284212887811554  0.34321978578377876  0.35379468400660646  0.36511421186431714
  0.37574941101399162  0.38603132665045070  0.39489254494440501  0.40390965554513253
  0.41285836146729560  0.42291205159501583  0.43379079218385558  0.44451651046336893
  0.45493044754040329  0.46525256234337686  0.47551925608578094  0.48530614789594362
  0.49545519576927144  0.50685257425864916  0.52077933729711479  0.53670749064630641
  0.55131627575462294  0.56389897517324783  0.57512767908874862  0.58571693662532676
  0.59630061662113498  0.60719369243872934  0.61702373876540761  0.62661342253520413
  0.63539248414619653  0.64566235079336343  0.65631023352164042  0.66752837714146429
  0.67828682277222641  0.68888466580013430  0.70052476191475266  0.71328100498419256
  0.72628583499526500  0.73889671070153606  0.75167125659619238  0.76429481343081307
  0.77666759703373811  0.78856795390216983  0.79942550243398214  0.80896766063865522
  0.81702494900781608  0.82501822263765590  0.83359076497926021  0.84369470414555814
  0.85579694244342819  0.86771061019115869  0.87849261866487816  0.88823550823195208
  0.89766162051313036  0.90611047275248635  0.91637279424336882  0.92716982323762354
  0.93788488351265165  0.94691011112658208  0.95603175707976862  0.96556869467809103
  0.97510919906414439  0.98422667909297346  0.99215718747510040  1.00000000000000000
  0.36504283178920438  0.54871145127157828  0.55784522436013884  0.57006741830590346
  0.58387668335602261  0.59683130323411049  0.60524772465235366  0.61209346258472719
  0.61912380158072511  0.62746526885827525  0.63577737018204206  0.64314612799037207
  0.65121667270605332  0.65915977255490310  0.66716579855201530  0.67579763788869485
  0.68537228480368340  0.69407614460172962  0.70118687240861310  0.70740464147505511
  0.71307436258654866  0.71896087841303469  0.72480549387688542  0.73094239691100094
  0.73719750676372964  0.74431238068767647  0.75142225883655256  0.75816652449131461
  0.76420581024304368  0.77002439097544673  0.77566150754704100  0.78136378177103438
  0.78739442248636027  0.79386309346822193  0.80022201825495842  0.80633976328217782
  0.81218938545929253  0.81779804097221420  0.82321265685228351  0.82850611269133434
  0.83355003126645200  0.83824726832099894  0.84265879043037184  0.84714246169609420
  0.85179383811923248  0.85627757519691383  0.86045263889279688  0.86453768088075689
  0.86864078107170228  0.87281609934731286  0.87706742308575103  0.88103584570172988
  0.88501715190287855  0.88875799661474486  0.89243185716076978  0.89594113585661206
  0.89923732669678147  0.90230589975242459  0.90545411609788973  0.90887587984113771
  0.91224961745836064  0.91543425449557492  0.91847130874320382  0.92157522698615579
  0.92480154455546060  0.92802129149397938  0.93126239328847671  0.93438288148104653
  0.93742888374530453  0.94039961166746999  0.94336532205168400  0.94636249329662359
  0.94928515234266575  0.95210497125932991  0.95482788311575595  0.95743733481546112
  0.96002476346367394  0.96260527428883358  0.96504104831440796  0.96733039269224186
  0.96935318806480597  0.97129217352357133  0.97320661131466490  0.97508888051013931
  0.97711165987231940  0.97916090005367962  0.98125232922306660  0.98334030328026645
  0.98540378625316982  0.98745962441965462  0.98947176815670279  0.99137254762367577
  0.99331437742114026  0.99535275469674178  0.99756706154320829  1.00000000000000000
  0.02023891081231534  0.18166260361721548  0.20279432493146038  0.21860157954368931
  0.23479507359441665  0.25121550319426833  0.26521022042954029  0.27824823560218720
  0.29093555551507932  0.30442643341860004  0.31797193401895429  0.33074286906145983
  0.34371982164865789  0.35679671101897437  0.37010334892472291  0.38431290415671515
  0.39808661948021368  0.41111523794913746  0.42314166539548115  0.43484451938400903
  0.44649744083964560  0.45702533156585273  0.46585753806627489  0.47405918674292236
  0.48211540706438322  0.49021324171321806  0.49826646350690651  0.50638608978484068
  0.51385476188964552  0.52131646297947032  0.52833091088917905  0.53581488040155933
  0.54308036527604653  0.55028942011079396  0.55762269099756079  0.56419955708383196
  0.57037347720403220  0.57613515286253569  0.58173178687695992  0.58805105924554624
  0.59440117179631435  0.60092654586526684  0.60687295315038314  0.61249070283518636
  0.61807000302749804  0.62344182836342865  0.62889858874080140  0.63449199519860011
  0.63979291382601744  0.64575642443278325  0.65147057405909559  0.65759059836807887
  0.66361518373873651  0.66933774407101232  0.67477236545736996  0.68006665274849487
  0.68545860608462816  0.69123691355361960  0.69690963862967670  0.70216719514360193
  0.70720748711277526  0.71206061147690647  0.71701520162741217  0.72206444737309461
  0.72724620896861891  0.73280210906368282  0.73841342370289531  0.74434285154596413
  0.75043769816097017  0.75618718907179172  0.76180872587482240  0.76746453764778511
  0.77313190251569863  0.77861938435680211  0.78391769426835989  0.78912397274849511
  0.79447059912969942  0.80030630161770311  0.80639004820272275  0.81240810755835235
  0.81876996445675143  0.82494891331825093  0.83128443649855344  0.83801519631808263
  0.84531585988556124  0.85266169306385364  0.85975775205886618  0.86681491401718869
  0.87435250334118175  0.88247981260844910  0.89154759177198006  0.90165139172270670
  0.91259963141310274  0.92504819293344376  0.94343392503515955  1.00000000000000000
   1.3845361454245663E-006  -1.0000000000000000     
 F F F F F F F F F F F F F F F F F F F F F F F F F F F F F F F F F F F F F F F F F F F F F F F F F F F F F F F F F F F F F F F F F F F F F F F F F F F F F F F F F F F F F F F F F F F F F F F F F F F F F F F F F F F F F F F F F F F F F F F F F F F F F F F F F F F F F F F F F F F F F F F F F F F F F F F F F F F F F F F F F F F F F F F F F F F F F F F F F F F F F F F F F F F F F F F F F F F F F F F F F F F F F F F F F F F F F F F F F F F F F F F F F F F F F F F F F F F F F F F F F F F F F F F F F F F F F F F F
  <DiscreteSampler_grid>
  grouped_processes
  1 # 1 for a reference and 2 for a running grid.
  10 # Attribute 'min_bin_probing_points' of the grid.
  1 # Attribute 'grid_mode' of the grid. 1=='default',2=='initialization'
  0.0000000000000000 # Attribute 'small_contrib_threshold' of the grid.
  0.5000000000000000 # Attribute 'damping_power' of the grid.
 # binID   n_entries weight   weight_sqr   abs_weight
    13   10   2.902598457474078E-001   2.257592272524004E-001   2.902598457474078E-001
    14   10   2.902598457474085E-001   2.257592272524016E-001   2.902598457474085E-001
    16   10   6.987655279906461E-002   1.288602224067855E-002   6.987655279906461E-002
    17   10   6.987655279906482E-002   1.288602224067862E-002   6.987655279906482E-002
    22   10   2.902598457474078E-001   2.257592272524005E-001   2.902598457474078E-001
    23   10   2.902598457474085E-001   2.257592272524016E-001   2.902598457474085E-001
    25   10   6.987655279906461E-002   1.288602224067855E-002   6.987655279906461E-002
    26   10   6.987655279906482E-002   1.288602224067863E-002   6.987655279906482E-002
    31   10   2.902598457474078E-001   2.257592272524004E-001   2.902598457474078E-001
    32   10   2.902598457474086E-001   2.257592272524018E-001   2.902598457474086E-001
    34   10   6.987655279906460E-002   1.288602224067854E-002   6.987655279906460E-002
    35   10   6.987655279906482E-002   1.288602224067863E-002   6.987655279906482E-002
  </DiscreteSampler_grid>
