  0.00000143270662739  0.00000148094630741  0.00000154487852650  0.00000159092785532
  0.00000163504679062  0.00000167724493349  0.00000171504095086  0.00000176306344967
  0.00000181848082215  0.00000187662621718  0.00000193709123082  0.00000199916445624
  0.00000206148076180  0.00000212658965226  0.00000219444707817  0.00000227530202140
  0.00000235594356741  0.00000243669445960  0.00000252223760776  0.00000261604129806
  0.00000271404929867  0.00000280943703926  0.00000290477316884  0.00000300139407918
  0.00000310253238984  0.00000320729934778  0.00000331213638600  0.00000342006648045
  0.00000353667590311  0.00000365876322064  0.00000378064693860  0.00000391680863389
  0.00000404529002042  0.00000417067331568  0.00000429668242292  0.00000441996605815
  0.00000454838096647  0.00000469819413881  0.00000486805927033  0.00000506123144173
  0.00000526872591519  0.00000548295003156  0.00000569452455179  0.00000590761427122
  0.00000612545906646  0.00000635767869151  0.00000663084361343  0.00000693199583133
  0.00000723421603388  0.00000754136651207  0.00000785606645126  0.00000818684206680
  0.00000852906597338  0.00000893286476576  0.00000944588118194  0.00000996297573791
  0.00001048477543728  0.00001104331363611  0.00001160369024333  0.00001217466354153
  0.00001286183872316  0.00001352374912319  0.00001429191051447  0.00001515581310157
  0.00001602593768659  0.00001693839075366  0.00001797522020226  0.00001900423987856
  0.00002039707028383  0.00002181768164333  0.00002334090547223  0.00002496637585626
  0.00002668690553712  0.00002906383179829  0.00003179681136061  0.00003449576551165
  0.00003736317394030  0.00004040906847808  0.00004424821397455  0.00004881428273810
  0.00005439323736177  0.00006117081127616  0.00006960101126355  0.00008220260543620
  0.00009661993567288  0.00011431982166904  0.00013777125946666  0.00016440918040007
  0.00019778224118352  0.00024010637201235  0.00030531670701054  0.00043397570504243
  0.00072549941489459  0.00159844970724156  0.05025207457500849  1.00000000000000000
  0.00000011128089467  0.00000012165759704  0.00000012644618496  0.00000013085069562
  0.00000013539236645  0.00000014327425392  0.00000014828233492  0.00000015155965031
  0.00000015531928853  0.00000015960140200  0.00000016526953159  0.00000017266254554
  0.00000018475437974  0.00000020187221008  0.00000021813982202  0.00000023279743787
  0.00000024874276349  0.00000026485450364  0.00000028132695332  0.00000029781480462
  0.00000031329869906  0.00000032876690298  0.00000034491393453  0.00000036345524788
  0.00000038323494947  0.00000040266294916  0.00000042396965414  0.00000044676449005
  0.00000046978499188  0.00000049225084356  0.00000051386054966  0.00000053800322010
  0.00000056310352553  0.00000058937960114  0.00000062080265397  0.00000065418255941
  0.00000068883107744  0.00000072636703089  0.00000076748297047  0.00000081538662409
  0.00000086122806615  0.00000090954837614  0.00000097136447229  0.00000103415406515
  0.00000110097372900  0.00000117306099492  0.00000124691542783  0.00000132393573089
  0.00000140606834017  0.00000149683189670  0.00000159852957043  0.00000170321481891
  0.00000180502745028  0.00000191114242714  0.00000202634103119  0.00000215305503081
  0.00000229852149945  0.00000247283825290  0.00000266647313617  0.00000286778444353
  0.00000310098110908  0.00000335229119211  0.00000365376921723  0.00000397508636723
  0.00000429848338708  0.00000466781714162  0.00000506945946275  0.00000558053941752
  0.00000611940834899  0.00000672283981571  0.00000728010382348  0.00000806514887412
  0.00000894769909382  0.00000993761569848  0.00001118104206441  0.00001269847702166
  0.00001447192374524  0.00001646300245122  0.00001886701993352  0.00002180740339547
  0.00002546246591339  0.00002984804767017  0.00003540647644071  0.00004228080089822
  0.00005050217944399  0.00006204035480115  0.00007911430241000  0.00010194561917998
  0.00013544646742823  0.00018365604884744  0.00026834149961245  0.00041667984661649
  0.00071725526511715  0.00201332996950357  0.03895120149857881  1.00000000000000000
  0.00000816839099013  0.00000855164502621  0.00000892909319845  0.00000927239868670
  0.00000963846651716  0.00001002253636241  0.00001042313635575  0.00001079929519449
  0.00001123966844736  0.00001179212734504  0.00001243983104942  0.00001329326248122
  0.00001434243812325  0.00001557876328110  0.00001698514950790  0.00001837703432945
  0.00001965971358458  0.00002082116976419  0.00002203991306742  0.00002328509868660
  0.00002453738923798  0.00002583093927252  0.00002709723588187  0.00002841665861184
  0.00002978752457870  0.00003117193888198  0.00003260771612598  0.00003408648989813
  0.00003560438064454  0.00003714240043111  0.00003872550727237  0.00004034127706991
  0.00004200168170745  0.00004383223893861  0.00004595918339552  0.00004809432036997
  0.00005028529722650  0.00005260556153751  0.00005490389724182  0.00005734343034553
  0.00006004870652196  0.00006302780930136  0.00006625292522695  0.00006972114029997
  0.00007338175364588  0.00007717590131864  0.00008141996634754  0.00008603589268618
  0.00009131875551975  0.00009709121430082  0.00010317179083872  0.00010942561630625
  0.00011629658959887  0.00012342553025074  0.00013103816676391  0.00013941005182977
  0.00014749365861214  0.00015552307945472  0.00016387880086678  0.00017328456676855
  0.00018475557275487  0.00019593693485036  0.00020787259475194  0.00022045779304322
  0.00023442231298360  0.00025045849093744  0.00026821688569489  0.00028627522076735
  0.00030496994989129  0.00032553586330984  0.00034912552510550  0.00037743631028055
  0.00041044010019286  0.00044300196807035  0.00047750767052516  0.00051435840198390
  0.00055448272249228  0.00060834758262043  0.00065881581356184  0.00072068733041809
  0.00078695246754896  0.00086201483846144  0.00095370777438003  0.00105798884288534
  0.00117819573393977  0.00132310543044068  0.00149473526754193  0.00169850478456046
  0.00196626542946529  0.00230969354618598  0.00284890817231377  0.00362063876004430
  0.00479346263253020  0.00688463740017325  0.07492955836745069  1.00000000000000000
 -0.00228479680692732  0.00707177643981837  0.01593221379009674  0.02477333394483756
  0.03395922723439444  0.04322441817096016  0.05202213139240366  0.06035753195931252
  0.06794519022572554  0.07512673128005766  0.08250692507330228  0.09103546881884807
  0.10053403639779465  0.10994918138680522  0.11895333062737429  0.12844552461940520
  0.13872221540949628  0.14909639688558682  0.15899746714753399  0.16862678544979526
  0.17809090069443362  0.18687769035170670  0.19597037140449602  0.20540001485383097
  0.21467124823720463  0.22366279834090183  0.23244355581910989  0.24078319461042300
  0.24877249307822968  0.25601086548444552  0.26346366679042121  0.27148161434120049
  0.28253603968853375  0.29383205655851335  0.30434623399226929  0.31391441799798125
  0.32332098880054666  0.33277787776108037  0.34216375996585235  0.35128666692406058
  0.36054606564247416  0.37004966522964144  0.37960939180922842  0.38930016030712894
  0.39927328698826670  0.41014026644353263  0.42083480975689197  0.43080400849264400
  0.44021553434271232  0.44991256747278474  0.46039351772738135  0.47123789935404187
  0.48239037258795442  0.49362604199444676  0.50575247867717243  0.51793721741215548
  0.53067432643443191  0.54378441589012705  0.55579664933922013  0.56650382822363654
  0.57651545560028228  0.58677032532444362  0.59738100555465123  0.60796408154754111
  0.61841619459994346  0.62875935839802077  0.63939422584788430  0.65025933507997857
  0.66133842387714026  0.67212083612353613  0.68312942634859219  0.69391535095415058
  0.70515353133307423  0.71647167222690988  0.72850088798313661  0.74142191882750397
  0.75430715330783549  0.76744150553181811  0.77996261338835970  0.79232936220211037
  0.80422057108577516  0.81671042091804302  0.82891896481130922  0.84165869292023299
  0.85357920190949610  0.86508409623382831  0.87771062349772067  0.89219315152724932
  0.90742558586708066  0.92136429174607426  0.93494938675121841  0.94789671658382668
  0.96076865958783730  0.97410036662410626  0.98692970880648090  1.00000000000000000
 -0.00162372474925058  0.00636753678025137  0.01470542618350317  0.02295007722150299
  0.03391631866130285  0.04481617617956753  0.05575698500118044  0.06589312230698667
  0.07600917837505043  0.08561573565870195  0.09471706683635493  0.10421790546694268
  0.11483573654912062  0.12672270668384317  0.13851995664148942  0.14954363236616053
  0.16003741630731286  0.17027239451733919  0.18038658741629215  0.19031850186394988
  0.20045036477256895  0.21150509374133264  0.22237179118579350  0.23177537906246332
  0.24043678611325031  0.24963661696599149  0.25966693696956039  0.26954553480485899
  0.28002534532543571  0.29062484839934777  0.30199517956026134  0.31410081402404716
  0.32647134932160921  0.33807179375743573  0.34869021250155818  0.35877220902381657
  0.36960929997833680  0.38055437059512714  0.39126910563513051  0.40216002737334083
  0.41284293930575566  0.42320963276847273  0.43240939865896993  0.44097507452845258
  0.44968892548198880  0.45904797850578516  0.46975710955843519  0.48086249594792446
  0.49220352036245973  0.50369691398142358  0.51562751549672170  0.52777713697199979
  0.53894351294467568  0.54897223779564963  0.55792110730121669  0.56730109881098234
  0.57693829665010854  0.58712526840309254  0.59841157858477567  0.61011945171526427
  0.62323937080930758  0.63500424176100168  0.64719538759789763  0.65872300911837245
  0.66946221891452617  0.68007749714437915  0.69088683638627268  0.70230261251674830
  0.71370604600085052  0.72494030197278270  0.73592200437958344  0.74713705177862910
  0.75921797137144265  0.77110006005924736  0.78200643394895086  0.79174788501861471
  0.80122768709677472  0.81089253846430553  0.82105941247311498  0.83067719843212673
  0.83977361697866149  0.84849072902142608  0.85756250630957420  0.86685592353526986
  0.87740558032292071  0.88814561580687901  0.89903712905589062  0.90971708439922905
  0.92059540834373776  0.93219894053424257  0.94352352954232599  0.95548105845184805
  0.96719122258573231  0.97906451779258352  0.98977699763475324  1.00000000000000000
 -0.00240542607900573  0.00882324825174213  0.01907667083368972  0.03040335315691300
  0.04168396786666007  0.05233050580670853  0.06237706086405384  0.07172336266024286
  0.08167302727322567  0.09211386351348509  0.10390560108315230  0.11393303306546336
  0.12359903583261833  0.13273371243856572  0.14205895179245390  0.15057110262831289
  0.15946583078401597  0.16792084019187131  0.17679655877428188  0.18604329140460701
  0.19645957311619761  0.20799349692201780  0.21940152451944425  0.23050083354595774
  0.24125810098840061  0.25195802612404389  0.26310263494930952  0.27382547009208258
  0.28398598681722087  0.29430343771529405  0.30528940570818397  0.31702840192890991
  0.32810767114060246  0.33905289215224083  0.35003283038234284  0.36059962459911998
  0.37125324999643861  0.38285728411947578  0.39637043393834726  0.40851677978863238
  0.41879538777457576  0.42880111929006670  0.43967123475663333  0.45136515112515685
  0.46223761804663632  0.47313867011146532  0.48411863082347811  0.49457433864918271
  0.50557498056967354  0.51583500664782189  0.52566204565385788  0.53523761431640715
  0.54568901750832299  0.55734846404124760  0.56907231634109545  0.58085432700590423
  0.59324951938227277  0.60641595043586594  0.61897696533929336  0.63013268576765380
  0.64074930850927247  0.65054013445928149  0.66047109090021072  0.67101589337597278
  0.68229306283413960  0.69389271864985980  0.70523188435129669  0.71642290051772184
  0.72755176456110948  0.73846290008653714  0.74984672981758083  0.76264294865556415
  0.77512968255339110  0.78716039803222182  0.79770377733246889  0.80858665288587850
  0.81938082455668448  0.83009298444518598  0.83992532454341151  0.84885270114698086
  0.85756669243014716  0.86667658207835985  0.87635524315410807  0.88584623756226000
  0.89444772827349217  0.90299713625698919  0.91207712130150842  0.92216834450642327
  0.93274279845760166  0.94284031148648129  0.95292744113122352  0.96263542149465486
  0.97236557663517553  0.98165852720855828  0.99104613179322631  1.00000000000000000
 -0.00275305798057098  0.01091974139888497  0.02221098294100630  0.03254946114973054
  0.04279209435463339  0.05326367012112444  0.06416908570984707  0.07441675603975510
  0.08463504604230300  0.09464456259705910  0.10583112044469285  0.11670851460377381
  0.12736107274480285  0.13830043093708475  0.14933302662803077  0.16030366898485526
  0.17131047704417898  0.18149131428103643  0.19129602714909202  0.20063911865351644
  0.21026328075004047  0.22019209633177675  0.22989883915349116  0.23997148955694811
  0.24986702695604832  0.25966240792019790  0.26995247490353336  0.28131675233094383
  0.29422497020538091  0.30771344417054336  0.32099740626588330  0.33323299056105155
  0.34461582168882648  0.35550848198580881  0.36611734981939920  0.37601130106547836
  0.38436716088316492  0.39282034772816293  0.40128522610572165  0.41042644340334694
  0.42009363544384515  0.42938850416412649  0.43913337432069927  0.44983645686623080
  0.46155253096889720  0.47335290766695970  0.48439929013181443  0.49486816840657688
  0.50591375400019378  0.51770528739404320  0.52904300776804591  0.53915668940968098
  0.54787222259848145  0.55708367942427350  0.56643847906861067  0.57930302458866501
  0.59316317828278053  0.60635300636606149  0.61869648111640774  0.63147471420865864
  0.64374976701689424  0.65494125921921420  0.66500452456710657  0.67523055203610316
  0.68593610549446415  0.69773383097376263  0.71005521846811970  0.72187847933154248
  0.73317827383655620  0.74364379514047618  0.75345413126402805  0.76322982564690078
  0.77386262769326186  0.78565095929889761  0.79686772569424391  0.80613509016473639
  0.81467098375184888  0.82318994760966324  0.83168095037952960  0.84055769261290725
  0.84906416501898108  0.85800498173876560  0.86761838279232262  0.87724496972865551
  0.88677688070723082  0.89649353658285336  0.90719418125596119  0.91864721352637613
  0.92995412139240285  0.94120234823085203  0.95098206981956712  0.95975749120547260
  0.96837176015364079  0.97713212697450313  0.98865154565088476  1.00000000000000000
 -0.00254280222141167  0.01397783379003141  0.02406551998875219  0.03454782008186884
  0.04480902175453894  0.05451817623984789  0.06501725268870059  0.07467102829729778
  0.08428520951191543  0.09474869451394929  0.10550937937314793  0.11542614216052152
  0.12524866050501718  0.13557363388799751  0.14635986766781431  0.15716553162192717
  0.16826401831151344  0.18047196929206538  0.19236028990051593  0.20360216697825315
  0.21456666194625929  0.22572581758475865  0.23730469177532088  0.24900035951874977
  0.26084859958108886  0.27255750518278954  0.28394232852607781  0.29552632491402270
  0.30654667613747183  0.31717321280794786  0.32787531416037791  0.33873514395242199
  0.35078217259822081  0.36258276170398601  0.37444386783102623  0.38544036282428273
  0.39570555694932974  0.40419321334040698  0.41278666020397131  0.42221850130028615
  0.43322035037922546  0.44438743550604964  0.45492851083684954  0.46553279635353662
  0.47654105760597981  0.48689123806550055  0.49668037267639803  0.50653495855830410
  0.51693707383950449  0.52783133578930341  0.53884549221901035  0.54956004003923342
  0.55937992414360915  0.56840565174761293  0.57778979072245051  0.58804361231049063
  0.59907138985432518  0.61014446489138074  0.62077923077945274  0.63158313830837387
  0.64187156900812159  0.65163382246416934  0.66115278080546303  0.67145571921835745
  0.68250465986363185  0.69357672407277049  0.70313160635054095  0.71345949773255080
  0.72406910420978488  0.73615697539122227  0.74824825182590693  0.76064299816145431
  0.77307154695692892  0.78494546612335381  0.79575839002161286  0.80544685451586862
  0.81514884802896936  0.82446843728696839  0.83143560140542494  0.83929980508184931
  0.84699586528173465  0.85601059060308615  0.86642528393837492  0.87770893395832994
  0.88951601353556131  0.90084096298634486  0.91133938656774438  0.92234593636059670
  0.93234621792232086  0.94177301384102430  0.95023493597190078  0.95888849464919679
  0.96793930938643169  0.97719008507558935  0.98837760212908010  1.00000000000000000
 -0.00270494336101535  0.01054392430093057  0.02122814083908172  0.03199278609554407
  0.04229497558927048  0.05353278429051482  0.06536757449297968  0.07662802285525179
  0.08691178543046610  0.09764862472514457  0.10837935204985216  0.11918006991465853
  0.13082964404669353  0.14243689983216448  0.15383516099864916  0.16513471737654969
  0.17673374412367249  0.18802923180308415  0.19858335576146857  0.20850075165003756
  0.21860178811703751  0.22888887896906107  0.23940252855053301  0.24998977302934092
  0.26026137377140923  0.26984404730581252  0.27917915567943968  0.28870399515533735
  0.29953196507981278  0.31080091756075295  0.32126549667628240  0.33105016274766824
  0.34064330312803842  0.35059733755493699  0.36072961820706834  0.37089897333416766
  0.38127092277703672  0.39163092158071244  0.40181246874026416  0.41172648464807293
  0.42210727447629270  0.43235901372944535  0.44233238488507015  0.45233278177638875
  0.46334811786379887  0.47583800616608007  0.48702223549581736  0.49794466042391722
  0.50818571757756703  0.51814264928102061  0.52767841730482523  0.53726319409217282
  0.54745910840312573  0.55822068168862626  0.56779740782218235  0.57626270272470881
  0.58477029383354284  0.59320349587211063  0.60228047492751657  0.61225108371288006
  0.62314448660054567  0.63458263712121599  0.64558653366365448  0.65589758282086563
  0.66626519107728632  0.67674060873409325  0.68801546389502821  0.69942019775027275
  0.70972560180050059  0.71869483058320338  0.72711955223652480  0.73551993790825454
  0.74494985464853203  0.75609199279744721  0.76756999746737797  0.77799729399029627
  0.78831324067979558  0.79929332886373883  0.81066396668572005  0.82156445965327796
  0.83197491167835524  0.84275893959940484  0.85395149523521618  0.86510015719757849
  0.87611488170037444  0.88734690130084681  0.89877599921817108  0.91044726817080024
  0.92227327688754923  0.93406101147379239  0.94554790534015243  0.95646742945823493
  0.96702542860055107  0.97730951122776477  0.98817086777765140  1.00000000000000000
 -0.00181589466852281  0.01664560739773208  0.03277675407283433  0.04664928815293125
  0.06042049234192174  0.07402539855040517  0.08862952709577875  0.10308943461141656
  0.11719015944301905  0.13035264000878216  0.14302148323908609  0.15564067371797627
  0.16842319735528913  0.18117729797277596  0.19364747733144719  0.20650856842456725
  0.21928703437097785  0.23120515283631829  0.24179863955807329  0.25249806150609222
  0.26363912921104515  0.27623924685876772  0.28959077768929664  0.30296956206084080
  0.31573902043763158  0.32746972618056153  0.33866677882377055  0.34897336680518792
  0.35967700951936948  0.37009466532791863  0.38012541453154097  0.39111281257272806
  0.40072294093774791  0.41023545347850482  0.41931081860804792  0.42816595657838996
  0.43715471181079346  0.44616333565986238  0.45500710987856058  0.46431829373380579
  0.47379830009152618  0.48291788384052198  0.49204640637190245  0.50153727016624439
  0.51138112006054637  0.52143304710752048  0.53141203428677519  0.54073665589188658
  0.54941640983683426  0.55811739281975903  0.56712770987359373  0.57634376428102929
  0.58521866035795767  0.59359164745822224  0.60180533405751135  0.60993680767266656
  0.61803364991557186  0.62603203238796301  0.63358717143651433  0.64111822128681750
  0.64884923018248808  0.65686182067921073  0.66498395486781647  0.67300439834937453
  0.68115694195582033  0.68979308381432269  0.69888386303592442  0.70724796406137314
  0.71601916068450300  0.72459645113555449  0.73289708204368886  0.74175130338590967
  0.75022064618227080  0.75810326210869505  0.76634023478577451  0.77481738082783824
  0.78336860038384259  0.79188908859192986  0.80041324278402015  0.80883882007617325
  0.81793015670809965  0.82751526164990119  0.83705566403634690  0.84716722326912552
  0.85708611083706043  0.86780361318554289  0.87762304550298242  0.88688731551675448
  0.89712292750604050  0.90894004042145249  0.92074836889893086  0.93260938490958922
  0.94524823610614461  0.96032989434451288  0.97795966104357812  1.00000000000000000
 -0.00282548657568779  0.00994528643193674  0.02146347868406955  0.03312481097941903
  0.04270397878379538  0.05115854089736353  0.05981306453164828  0.06857067437940356
  0.07889571636724146  0.08922821953413022  0.09858548002672400  0.10763764997018004
  0.11719426429007490  0.12786250074689740  0.13943606843212528  0.15148794261406398
  0.16276302850764232  0.17302409515201489  0.18339840983778324  0.19281621338540472
  0.20308262062261012  0.21377815058776287  0.22472253215299345  0.23569676380833657
  0.24662606482366342  0.25822255057729093  0.26960767181929762  0.27993613818415597
  0.29066343688744545  0.30170190721616957  0.31299101783719990  0.32318686349330755
  0.33314813510606306  0.34449572453642141  0.35604374114577381  0.36688486582157764
  0.37745732584771846  0.38890646942641038  0.40079863102124608  0.41213625031516177
  0.42301237682604959  0.43408345681014665  0.44537800655027626  0.45692389221946123
  0.46834205333579726  0.47964332999188758  0.49097152598802146  0.50221797662980705
  0.51299087591150860  0.52375507926571119  0.53512392332793701  0.54694438166918258
  0.55898487443552114  0.57049048891679832  0.58151734265914112  0.59252302293992021
  0.60267858253032547  0.61307622675009643  0.62342614862028545  0.63320266370798717
  0.64206755516989300  0.65084278973909837  0.66031083993377526  0.67133453736966442
  0.68329100245363095  0.69475909455505769  0.70521576688271226  0.71521842133556468
  0.72514843143272978  0.73529234760680462  0.74560648839806953  0.75586680434687870
  0.76614393524848279  0.77714105052893123  0.78838324014674166  0.80009315929853120
  0.81034791154445507  0.81972262830704712  0.82871841911677568  0.83790397947472572
  0.84798121755050726  0.85838771373988787  0.86928261939267548  0.87950577160777754
  0.88893636979922330  0.89818793980284917  0.90789814495022936  0.91711825647190603
  0.92657173908743762  0.93608736618126220  0.94818090974737557  0.96069257122263774
  0.97195949026914363  0.98205583369985439  0.99112281981992123  1.00000000000000000
  0.38544041634002069  0.50743306784000908  0.51789935777046514  0.52748371743819622
  0.54011927888438616  0.54814617030369617  0.55470132050397014  0.56166987467301410
  0.56739806552078353  0.57384684479480919  0.57918467328802492  0.58491612098136037
  0.59047146364613923  0.59727651677066262  0.60581816236739461  0.61364538063473972
  0.61913838939356569  0.62379087756720353  0.62892728296617428  0.63529075009549341
  0.64248825859713543  0.64941882441622389  0.65507681962851760  0.66011249745367873
  0.66520257592926735  0.67061428052511629  0.67634596738072583  0.68165808499713387
  0.68653539762144222  0.69181156726789750  0.69722244399300737  0.70338804859719273
  0.70882155579869399  0.71471124002550523  0.71987383338178468  0.72483656997674595
  0.72993752185170280  0.73505095859481695  0.73977113618306245  0.74424051486994824
  0.74853751634390342  0.75289555028270705  0.75760094683752410  0.76257461848461394
  0.76769070892774116  0.77270092457792150  0.77768284236304197  0.78262758283432698
  0.78724494339099227  0.79156812089372064  0.79565208784827623  0.79962158596411770
  0.80358745849764435  0.80767586482073839  0.81208776515687253  0.81678551542111988
  0.82179111347490519  0.82659322568620042  0.83130909911634920  0.83572049063586440
  0.84006181669800062  0.84422181924177586  0.84852204361596739  0.85263569354531110
  0.85668257009772963  0.86056775914729444  0.86443516013668831  0.86868371985522319
  0.87305693677357565  0.87738202081849981  0.88180427909398829  0.88623110832853613
  0.89062611064371044  0.89510025393680059  0.89974522037131310  0.90456092554313738
  0.90927407176752340  0.91366167857318070  0.91794211353622945  0.92221675796014380
  0.92645814424511197  0.93044327466811139  0.93430260871125481  0.93831794731211082
  0.94240593487377944  0.94685642627031286  0.95153429414632595  0.95614930401608222
  0.96103255779141272  0.96588251976320116  0.97050481244719833  0.97523172061296359
  0.98013061604039420  0.98567708183345415  0.99250274262534988  1.00000000000000000
 -0.01202499892583053  0.09699445650067803  0.10880149207282949  0.11873419385093413
  0.12832317567309690  0.14013679174417179  0.14948102240220240  0.15689503531850685
  0.16341213133684127  0.16961224179570636  0.17536777886637536  0.18136362577889584
  0.18750318284727330  0.19322833371428644  0.19888818380615966  0.20521757321618980
  0.21157957245174563  0.21759939934026337  0.22349399550213930  0.22934174898139886
  0.23460723341231071  0.24021079271951079  0.24593333572332624  0.25183697898308721
  0.25767931921842080  0.26352125594308828  0.26965292089267412  0.27588901958834033
  0.28177570511471761  0.28725760471215689  0.29256769426328849  0.29807556424148202
  0.30413412500541470  0.30962168145879509  0.31509169337635751  0.32067372254340104
  0.32637494597164957  0.33216511239546409  0.33772641670162845  0.34319219416987962
  0.34872544935232458  0.35468833200699945  0.36088270810772449  0.36689312694652076
  0.37266799153497121  0.37849267203717440  0.38443829342724989  0.39125596232415322
  0.39770107838129420  0.40364064823883566  0.40922180629361349  0.41476942354674190
  0.42074040442574606  0.42694301718152822  0.43290534837303141  0.43842110915530924
  0.44397547970038270  0.44987109373759471  0.45650473365172545  0.46308143758229076
  0.47016798900148632  0.47713087502555102  0.48459935709727925  0.49213806630527746
  0.49961385352324222  0.50732661258751399  0.51532940876597477  0.52403496483281831
  0.53277399113397694  0.54121973588828665  0.54926083126152125  0.55768481503118184
  0.56635172785270649  0.57497147491931555  0.58361949639947963  0.59245668455614175
  0.60125194708158414  0.61065533083321288  0.62080589575197553  0.63160684099669262
  0.64259404402921483  0.65344178494879757  0.66458991163655745  0.67536612768326265
  0.68592161256236872  0.69662219757774591  0.70802044117797391  0.72161990138481880
  0.73673795616301885  0.75377129665798381  0.77040211430884065  0.78791367076260355
  0.80768999906723438  0.83381696383457127  0.87018979349554815  1.00000000000000000
   3.1050520296608047E-007  -1.0000000000000000     
 F F F F F F F F F F F F F F F F F F F F F F F F F F F F F F F F F F F F F F F F F F F F F F F F F F F F F F F F F F F F F F F F F F F F F F F F F F F F F F F F F F F F F F F F F F F F F F F F F F F F F F F F F F F F F F F F F F F F F F F F F F F F F F F F F F F F F F F F F F F F F F F F F F F F F F F F F F F F F F F F F F F F F F F F F F F F F F F F F F F F F F F F F F F F F F F F F F F F F F F F F F F F F F F F F F F F F F F F F F F F F F F F F F F F F F F F F F F F F F F F F F F F F F F F F F F F F F F F F F F F F F F F F F F F F F F F F F F F F F F F F F F F F F F F F F F F F F F F F F F F F F F F F F F F F F F F F F F F F F F F F F F F F F F F F F F F F F F F F F F F F F F F F F F F F F F F F F F F F F F F F F F F F F F F F F F F F F F F F F F F F F F F F F F F F F F F F F F F F F F F F F F F F F F F F F F F F F F F F F F F F F F F F F F F F F F F F F F F F F F F F F F F F F F F F F F F F F F F F F F F F F F F F F F F F F F F F F F F F F F F F F F F F F F F F F F F F F F F F F F F F F F F F F F F F F F F
  <DiscreteSampler_grid>
  grouped_processes
  1 # 1 for a reference and 2 for a running grid.
  10 # Attribute 'min_bin_probing_points' of the grid.
  1 # Attribute 'grid_mode' of the grid. 1=='default',2=='initialization'
  0.0000000000000000 # Attribute 'small_contrib_threshold' of the grid.
  0.5000000000000000 # Attribute 'damping_power' of the grid.
 # binID   n_entries weight   weight_sqr   abs_weight
    19   10   1.748759960501904E-004   7.732558687745985E-008   1.748759960501904E-004
    20   10   1.748759960501904E-004   7.732558687745987E-008   1.748759960501904E-004
    22   10   4.192497909855852E-005   4.221557222305134E-009   4.192497909855852E-005
    23   10   4.192497909855852E-005   4.221557222305137E-009   4.192497909855852E-005
    25   10   2.105851756402938E-004   1.071666328510115E-007   2.105851756402938E-004
    26   10   2.105851756402937E-004   1.071666328510115E-007   2.105851756402937E-004
    28   10   5.200013660849413E-005   6.826435098181334E-009   5.200013660849413E-005
    29   10   5.200013660849413E-005   6.826435098181341E-009   5.200013660849413E-005
    34   10   1.748759960501905E-004   7.732558687745985E-008   1.748759960501905E-004
    35   10   1.748759960501904E-004   7.732558687745991E-008   1.748759960501904E-004
    37   10   4.192497909855852E-005   4.221557222305136E-009   4.192497909855852E-005
    38   10   4.192497909855852E-005   4.221557222305135E-009   4.192497909855852E-005
    40   10   2.105851756402938E-004   1.071666328510115E-007   2.105851756402938E-004
    41   10   2.105851756402938E-004   1.071666328510116E-007   2.105851756402938E-004
    43   10   5.200013660849414E-005   6.826435098181341E-009   5.200013660849414E-005
    44   10   5.200013660849413E-005   6.826435098181339E-009   5.200013660849413E-005
  </DiscreteSampler_grid>
