 -0.00158598808514072  0.00855923727311462  0.01842066599047948  0.02921963039784271
  0.04084829747570178  0.05292860590155800  0.06416444990691951  0.07426507511015290
  0.08391687182359313  0.09372246570392583  0.10464066676420890  0.11551513203375918
  0.12612130921934422  0.13720621037297803  0.14820347491423125  0.15876918149448493
  0.16890682976216284  0.17923538102335429  0.19011210173879228  0.20115172903823647
  0.21138365396576486  0.22132043760711523  0.23113830554735415  0.24187897408863293
  0.25317345532704855  0.26404102271867419  0.27472714415285765  0.28547316101110609
  0.29623435239902690  0.30651587793180546  0.31656410677511870  0.32656237273481598
  0.33614313961793302  0.34536259947731773  0.35426390080719306  0.36366661119804655
  0.37370441421563139  0.38434410313762718  0.39508792497867273  0.40567279009898732
  0.41688933641764725  0.42787131513722237  0.43888026952216191  0.44902735483114636
  0.45932976700718481  0.46948289609801419  0.47979556137717005  0.49047670774239704
  0.50095478439925656  0.51121986766040595  0.52091677248099766  0.53098714994692076
  0.54100411276522109  0.55285149192275695  0.56466674823966079  0.57585007523365805
  0.58643503517972773  0.59651563572985877  0.60640492751054953  0.61580437627365947
  0.62523975473047577  0.63535320500051640  0.64576831748862118  0.65646087655444496
  0.66667614951215537  0.67684034716968122  0.68699106483962669  0.69761009747822800
  0.70820934247107326  0.71812378447884151  0.72756013990176871  0.73721033223846288
  0.74742090388185500  0.75816654818257212  0.76972137287092668  0.78161463175784540
  0.79322664517209540  0.80432765650750615  0.81479595433139940  0.82472373629873585
  0.83437539281607009  0.84372932250684607  0.85296836210955362  0.86227628753467911
  0.87238559185972919  0.88412985569755920  0.89621055453974707  0.90744429915554425
  0.91721567820102989  0.92754263648557045  0.93813353834365687  0.94984263893047982
  0.96161228956460887  0.97401472761120933  0.98674489749936478  1.00000000000000000
  0.00002094672528484  0.00004187465839367  0.00004938399987721  0.00005770999900487
  0.00006593842561557  0.00007445071800446  0.00008213516826849  0.00008922263214268
  0.00009622160383678  0.00010307765038224  0.00011002319935446  0.00011706277552676
  0.00012407059259203  0.00013099248826375  0.00013770245002949  0.00014429638353994
  0.00015086829644836  0.00015785268771437  0.00016542095001834  0.00017303162906693
  0.00018079929994186  0.00018895823737008  0.00019741695179549  0.00020624942438607
  0.00021429204993606  0.00022244928544942  0.00023073021351497  0.00023965392149540
  0.00024932286934458  0.00025918272670414  0.00026933617252132  0.00027991578944152
  0.00029185957522719  0.00030313458644196  0.00031509308683185  0.00032776030316722
  0.00034068130186699  0.00035523699923254  0.00036917851660012  0.00038342113015450
  0.00039685769690025  0.00041113315290432  0.00042642788841580  0.00044280379095613
  0.00045947819073618  0.00047637831195286  0.00049451325170933  0.00051384111569104
  0.00053326938730400  0.00055192671000164  0.00057069148836420  0.00058674197328239
  0.00060688251593728  0.00062721094257817  0.00064900224851417  0.00067239470008056
  0.00069669926166849  0.00072463179330709  0.00075836833377707  0.00079621280402282
  0.00083346114368166  0.00087201348053724  0.00091506982720323  0.00095711992686227
  0.00100133377492152  0.00105137287769049  0.00110688489387569  0.00116484122972678
  0.00122235933308798  0.00127829871811019  0.00133535799958502  0.00139219944660829
  0.00145035005900390  0.00151594836443497  0.00158654061064978  0.00167049695902162
  0.00174636588605614  0.00182095661809854  0.00190225269852114  0.00199919435370634
  0.00211730721573557  0.00225457327299141  0.00240981059649915  0.00257189896057576
  0.00275668990668940  0.00297128195466277  0.00319145609742008  0.00343462117567808
  0.00371525720347267  0.00403185946901854  0.00442883390223893  0.00510253216154893
  0.00626354472531354  0.00868538856935759  0.01817861266331625  1.00000000000000000
  0.00000168603209069  0.00000178378201727  0.00000185234505681  0.00000190159841653
  0.00000194992742550  0.00000200171924795  0.00000205532084843  0.00000210789754082
  0.00000215948034252  0.00000221927926166  0.00000228221324900  0.00000234013527431
  0.00000239960591221  0.00000246450476894  0.00000253607625611  0.00000261316286681
  0.00000269159966706  0.00000277232042919  0.00000284314362655  0.00000292532398932
  0.00000300732811090  0.00000309271027213  0.00000318472527268  0.00000328247450462
  0.00000338764212171  0.00000350369700410  0.00000362522420624  0.00000374114480914
  0.00000385773944729  0.00000397508250971  0.00000410373709728  0.00000423214993789
  0.00000435650998106  0.00000447927929420  0.00000460771690144  0.00000476546160427
  0.00000494686028441  0.00000513180636951  0.00000532714074593  0.00000554348386584
  0.00000578742492026  0.00000605910613156  0.00000630046922156  0.00000657964504389
  0.00000687218109030  0.00000715732591043  0.00000746596516979  0.00000781383541236
  0.00000818653110765  0.00000858207686751  0.00000901238410810  0.00000947978469110
  0.00000996103651038  0.00001048574880808  0.00001105986450027  0.00001168326160959
  0.00001235019986378  0.00001309901609768  0.00001387737712528  0.00001472574998292
  0.00001561896377237  0.00001658281639946  0.00001763678173005  0.00001876960398580
  0.00002000089584282  0.00002133276906099  0.00002278392107107  0.00002440568162541
  0.00002622976979819  0.00002833226428792  0.00003078749394225  0.00003357617088602
  0.00003681131657488  0.00004042611104844  0.00004429097105782  0.00004840875273042
  0.00005329958065547  0.00005948535058256  0.00006678170368498  0.00007547250260117
  0.00008605464030554  0.00009895257782401  0.00011408699245073  0.00013234849600192
  0.00015569054654946  0.00018614550731477  0.00023209049398055  0.00029181513295602
  0.00037547571020471  0.00051744120938642  0.00074579068509942  0.00114760824151904
  0.00182695693347499  0.00298409047719330  0.06689434985101667  1.00000000000000000
  0.00000238443434718  0.00000274486741912  0.00000308960761208  0.00000343730942146
  0.00000368763530357  0.00000392894432908  0.00000422036266189  0.00000450037752165
  0.00000475925741439  0.00000505944563830  0.00000526906127508  0.00000551225842710
  0.00000577369320291  0.00000604859511746  0.00000636029472896  0.00000670746401595
  0.00000706939348941  0.00000744435003921  0.00000783843056679  0.00000822838226553
  0.00000861299434804  0.00000900738149111  0.00000938753155347  0.00000977559519329
  0.00001017197154651  0.00001057591949968  0.00001099061125761  0.00001143611221530
  0.00001186464118323  0.00001240117877336  0.00001293523904349  0.00001342872804944
  0.00001392904676712  0.00001445146350679  0.00001500430036890  0.00001560768641341
  0.00001627135312860  0.00001701566586641  0.00001776934556171  0.00001856229382242
  0.00001939649956440  0.00002033003023873  0.00002131945959744  0.00002235434206490
  0.00002343466370907  0.00002454881529325  0.00002568063237288  0.00002681183377453
  0.00002819865949285  0.00002965308236826  0.00003131142921380  0.00003306910882461
  0.00003487363435137  0.00003676515232451  0.00003877170897098  0.00004093258409127
  0.00004329931273491  0.00004586023017572  0.00004866792505146  0.00005163861734750
  0.00005481131483745  0.00005814358863632  0.00006216977550362  0.00006638480098240
  0.00007132583886625  0.00007676528829110  0.00008270357265921  0.00008937900471474
  0.00009675617116998  0.00010494199651110  0.00011452493298095  0.00012506139002845
  0.00013749936701887  0.00015167457975890  0.00016698116732962  0.00018528171754042
  0.00020579397276653  0.00022755201587811  0.00025275175325912  0.00028038962337463
  0.00031518102005338  0.00035509336845818  0.00040449242875889  0.00047328600385915
  0.00056170053140370  0.00067077871546709  0.00080141789029962  0.00097078707998166
  0.00115383473771577  0.00136705073773092  0.00168356074236921  0.00224752560725742
  0.00333167947480353  0.00457152528231731  0.03374250686135954  1.00000000000000000
 -0.00171925398890516  0.00919748848463888  0.01879553173136405  0.02887913780674617
  0.04022742284887137  0.05169110403894660  0.06212743419181854  0.07220029225172207
  0.08203829526269373  0.09275368317580128  0.10353197548628104  0.11443079051426672
  0.12497224468102283  0.13533373088405745  0.14544562331931224  0.15582628544215646
  0.16651771170720089  0.17733393025537603  0.18831344816092735  0.19929606671663191
  0.21076891896799221  0.22195196818982754  0.23306879492526300  0.24342185169125116
  0.25303005972416054  0.26232914979286909  0.27128171894938902  0.28036533377081702
  0.29002630975975879  0.30026741742541840  0.31149477820941729  0.32283116875142420
  0.33401105518966928  0.34472795059606598  0.35592571464797979  0.36772534922235889
  0.37968514331690023  0.39151526398627984  0.40289760267757146  0.41398548752200642
  0.42478171127000491  0.43531915619905215  0.44546712924386705  0.45553482355186825
  0.46506978761781659  0.47411987963302382  0.48323973572834272  0.49265357206349081
  0.50360217763949100  0.51434254413221325  0.52475119647997903  0.53473290180974664
  0.54511164209779472  0.55553325481909266  0.56609755648791082  0.57726964660693214
  0.58756763692929859  0.59819295634764491  0.60888403102705146  0.61989163440280881
  0.63048877772670220  0.64044779115418149  0.65003716212004392  0.65981457123007414
  0.67016126901162709  0.68063542561982981  0.69088070329234308  0.70072162536292870
  0.71014294513725418  0.71997579609769258  0.72983939299128597  0.74112751550310663
  0.75271072496776958  0.76412895498745337  0.77483069134257876  0.78509686273222690
  0.79534073910848258  0.80579946850874928  0.81668059042407415  0.82797895878252026
  0.83876094092007336  0.84876156114026957  0.85865433096559884  0.86838663594760968
  0.87824673274901477  0.88772585105514434  0.89804896981365478  0.90940664235798541
  0.92062642113546933  0.93155784342852010  0.94208249239887976  0.95294152549763644
  0.96479935034502107  0.97641528148750623  0.98851182032529961  1.00000000000000000
 -0.00304366233197202  0.01180290988941316  0.02333151221907611  0.03431887644198996
  0.04539380833840934  0.05637438293653555  0.06739595428832389  0.07838207095720029
  0.08935516374447205  0.10062109104361092  0.11235914921411584  0.12453659762329987
  0.13663111944722231  0.14818771707232833  0.15866071555676919  0.16863723938527583
  0.17810577617969997  0.18756531138964166  0.19726889822044313  0.20711061204351017
  0.21717453581701537  0.22713235413324348  0.23753043318343092  0.24838096888727251
  0.25936983086733489  0.27073674447186352  0.28229537731043158  0.29378084982932207
  0.30427363484543429  0.31374919147326108  0.32281071647998849  0.33216657192100912
  0.34237840743149839  0.35299115055695446  0.36364385337974958  0.37436867764514214
  0.38508200632938655  0.39534542884231216  0.40495320816900005  0.41449139576337030
  0.42401810030458853  0.43322222863834342  0.44248530709483602  0.45156386899208861
  0.46103521576784129  0.47093690854433012  0.48183213363720656  0.49375926990653235
  0.50526767578736298  0.51551481712356007  0.52480402892646494  0.53403187851014144
  0.54335808357464033  0.55272609711620702  0.56237436251559558  0.57225039728114602
  0.58261312723059411  0.59316516722956780  0.60333031610541443  0.61319634870480511
  0.62303342953046870  0.63289894161696292  0.64281035516237894  0.65261633238716255
  0.66215072848922063  0.67187872647179225  0.68210359358102601  0.69282220109018811
  0.70394146975695204  0.71554372759000451  0.72731814001505335  0.73860241544881977
  0.74948326571012591  0.76005356900045440  0.77075768613769402  0.78106478412721225
  0.79161398670153948  0.80135503182851908  0.81122962059567405  0.82147518878196557
  0.83311911982700948  0.84559531813976996  0.85832423181861250  0.87005072211561707
  0.88156938191233414  0.89170669037748074  0.90170351316651032  0.91171158458350932
  0.92275905676337244  0.93456335182470207  0.94584485854249756  0.95724397501409164
  0.96815074930719469  0.97894813917095747  0.98931357024537658  1.00000000000000000
  0.00003221044283350  0.01147187017948873  0.02150266968867317  0.03135684275970167
  0.04114313728620841  0.05250492476042486  0.06461490574548767  0.07648493458223810
  0.08813087398288720  0.09992935517643954  0.11226821921387636  0.12569114176616472
  0.14013240265120283  0.15456607782769449  0.16845342045476056  0.18203634014523654
  0.19541398332191171  0.20834046881390625  0.22099758272673320  0.23338389337437349
  0.24546216901522758  0.25743200029839142  0.26978039735200299  0.28194087249097272
  0.29405392331661723  0.30633823740762300  0.31892270672195278  0.33153214454929569
  0.34386660342404168  0.35597603160021096  0.36796300693306006  0.38059782884930016
  0.39384549398463048  0.40786680681945731  0.42179203308954616  0.43551007762119720
  0.44805149967275915  0.46024248869224116  0.47266096185251882  0.48604883407228311
  0.49998487202300990  0.51257319717656180  0.52429718271545667  0.53552046196483738
  0.54640748596271349  0.55738425652412582  0.56924107078121333  0.58220238688625237
  0.59547455909745661  0.60833867881400006  0.62052484357002125  0.63267989217200427
  0.64486827733994145  0.65673235703749500  0.66809094879100128  0.67917507532808996
  0.68987203767036187  0.70002502931964972  0.71007023485701204  0.72018157387906345
  0.72988496780676515  0.73861899909700524  0.74709230778047397  0.75587861923418953
  0.76568897967141569  0.77588557061137442  0.78554008465085057  0.79490197523566508
  0.80441804520409821  0.81477673232752568  0.82614895846040926  0.83737009468823420
  0.84743894597754199  0.85676444051882661  0.86567712709607614  0.87438561320526664
  0.88263813803279978  0.89014248866609813  0.89730012205127818  0.90451695175015312
  0.91185061555746572  0.91915169301588928  0.92613422582620142  0.93303556129399778
  0.93948904892692930  0.94578327947860685  0.95179853638725975  0.95745158235260197
  0.96288265378054561  0.96818170683343319  0.97311681423142637  0.97826456536271156
  0.98329429793860645  0.98853408357687678  0.99414766666121235  1.00000000000000000
 -0.00275565162901180  0.01037432479133630  0.02110958857740074  0.03203320125186436
  0.04300205016796552  0.05401221560282193  0.06498816766545447  0.07559730456149111
  0.08565756444134966  0.09547015354004368  0.10562619483659201  0.11594671433077643
  0.12651842089711526  0.13709150580674737  0.14790691194464320  0.15927638893405296
  0.17100748033404276  0.18291060564925804  0.19487950162329232  0.20632656661064427
  0.21715892758036950  0.22742867246959683  0.23713903742779083  0.24692839321492147
  0.25670764439633681  0.26733671449546487  0.27816267244166831  0.28874400054965310
  0.29901406436731531  0.30931816469335544  0.32000864509994315  0.33120266574647500
  0.34250253333242231  0.35346511433067307  0.36382021437102391  0.37363600266482350
  0.38345295611762381  0.39376440530325779  0.40512218824267043  0.41713975454972391
  0.42841933361158208  0.43897891160711899  0.44932881734946462  0.45956459587714632
  0.46995514730643112  0.48051608564607678  0.49117517653809012  0.50207891818142969
  0.51250598995883678  0.52311115526659335  0.53331876696482194  0.54409961442949450
  0.55552370186289068  0.56719820630465001  0.57876189023239855  0.59046322693693643
  0.60147344383920232  0.61227969298579754  0.62296899815401119  0.63388007919658096
  0.64462680883661605  0.65543289056306819  0.66622017922666699  0.67755036270123170
  0.68838310470612352  0.69923960488088321  0.70992155064826545  0.72050523842507208
  0.73101716223144164  0.74127682212260415  0.75159384587518308  0.76201346185730556
  0.77242445738370791  0.78288775901910390  0.79314387454708191  0.80307353823160732
  0.81269471018607420  0.82190484981140877  0.83098927306864834  0.84029094887416822
  0.84964113547757014  0.85913428935600245  0.86906576581322870  0.87946738168239857
  0.88993188473836160  0.89979086613982395  0.90943253110001132  0.91899569605433451
  0.92909134862224707  0.93938950682701716  0.95034916272160364  0.96085166864846694
  0.97121703336401621  0.98136856384440152  0.99080454907261639  1.00000000000000000
 -0.00175597231440877  0.00800622973251613  0.01745396434111752  0.02776930443292629
  0.03872954235954464  0.04868284270916966  0.05796658323161538  0.06726982192929261
  0.07671998059367573  0.08651590462341656  0.09638570185299515  0.10644454576205070
  0.11681991595114850  0.12758638025381674  0.13874122545587148  0.14951978222299259
  0.16007051731915359  0.17026837856970534  0.18046766244136417  0.19053695372146939
  0.20078176523774605  0.21144008335304623  0.22209169412257182  0.23313004502848875
  0.24365718408274195  0.25405160541853694  0.26374651704059970  0.27310936593382434
  0.28215023077040380  0.29124737796855332  0.30063143428492578  0.31065971224353867
  0.32087600153880019  0.33120125825397700  0.34172413273810431  0.35281624507921477
  0.36384847095240552  0.37475172751007602  0.38590058560608759  0.39790888598586982
  0.40938963459576394  0.41966547073831018  0.42931681156909862  0.43921782019758032
  0.44963679034543608  0.45971981050227279  0.46935414315952872  0.47895275682921418
  0.48957669761927858  0.50058156554857025  0.51153601182838071  0.52228258905011760
  0.53299069875053873  0.54380110964178896  0.55438635208239051  0.56471420032604636
  0.57493158084276819  0.58470046966568245  0.59441813896509255  0.60447881537866710
  0.61552546382083151  0.62705001403027372  0.63849548483051821  0.64959211268000150
  0.66047403260425452  0.67160592711013223  0.68272859645031314  0.69383674360183401
  0.70456579276794140  0.71524769398066301  0.72577901257862543  0.73606158318793180
  0.74656605993308778  0.75716324754466002  0.76838535439344213  0.77911302923610315
  0.78942858881121647  0.79948445552720870  0.80960968711530712  0.82014364252864957
  0.83124803818899928  0.84360982910310900  0.85623126608913336  0.86780081072530035
  0.87882542382188966  0.88969801989346309  0.90049554465857573  0.91119784323675124
  0.92217439774289278  0.93376401073620130  0.94581106779704305  0.95741207007147955
  0.96814124374307020  0.97877599993568620  0.98922814459784136  1.00000000000000000
 -0.00003521735307129  0.00019803900216828  0.00040579292938438  0.00055628540603405
  0.00067251932584463  0.00076891726972801  0.00086397343453048  0.00095909660221573
  0.00105442280072278  0.00115445316685815  0.00125778528620937  0.00136166362589308
  0.00146641832168978  0.00157320564554804  0.00167621660892427  0.00177752699956868
  0.00187701410871985  0.00197711564932518  0.00207890086964064  0.00217988761422075
  0.00228029616888049  0.00237909160024975  0.00247774550835745  0.00257732357556640
  0.00267947900901921  0.00278547262599139  0.00289781950220166  0.00301404939481909
  0.00313505791748278  0.00326093961637633  0.00339447231910984  0.00353043365890980
  0.00366370021204447  0.00379842840863326  0.00391017900105699  0.00402301214549380
  0.00413856736156171  0.00424055377827322  0.00434449322887995  0.00446480235587438
  0.00458455620978530  0.00470383175735451  0.00483503642592461  0.00496592647038145
  0.00509623300326100  0.00525347935239986  0.00544280494626027  0.00562816837645153
  0.00577749320744033  0.00592060422098492  0.00606475962201363  0.00621588531602451
  0.00638907309530891  0.00659940080828857  0.00680134022840545  0.00700946253815124
  0.00722442267909904  0.00744113623605886  0.00763339623650117  0.00785036774026839
  0.00808860561948365  0.00834379228650128  0.00867554304640975  0.00897723148161281
  0.00928631088694416  0.00956122319460543  0.00986003142611170  0.01015046761557683
  0.01051531304036862  0.01086174364347521  0.01114854150193602  0.01141280964645464
  0.01168224531372962  0.01203256433048377  0.01245315358685618  0.01286646165687727
  0.01330351719059979  0.01368560143057034  0.01415511671117719  0.01459999135728974
  0.01496567065961754  0.01537937842883411  0.01582365485564610  0.01638966706771460
  0.01684996616094480  0.01736561877934768  0.01796236338474164  0.01868381354049645
  0.01900096036219738  0.01935978494373812  0.02010447733456251  0.02130802112299367
  0.02321106315576473  0.02476693917226276  0.04740677607443749  1.00000000000000000
 -0.00291385133315425  0.01196064560102708  0.02270605518836550  0.03405687922195587
  0.04525517729406724  0.05807554750181926  0.07133828500230115  0.08462556457543847
  0.09669123413751386  0.10877653632796933  0.12124046325084373  0.13292765902074219
  0.14473514213340488  0.15683200497763430  0.16891582952528436  0.17977659799352830
  0.19005710081817989  0.20030646628615681  0.21106136128498904  0.22239061584590947
  0.23398582790247102  0.24534650509244041  0.25610629313938787  0.26655693804800235
  0.27701705481453015  0.28758845427891611  0.29832306417650917  0.30943423264078312
  0.32070422719523228  0.33180385063967466  0.34193314208229969  0.35123359310351981
  0.36015838167140507  0.36907100614604210  0.37839693694652593  0.38831762164599543
  0.39852909793902774  0.40878549794491170  0.41863986902568506  0.42806814803239729
  0.43687220006684657  0.44599047401068548  0.45491121228522519  0.46355884053771540
  0.47216419736755671  0.48090674574052433  0.49022346859616267  0.50038811652117532
  0.51019346516159059  0.51953820903521730  0.52856199342381538  0.53776742782074360
  0.54738456652997769  0.55733582241910740  0.56692279656347067  0.57629808944591865
  0.58598666815713563  0.59617636402368157  0.60620262771287914  0.61567090196040419
  0.62479164131375631  0.63423525356839972  0.64419281913938420  0.65456241016661298
  0.66506762280798004  0.67540608938866065  0.68530988265694404  0.69439122203548798
  0.70292878469743725  0.71135759167291446  0.72053716840577242  0.73073142166687388
  0.74183915619119911  0.75307283310837381  0.76342485769784985  0.77311114971947015
  0.78272282176871644  0.79230839611281523  0.80193397009323097  0.81148273526108949
  0.82179855763179721  0.83271200025744174  0.84372937357177191  0.85458574430250800
  0.86539056828476535  0.87751585824054901  0.88920968406781298  0.90037208453500528
  0.91109966092032169  0.92259001607159274  0.93516182308659423  0.94842062542484196
  0.96137408753883924  0.97369563796209491  0.98647877964460906  1.00000000000000000
  0.48365775830219881  0.76841199776321356  0.77190433783375056  0.77514825338077498
  0.77822705205535281  0.78130500533254643  0.78432323130771919  0.78734788267414391
  0.79056812644246011  0.79407657671084242  0.79780471575553746  0.80137597106576086
  0.80488296176677809  0.80816587382816940  0.81110363376982442  0.81412299537152366
  0.81741033993341039  0.82103098300911304  0.82456212526535166  0.82820624630954665
  0.83180930840797573  0.83526061818818231  0.83845056238988735  0.84143225103043184
  0.84427705641583128  0.84709607519863417  0.84977873357148392  0.85270002298825232
  0.85548668558670182  0.85826723742904942  0.86100553218643250  0.86374070084119137
  0.86648802241337808  0.86924824368752240  0.87203423654480938  0.87481548503117257
  0.87754332432707616  0.88020600782817526  0.88279030005602221  0.88526245344384003
  0.88761570034282200  0.88991113906142993  0.89228319145167567  0.89480769415539829
  0.89734210805853465  0.89969828920597261  0.90205133083150246  0.90435957208056028
  0.90663916286518420  0.90887154906516443  0.91102339619592088  0.91318621196463778
  0.91533353784824523  0.91745044907073303  0.91955121775573734  0.92159887888633296
  0.92357235103903224  0.92558365583051549  0.92755399482179157  0.92952195045966690
  0.93150548722909565  0.93343855942592857  0.93526332917665356  0.93698663823151696
  0.93861825551354294  0.94019098793120903  0.94179912700164736  0.94340995851565135
  0.94508964171706500  0.94688504432465581  0.94873749120677786  0.95055493151017922
  0.95222585174599572  0.95380572979377110  0.95533194321357795  0.95691210958480821
  0.95858089900747634  0.96034233854565354  0.96220211693465130  0.96417957895919015
  0.96626866931621580  0.96837472668740809  0.97040449154597475  0.97240563788194168
  0.97440155827072328  0.97641341902187817  0.97844823229244537  0.98050689292715343
  0.98261285581799562  0.98478237292325532  0.98704788271516863  0.98923341288434596
  0.99141118632178726  0.99371700183121769  0.99643437795177114  1.00000000000000000
 -0.01594852371908603  0.11312554178495041  0.14627615498643326  0.16901053302384608
  0.18598970922592273  0.20021215990657784  0.21273238347237905  0.22416873701000647
  0.23514621101963390  0.24584339460025215  0.25631918451962066  0.26571718811167350
  0.27462057664785072  0.28281166100548388  0.29072094259079961  0.29821710832046594
  0.30564766472091676  0.31333711513033363  0.32142387974424080  0.32948340124132397
  0.33747246513186452  0.34515131606742633  0.35260542094001252  0.35994043851965896
  0.36733478260595243  0.37455766934186324  0.38157366366668244  0.38841037085648528
  0.39525937493039986  0.40210034201134393  0.40875997913040019  0.41522756329354515
  0.42176844050191703  0.42840924088415827  0.43505843951214557  0.44147432512079932
  0.44757279195926208  0.45339399599557140  0.45915982953821322  0.46474867842899337
  0.47050964480927382  0.47630366482796443  0.48208563502954410  0.48784177702748838
  0.49365890669804513  0.49950603179199748  0.50520971765307277  0.51096806796302008
  0.51658433534248838  0.52186735555833408  0.52717980705555822  0.53267254095102834
  0.53856579768469681  0.54460941881369740  0.55042142265989902  0.55607135162147547
  0.56179831324610296  0.56744572180050801  0.57352221516717272  0.57981775713849637
  0.58649766351439714  0.59307970413015165  0.59972396694833596  0.60641886190808825
  0.61269399010177839  0.61864309582794741  0.62447685809196851  0.63074237175114178
  0.63732491682706460  0.64444779909773131  0.65159233027276997  0.65920976328643355
  0.66702900533284126  0.67487917230047323  0.68244963249644841  0.68955031944780387
  0.69629184230571251  0.70315649023285964  0.71048422369685449  0.71875917745297080
  0.72736443337548384  0.73466978256377158  0.74220422511390416  0.74931984939255336
  0.75623554708064755  0.76220630677803536  0.76828963440962827  0.77565312542829568
  0.78461209895474893  0.79424809689371811  0.80503600736934133  0.81925258672814705
  0.83814197706119486  0.86483829661290612  0.91444370941081066  1.00000000000000000
   3.3506781692022180E-006  -1.0000000000000000     
 F F F F F F F F F F F F F F F F F F F F F F F F F F F F F F F F F F F F F F F F F F F F F F F F F F F F F F F F F F F F F F F F F F F F F F F F F F F F F F F F F F F F F F F F F F F F F F F F F F F F F F F F F F F F F F F F F F F F F F F F F F F F F F F F F F F F F F F F F F F F F F F F F F F F F F F F F F F F F F F F F F F F F F F F F F F F F F F F F F F F F F F F F F F F F F F F F F F F F F F F F F F F F F F F F F F F F F F F F F F F F F F F F F F F F F F F F F F F F F F F F F F F F F F F F F F F F F F F
  <DiscreteSampler_grid>
  grouped_processes
  1 # 1 for a reference and 2 for a running grid.
  10 # Attribute 'min_bin_probing_points' of the grid.
  1 # Attribute 'grid_mode' of the grid. 1=='default',2=='initialization'
  0.0000000000000000 # Attribute 'small_contrib_threshold' of the grid.
  0.5000000000000000 # Attribute 'damping_power' of the grid.
 # binID   n_entries weight   weight_sqr   abs_weight
    13   10   1.609300273884112E-002   6.032248502406193E-004   1.609300273884112E-002
    16   10   2.081263431980154E-002   1.017987290938141E-003   2.081263431980154E-002
    22   10   1.898364108858311E-002   8.790685209245766E-004   1.898364108858311E-002
    25   10   2.417595781628645E-002   1.410741677490980E-003   2.417595781628645E-002
  </DiscreteSampler_grid>
