 -0.00199284699694758  0.00986746124078223  0.02041896297146450  0.03016940124335810
  0.04013328969686811  0.04958807201200502  0.05872245933189939  0.06858694333871697
  0.07838247554968775  0.08846509517773245  0.09867133728090312  0.10969966657874626
  0.12178647584456145  0.13380321926902558  0.14610629295357147  0.15855868252519531
  0.17055906769922116  0.18100306525145088  0.19129658950569170  0.20150563442626734
  0.21061038916240285  0.21982756914152990  0.22806129231939287  0.23790406887254639
  0.24759115953988067  0.25997631219095002  0.27237730671303212  0.28527322142108896
  0.29860268384840843  0.31222409356283176  0.32512812616536751  0.33701905622410583
  0.34825150529102317  0.35912149905617125  0.37002909786498933  0.38125680904656517
  0.39255449693999733  0.40356614779119704  0.41388244149423908  0.42376241876906856
  0.43394340045854402  0.44462877478454904  0.45537828658479662  0.46577926473738607
  0.47591584228540440  0.48636919774193732  0.49680764126609639  0.50689309679964367
  0.51737640860503709  0.52847322332133095  0.53902309699025974  0.54962922112422186
  0.56094579725433191  0.57255892188921231  0.58354398999154322  0.59373544881776708
  0.60344438718959914  0.61272879972195415  0.62229840046185225  0.63266084913393150
  0.64373685989476592  0.65448785284665845  0.66464705882944697  0.67445369698536206
  0.68358551280689694  0.69303985410455182  0.70249339167841562  0.71185981618261862
  0.72156214605000613  0.73203833961593434  0.74255533383783368  0.75281713560461927
  0.76305656462567095  0.77376565279854126  0.78436040347229841  0.79494718476691917
  0.80483310036738664  0.81520468953433001  0.82629302924716630  0.83827337931647028
  0.85057162677708498  0.86269032577076765  0.87412812425174424  0.88450494019949777
  0.89471660535035102  0.90466404235651932  0.91520494385960627  0.92493454181875612
  0.93321517942062893  0.94127212754885636  0.94952571085448900  0.95807319540646274
  0.96721350542316697  0.97719909902726509  0.98844113244531695  1.00000000000000000
  0.00001440644885061  0.00003928987617874  0.00004878528364861  0.00005619868989935
  0.00006184983221055  0.00006660688302119  0.00007098559821261  0.00007513706547875
  0.00007896350831219  0.00008249081414292  0.00008579312485643  0.00008900474945686
  0.00009221789443834  0.00009544306329452  0.00009865729303750  0.00010179127018367
  0.00010498468706464  0.00010844338093747  0.00011214169944186  0.00011600844345948
  0.00011999078868903  0.00012400125743914  0.00012815382349991  0.00013210707066467
  0.00013603050288253  0.00013995588773923  0.00014383729630790  0.00014794664963280
  0.00015235364295752  0.00015701393381270  0.00016194270765267  0.00016681656892932
  0.00017155387721839  0.00017613948054560  0.00018062908619281  0.00018515693451554
  0.00018992772221473  0.00019585834311318  0.00020202226795030  0.00020889177075289
  0.00021585539636960  0.00022247320877598  0.00022920675561382  0.00023657406443981
  0.00024422950753561  0.00025245108471703  0.00026101887268113  0.00026961519815782
  0.00027848971463652  0.00028787212860099  0.00029750280269093  0.00030799804959297
  0.00031968572561321  0.00033249934277578  0.00034595504756443  0.00035983595225669
  0.00037319738936321  0.00038701938516185  0.00040194166798652  0.00041884482469704
  0.00043778696384366  0.00045750111064599  0.00047701585661482  0.00049764348892285
  0.00051930769964273  0.00054197231026610  0.00056729620058440  0.00059662236542997
  0.00062849085092244  0.00066248222398927  0.00069153727888843  0.00072842917287135
  0.00076875236583150  0.00081332213272298  0.00086301558697827  0.00092865529055404
  0.00100276335283443  0.00109971569770996  0.00121539195967771  0.00133436209121702
  0.00144253101132210  0.00156314747971314  0.00169989038744069  0.00186110145689250
  0.00203970829829857  0.00228677754855337  0.00267127779511695  0.00312391613193008
  0.00344017444503542  0.00378175180271598  0.00418306954234738  0.00469305140485181
  0.00644505828393157  0.00973966339777953  0.05471429352337030  1.00000000000000000
  0.00003842127916186  0.00009341770595427  0.00010482910742162  0.00011388935544678
  0.00012335825819211  0.00013172265646311  0.00014062860234994  0.00014954221794352
  0.00015828096997760  0.00016734526666850  0.00017675266361072  0.00018562066909068
  0.00019479647959346  0.00020416819625501  0.00021384474425592  0.00022341200465964
  0.00023342484074181  0.00024375672456258  0.00025408764710341  0.00026466170198557
  0.00027569179080710  0.00028737510976565  0.00029956846292646  0.00031230153572575
  0.00032491538029495  0.00033778484914302  0.00035109251733242  0.00036469692709326
  0.00037815486465013  0.00039406608561557  0.00041260450635637  0.00043137984101530
  0.00044997448257718  0.00046873872015580  0.00048882472011170  0.00051188582230833
  0.00053727511352583  0.00056132240627804  0.00058357351793354  0.00060634393151686
  0.00062876690195467  0.00065210251568381  0.00067637504529298  0.00070106396404824
  0.00072788627520853  0.00075796871755406  0.00079121965730252  0.00082619517134178
  0.00085937284285914  0.00089443212681082  0.00093357044329359  0.00097505812959881
  0.00101823314436373  0.00107022267231752  0.00113043782353887  0.00118922812421155
  0.00124807927976044  0.00131338998552417  0.00138830712756830  0.00146907503819926
  0.00155598833368390  0.00165006446852315  0.00174681805821872  0.00184497575086016
  0.00194322496116562  0.00204350224543776  0.00214850829192966  0.00226977954381883
  0.00241333803083125  0.00256539395527698  0.00272276007164826  0.00291781508977191
  0.00311188203015341  0.00332476983016950  0.00354308606106842  0.00377275890914275
  0.00402502068743026  0.00427920706652640  0.00451054914570358  0.00473579269879363
  0.00499263157391751  0.00529282256516735  0.00562605057111908  0.00611979303275255
  0.00662740701512290  0.00723697430764018  0.00813933341805091  0.00947656911623300
  0.01169733890329353  0.01508106631496904  0.01779761347104564  0.01978514986367403
  0.02201080342947496  0.02554788516914819  0.28738620495870526  1.00000000000000000
  0.00000165193670332  0.00000172242623880  0.00000177848341796  0.00000182410049930
  0.00000185776134094  0.00000189414503014  0.00000193196137885  0.00000196551809775
  0.00000200233236273  0.00000204656986788  0.00000209525700968  0.00000215002388296
  0.00000221126333669  0.00000228616390181  0.00000236709649118  0.00000244311639043
  0.00000252355524592  0.00000260783427361  0.00000269855400187  0.00000279181738686
  0.00000288384373007  0.00000298649151650  0.00000309492911793  0.00000321052608996
  0.00000332463518567  0.00000344966901506  0.00000359383636702  0.00000374971968600
  0.00000390329025013  0.00000405247071113  0.00000420431162112  0.00000435343416675
  0.00000449541451473  0.00000464074608165  0.00000478977718306  0.00000496775993569
  0.00000516516157372  0.00000536558412198  0.00000560900777677  0.00000589037137634
  0.00000616720051939  0.00000646927734472  0.00000679292322070  0.00000713193895877
  0.00000747252706018  0.00000782926618718  0.00000819716588403  0.00000858233995375
  0.00000902829122035  0.00000958630755476  0.00001025159204848  0.00001101376372882
  0.00001179135102446  0.00001258725050949  0.00001340425064240  0.00001426937330946
  0.00001519453616682  0.00001627221933287  0.00001755329471821  0.00001894023975390
  0.00002042882847245  0.00002202542386874  0.00002377592795384  0.00002579148526736
  0.00002798101198443  0.00003041964103495  0.00003306835598705  0.00003611879804756
  0.00003971535376870  0.00004398150979939  0.00004847062679828  0.00005326786087982
  0.00005867044150614  0.00006521354441113  0.00007277829157440  0.00008061564608490
  0.00008889828998072  0.00009814476956644  0.00011046640870224  0.00012569924005043
  0.00014714787414534  0.00017298332782339  0.00020581177980326  0.00024564955614250
  0.00028322958304471  0.00033137663640821  0.00040684601223949  0.00051609028555127
  0.00066027693815413  0.00083051623113379  0.00112649250413056  0.00158052763634076
  0.00224903259715518  0.00416816878057466  0.13728124398595540  1.00000000000000000
 -0.00269797688950424  0.01278380111853563  0.02540110479350412  0.03733332137272293
  0.04915355482507529  0.06092040966910268  0.07118074656318572  0.08078280704348574
  0.09102713094938945  0.10172718444259082  0.11319248036633370  0.12549916664004568
  0.13783574669583476  0.14865396137857104  0.15850730871262411  0.16822925235612954
  0.17874642623708009  0.18986439063646246  0.20083582988083970  0.21157561184599083
  0.22252097477782859  0.23307138950986922  0.24342663064886508  0.25383359982004011
  0.26471691646892032  0.27553435948828431  0.28572324443954927  0.29607263088941665
  0.30677493757630997  0.31734415304872765  0.32753640060932132  0.33635552275433922
  0.34515173862493059  0.35450223540392528  0.36457045875778205  0.37514692754285645
  0.38543834816405409  0.39577143165806838  0.40629696358454648  0.41702141212260940
  0.42740153643869550  0.43742314270269872  0.44656860577371360  0.45665425834972312
  0.46735426102172323  0.47858011983199705  0.48846987683004206  0.49831341211555724
  0.50821129049103775  0.51740429800019860  0.52627037777881613  0.53520736315325268
  0.54410937496322809  0.55383474300720836  0.56413302411638200  0.57460422699927882
  0.58521221407795854  0.59525018191768286  0.60519847675709493  0.61484803169646518
  0.62494354352487003  0.63489331963138118  0.64515852410510144  0.65594493598122561
  0.66726562689470270  0.67842188702722184  0.68891056855063981  0.69925832164007606
  0.70899336115095224  0.71974011885829192  0.73098963710402554  0.74254467874600616
  0.75384200576763283  0.76458956540203016  0.77550895455807445  0.78725965987907109
  0.79919685554065123  0.81052180347848080  0.82141009820517086  0.83184196016065293
  0.84213694765692892  0.85262599263821004  0.86246452245647176  0.87231829039376507
  0.88266902025174310  0.89317375071886529  0.90379307410788556  0.91491595058716846
  0.92713694162876914  0.93970803378340761  0.95112206933930132  0.96097435084299332
  0.97023451698247332  0.97980436789704695  0.99016766769995090  1.00000000000000000
 -0.00262818114693585  0.01073982827128170  0.02118918975173205  0.03245641186866715
  0.04364762157272737  0.05630128402766072  0.06830702128798069  0.07906937340863918
  0.08914970316550420  0.09891713656687648  0.10880313936514535  0.11897886746108634
  0.12963653473712175  0.13935967970763397  0.14907476528509878  0.15927494453903490
  0.17055782938979641  0.18184304475003221  0.19234327616210464  0.20201208504550033
  0.21237928046875176  0.22355534566088808  0.23455657513096892  0.24417267195249950
  0.25363019206902138  0.26361272574267430  0.27460123330936070  0.28681448204797910
  0.29957688632872270  0.31151794190748616  0.32180935409723294  0.33072730316400767
  0.33954819472823589  0.34835659356181248  0.35712510778119178  0.36634011606431527
  0.37655069524104190  0.38707661257381126  0.39717415247376447  0.40700623095904614
  0.41698296727755269  0.42909179171140993  0.44189733790344360  0.45598997371018379
  0.46835166521333543  0.48001505253734406  0.49115333363743996  0.50170345873817057
  0.51219097818606563  0.52270991639688602  0.53325895531233947  0.54380186260801677
  0.55405654880331434  0.56521086678507737  0.57712940410786773  0.58833010031535449
  0.59801710787820384  0.60806841671146061  0.61808572046234411  0.62811800552425612
  0.63685232997333474  0.64584835516412720  0.65533471930993858  0.66641036146309784
  0.67752887071542356  0.68888468733681496  0.69969022065066389  0.70997141464169089
  0.72045698499242150  0.72997926399066682  0.73910430626193446  0.74942428817522466
  0.76062858260419119  0.77239988107820190  0.78354280219932992  0.79496067699812889
  0.80781037836048575  0.81959319148926191  0.83160203139244027  0.84276806815090610
  0.85373712453598871  0.86405589020429685  0.87452800634023342  0.88564393692563959
  0.89655403952270163  0.90698139625263541  0.91630468239528373  0.92496864109551258
  0.93373922450438551  0.94283816682064758  0.95284741039650978  0.96266782676364171
  0.97147333661581214  0.98011027308933618  0.98988229644417602  1.00000000000000000
 -0.00276314113658411  0.01152895728680176  0.02389708545636840  0.03602830837905525
  0.04837643727144482  0.06006274102672111  0.07255566090206526  0.08474971576262064
  0.09664521757245914  0.10845946162854574  0.12032587061629903  0.13280856985667619
  0.14545562177003338  0.15881514335733615  0.17239193155137650  0.18478472119920511
  0.19619147095700099  0.20753295639063890  0.21922942510804883  0.23144677762512844
  0.24354807026623340  0.25510592744753458  0.26606343467237470  0.27663187520199667
  0.28758513725068235  0.29966313043547244  0.31310043438988161  0.32623027192627507
  0.33802813156069877  0.35100192194668639  0.36333579862323506  0.37686599722815473
  0.39086018502993908  0.40412234584523871  0.41537637271966088  0.42623983173441149
  0.43716890052163215  0.44934521231281693  0.46325653839936609  0.47808606979044799
  0.49218202034637498  0.50582389416880746  0.51883415773629515  0.53078114709984747
  0.54200793881379616  0.55322814160730482  0.56431073151224498  0.57542166733593436
  0.58761823620459952  0.60139460520772092  0.61438634890096566  0.62661466947326194
  0.63920486235366114  0.65201734745075690  0.66354027128821158  0.67389063529469462
  0.68368046168249497  0.69318007117758962  0.70304161573720980  0.71253201535882771
  0.72231345760083365  0.73040096245620556  0.73766180112403290  0.74501170508750236
  0.75328042726702016  0.76153357135472444  0.77008492934718431  0.77897459098163846
  0.78795717150612654  0.79782292153267720  0.80743443567494677  0.81675678360369708
  0.82483258935573611  0.83267768961515776  0.84012390938552162  0.84828007981076403
  0.85681224140899392  0.86488691076039248  0.87230978732476028  0.87920591578752294
  0.88591405699051806  0.89268184901498004  0.89901228383614007  0.90571464857129336
  0.91268790401904731  0.92087548833799870  0.92954040712068697  0.93805508396224158
  0.94644220580710325  0.95447463553822054  0.96145077259799328  0.96862952685545511
  0.97611582098988092  0.98374876013228019  0.99146058786267155  1.00000000000000000
 -0.00249105535860190  0.00931196568551149  0.01911191291124789  0.02825439158137887
  0.03785839076184266  0.04873095140840263  0.05949368361802056  0.06948476225346582
  0.07847288428662748  0.08765248120643464  0.09743089657342761  0.10776146873977471
  0.11908899090212216  0.13067595069946597  0.14336138019241840  0.15583440578671418
  0.16828499113374393  0.18057032221378422  0.19239192719847734  0.20312378258902841
  0.21301203915446959  0.22295252622036357  0.23304785089850572  0.24400600236102904
  0.25578266046688886  0.26700716388046891  0.27701619604705602  0.28650882249853482
  0.29553971235812332  0.30416895611491940  0.31254795259049389  0.32070593372541245
  0.32962925668816911  0.33927872549519927  0.34994887882682885  0.36134977210068481
  0.37160453706774593  0.38205644330817179  0.39249697093338126  0.40365578884221431
  0.41438260700710350  0.42456445925049735  0.43481449898735497  0.44532649499891497
  0.45613160639571770  0.46733170072060704  0.47870864349771824  0.48999017112603799
  0.50170772091340665  0.51185381320043488  0.52123214612411384  0.53038996557552032
  0.53966968501503110  0.54934797039472794  0.55971957972248576  0.57147982425837895
  0.58425999641892890  0.59485581063644011  0.60532243326677049  0.61574312318089641
  0.62684318157801711  0.63669572547399034  0.64716737648683420  0.65817330753741976
  0.66841397827834570  0.67801980601647005  0.68795006826910010  0.69837985646941525
  0.70858786007431152  0.71897927228673719  0.73025261439685374  0.74236720198778083
  0.75371611502284031  0.76475189580140512  0.77554842928133938  0.78571368830134514
  0.79617365376639404  0.80674841184967061  0.81847965177275139  0.83079336311196117
  0.84161594242841598  0.85190655719503794  0.86144688672408343  0.87112653949671859
  0.88153560022921684  0.89240937453897384  0.90365569604648854  0.91449892090487106
  0.92577079508741567  0.93753529184170192  0.94734568517635487  0.95749402495416136
  0.96795039661241378  0.97864250599095903  0.98918598187393092  1.00000000000000000
 -0.00164172670344899  0.00734899040841513  0.01422294115486106  0.02147975641763850
  0.03045459681575313  0.04089501902584468  0.05141960883063649  0.06333963674661873
  0.07597697530806496  0.08904135931942736  0.10262470994931744  0.11537062904670227
  0.12883753675575724  0.14252434833216879  0.15608918831626020  0.17040623914993361
  0.18524313854183430  0.20053214820391724  0.21591515074110940  0.23198028299126705
  0.24826637445099922  0.26360537071712531  0.27895832560236622  0.29505873248751951
  0.31167041123369638  0.32891916496175455  0.34482597010983840  0.36041618162827949
  0.37580298833196601  0.39116417449086832  0.40653371953701145  0.42243319428728132
  0.43839264555072849  0.45362457123243360  0.46838900175857501  0.48284480651373851
  0.49724794853209303  0.51107560527279594  0.52368804603455277  0.53563012140591670
  0.54672972019247690  0.55847358295570282  0.56975192811008901  0.58199039352918491
  0.59394673036164947  0.60504700897172736  0.61493141339161816  0.62544392311959596
  0.63698882884276153  0.64904886053125199  0.65963776728266421  0.67037758296414107
  0.68115688058925505  0.69110506109619918  0.69996713662492471  0.70879963814457314
  0.71791056142250531  0.72665647068817474  0.73493191431117921  0.74294411757271528
  0.75116263285427831  0.76009106552685879  0.76940038131842359  0.77841487424501432
  0.78659518006864582  0.79415524767334533  0.80098809832971507  0.80712240527638035
  0.81324601031348309  0.81933177746448660  0.82557604136733598  0.83209094003716921
  0.83897666917275393  0.84627287560601649  0.85339269540152762  0.86063103009111830
  0.86730240672910663  0.87361273247743443  0.87963824443690886  0.88584052312525008
  0.89296178218637201  0.90064545083315795  0.90869172793988373  0.91608727274882196
  0.92333646396123403  0.93027248803238560  0.93671058996281276  0.94310641767775483
  0.94974470590397231  0.95668241890220784  0.96385402418387800  0.97126226436654173
  0.97858283588146577  0.98543582481989733  0.99268858514956071  1.00000000000000000
 -0.00201648149314354  0.00942774867012453  0.01885672470480744  0.02924762475443395
  0.03997720579318238  0.05143023459805698  0.06239045207790105  0.07242580793689841
  0.08173451617770759  0.09104870098164813  0.10108752458414873  0.11229184231090561
  0.12339500865111672  0.13409483464731609  0.14446766898883184  0.15499944292996012
  0.16598773616154450  0.17592567234113049  0.18657879410640421  0.19678857801946908
  0.20712911099951758  0.21651284312027044  0.22455755244550149  0.23321802231881078
  0.24297022644714339  0.25379733980140523  0.26514819461271683  0.27697702744696129
  0.28889692881577017  0.30014874529182034  0.31087060543596390  0.32104494712180498
  0.33133915649281753  0.34149403153863939  0.35157150987306524  0.36133601606729804
  0.37102991049613937  0.38103651492282087  0.39202663341258892  0.40366489825247537
  0.41530815824395195  0.42605463230189949  0.43610887975779816  0.44613780686106808
  0.45676639338046593  0.46886015284992472  0.48103309743474154  0.49202500287969769
  0.50173369664636380  0.51108219944297106  0.52079263441908452  0.53123585833100495
  0.54168250491573910  0.55402133948329524  0.56611593551913153  0.57799032263635786
  0.59010127720001893  0.60294975559278319  0.61573923287370880  0.62789738956930463
  0.63927219591551032  0.65064634286622236  0.66198548967699578  0.67171726408393939
  0.68028891891488374  0.68877743786227907  0.69853770905373180  0.70907146463137494
  0.71918833479953548  0.72812746522182381  0.73663160097727820  0.74602304954643406
  0.75830462550877242  0.77180629432885917  0.78207909684231947  0.79248480718284198
  0.80223578091794800  0.81280595043062343  0.82353630455992632  0.83372260827867462
  0.84410541801232453  0.85433729033491690  0.86451953873155341  0.87556261375257749
  0.88602665849543472  0.89719265271119886  0.90767256490062043  0.91836897244312921
  0.92850269551832565  0.93948237831407788  0.95069375123009681  0.96087775272359477
  0.97038875342762787  0.97986285417806263  0.98973383696436157  1.00000000000000000
 -0.00213077671861213  0.00889898188886013  0.01954798028300606  0.03019680512256609
  0.04277134195750013  0.05500235841103598  0.06662478846832622  0.07762230671519640
  0.08757351337930253  0.09770356415039125  0.10769173241761786  0.11791186875630416
  0.12866442362301314  0.13879463475937021  0.14884224243592084  0.15855914954788869
  0.16859653001542169  0.17873659978282272  0.18836229942350211  0.19732037588065521
  0.20693630283492317  0.21749061897617045  0.22830456781793357  0.23905417229890560
  0.25005170140218241  0.26192755995701306  0.27426287815222677  0.28613251113266269
  0.29718550008721190  0.30836198772172019  0.32053306481545668  0.33399256131079547
  0.34739815791469475  0.35944738640468354  0.37049524142421553  0.38156279570923807
  0.39216543142819382  0.40170074506876668  0.41067276843238759  0.42018826827919470
  0.43163286072722179  0.44281395579662902  0.45301864131635911  0.46213531268798885
  0.47095798484448292  0.48000630773912589  0.49025491477317024  0.50154662283654183
  0.51317094771094585  0.52368259452394217  0.53241792326749293  0.54187510025029506
  0.55176322048282256  0.56149398438497322  0.57027101243299216  0.57883640160873862
  0.58873534870497302  0.59919510751736949  0.60824695254782801  0.61709689164070392
  0.62658179856822671  0.63763099387731303  0.64872992896113757  0.65929670037354260
  0.67022191563455247  0.68062104666837475  0.69100298752709477  0.70157585116363552
  0.71253133017252335  0.72281776214123861  0.73302084518785038  0.74333958139077705
  0.75370090217810060  0.76446451440946639  0.77564910954032718  0.78694966559030044
  0.79843362926838291  0.81092625916482319  0.82366471114533102  0.83696010279592337
  0.84708699192929926  0.85687309539156309  0.86659222441611905  0.87720227028743103
  0.88806528967340415  0.89732643353176056  0.90626306391923650  0.91616280903453096
  0.92728623423269618  0.93867307373515796  0.94973102200111570  0.96079295897136485
  0.97142500094981121  0.98132330803777112  0.99061003367093525  1.00000000000000000
  0.59396612767761325  0.78635118005266924  0.79488901543420043  0.80148395189517685
  0.80817100686590304  0.81436255599209328  0.81947589237280860  0.82433641684728232
  0.82945887366311644  0.83445499386487476  0.83938299131563465  0.84427781621386611
  0.84881154363153510  0.85331540451473453  0.85771194433579379  0.86208313279931437
  0.86629536088430314  0.87039503890615910  0.87426021493653416  0.87777209485709295
  0.88086305474079862  0.88395205402666588  0.88718399913924839  0.89052775069372780
  0.89389046770383251  0.89712283553476457  0.90009388084520581  0.90278152992102767
  0.90522630220856481  0.90764956336873526  0.91010780004620162  0.91270553068752536
  0.91530661639556499  0.91780421415646574  0.92019312790901664  0.92258232643107885
  0.92498600053749602  0.92730002895113739  0.92956568501428616  0.93167779739758605
  0.93367552531782849  0.93562330150025297  0.93747133922062287  0.93926539914906149
  0.94106231306889554  0.94283069535668007  0.94465270953318403  0.94645856197151734
  0.94818890946431866  0.94981868631825284  0.95133318569919190  0.95276331803400338
  0.95416230236725097  0.95556287970715070  0.95694937734753593  0.95834236171189113
  0.95962761374171390  0.96097722427025778  0.96233204545513096  0.96362559339633969
  0.96484236645675214  0.96606140954263342  0.96728662814921529  0.96853715487773684
  0.96977561870504170  0.97098006582963259  0.97216781920010908  0.97334246755079346
  0.97454468515041126  0.97570639853490881  0.97674432108929132  0.97774656002388205
  0.97872600674211074  0.97974913989764756  0.98077979036824647  0.98190910506344786
  0.98297443618099656  0.98392969554879761  0.98486608370353812  0.98579649863526864
  0.98669342931305537  0.98760199045262342  0.98849890598257539  0.98937382685606134
  0.99020271008066096  0.99101379271778345  0.99183344025777798  0.99265037522563659
  0.99343617186351929  0.99430151667128575  0.99516627096150467  0.99603120934348011
  0.99691924909857532  0.99785423629292280  0.99888956982466615  1.00000000000000000
 -0.01561914977668461  0.11410753175610013  0.13890506207992651  0.15745703350970122
  0.17123209817582205  0.18187617663830752  0.19160895068699366  0.20101840000838950
  0.21003509726542444  0.21835447995221546  0.22696480138625422  0.23573294629002287
  0.24461618971700061  0.25273061499846849  0.25993484207166639  0.26626268139848192
  0.27296022342845450  0.27978748236034184  0.28682312179531638  0.29317840229531184
  0.29918837371849416  0.30486086347090507  0.31041695954043802  0.31633648783479079
  0.32296903685405393  0.32968810048030917  0.33580716695153640  0.34147285350790246
  0.34727585948548784  0.35303674914014183  0.35905625317441031  0.36493778689720380
  0.37098398049020292  0.37662056435723579  0.38190312596058912  0.38690867631493853
  0.39186954488748899  0.39692173740271613  0.40236989359050584  0.40832294097266159
  0.41380368306037846  0.41909593947466456  0.42424210348463076  0.42934590390959015
  0.43503374389998622  0.44089124717812522  0.44666726713861943  0.45253838030030924
  0.45852236377295391  0.46432658559665357  0.47038937873311554  0.47606358495003087
  0.48172730852772710  0.48708778012114967  0.49248333543019462  0.49777037711505218
  0.50319763180057286  0.50908640918512427  0.51459520641935652  0.51988430846903322
  0.52561525319379099  0.53181269511761142  0.53814840247093787  0.54427976271765377
  0.55029598844866923  0.55661286595527426  0.56344357441103710  0.57046865269616498
  0.57755993782665660  0.58479136124174114  0.59243775692844536  0.60023622380647268
  0.60835606343506510  0.61639057502459205  0.62407939415003899  0.63140071416520227
  0.63909716270460593  0.64728561652811623  0.65743416954932321  0.66704921775820369
  0.67647770797466233  0.68535378723715301  0.69457561710909543  0.70471978921335476
  0.71415441766729715  0.72380192990450798  0.73459392782953181  0.74637842074086636
  0.75849979079461527  0.77036475444565677  0.78431766243175483  0.80023515304224813
  0.81985748628886124  0.84484623793935631  0.88158103565655732  1.00000000000000000
   3.5478707942261631E-005  -1.0000000000000000     
 F F F F F F F F F F F F F F F F F F F F F F F F F F F F F F F F F F F F F F F F F F F F F F F F F F F F F F F F F F F F F F F F F F F F F F F F F F F F F F F F F F F F F F F F F F F F F F F F F F F F F F F F F F F F F F F F F F F F F F F F F F F F F F F F F F F F F F F F F F F F F F F F F F F F F F F F F F F F F F F F F F F F F F F F F F F F F F F F F F F F F F F F F F F F F F F F F F F F F F F F F F F F F F F F F F F F F F F F F F F F F F F F F F F F F F F F F F F F F F F F F F F F F F F F F F F F F F F F F F F F F F F F F F F F F F F F F F F F F F F F F F F F F F F F F F F F F F F F F F F F F F F F F F F F F F F F F F F F F F F F F F F F F F F F F F F F F F F F F F F F F F F F F F F F F F F F F F F F F F F F F F F F F F F F F F F F F F F F F F F F F F F F F F F F F F F F F F F F F F F F F F F F F F F F F F F F F F F F F F F F F F F F F F F F F F F F F F F F F F F F F F F F F F F F F F F F F F F F F F F F F F F F F F F F F F F F F F F F F F F F F F F F F F F F F F F F F F F F F F F F F F F F F F F F F F F F
  <DiscreteSampler_grid>
  grouped_processes
  1 # 1 for a reference and 2 for a running grid.
  10 # Attribute 'min_bin_probing_points' of the grid.
  1 # Attribute 'grid_mode' of the grid. 1=='default',2=='initialization'
  0.0000000000000000 # Attribute 'small_contrib_threshold' of the grid.
  0.5000000000000000 # Attribute 'damping_power' of the grid.
 # binID   n_entries weight   weight_sqr   abs_weight
    19   10   5.876313397353100E-001   2.211855880319006E+000   5.876313397353100E-001
    20   10   5.876313397353108E-001   2.211855880319011E+000   5.876313397353108E-001
    22   10   7.289243609036548E-001   3.336222751787275E+000   7.289243609036548E-001
    23   10   7.289243609036553E-001   3.336222751787282E+000   7.289243609036553E-001
    25   10   6.929499535233461E-001   3.285220304749096E+000   6.929499535233461E-001
    26   10   6.929499535233463E-001   3.285220304749097E+000   6.929499535233463E-001
    28   10   9.103197572084192E-001   5.736625300218163E+000   9.103197572084192E-001
    29   10   9.103197572084196E-001   5.736625300218170E+000   9.103197572084196E-001
    34   10   5.876313397353099E-001   2.211855880319006E+000   5.876313397353099E-001
    35   10   5.876313397353107E-001   2.211855880319011E+000   5.876313397353107E-001
    37   10   7.289243609036548E-001   3.336222751787275E+000   7.289243609036548E-001
    38   10   7.289243609036553E-001   3.336222751787282E+000   7.289243609036553E-001
    40   10   6.929499535233460E-001   3.285220304749095E+000   6.929499535233460E-001
    41   10   6.929499535233460E-001   3.285220304749097E+000   6.929499535233460E-001
    43   10   9.103197572084192E-001   5.736625300218163E+000   9.103197572084192E-001
    44   10   9.103197572084196E-001   5.736625300218170E+000   9.103197572084196E-001
  </DiscreteSampler_grid>
