  0.00000012434562145  0.00000018050094127  0.00000019421241475  0.00000020449818161
  0.00000021725455235  0.00000023223885692  0.00000024882769487  0.00000026643687741
  0.00000028549234960  0.00000030461307859  0.00000032280777189  0.00000033850385838
  0.00000035616719415  0.00000037631561170  0.00000039398317548  0.00000041175258249
  0.00000043047149550  0.00000045257305241  0.00000047861658371  0.00000050336776207
  0.00000053688633597  0.00000057303723036  0.00000060897183851  0.00000065449130293
  0.00000070395537392  0.00000075545097105  0.00000081391087980  0.00000087876434431
  0.00000095203385390  0.00000102581504712  0.00000108007891379  0.00000113773908306
  0.00000120155071385  0.00000126245279822  0.00000130702819953  0.00000138370068409
  0.00000147002093026  0.00000156428402364  0.00000169163657439  0.00000183507998088
  0.00000198464115412  0.00000214016970049  0.00000230351844441  0.00000247606750222
  0.00000266862073782  0.00000288625126666  0.00000312964355331  0.00000340153454634
  0.00000368670466223  0.00000400311573705  0.00000428907890020  0.00000463716257082
  0.00000499807829171  0.00000544331755207  0.00000596110906503  0.00000649868195698
  0.00000708695775613  0.00000779252088774  0.00000861376154727  0.00000949437869296
  0.00001043207567207  0.00001150660441298  0.00001260125973915  0.00001380024682737
  0.00001513309959025  0.00001667649886355  0.00001843768628943  0.00002042762145393
  0.00002277314995435  0.00002564733933968  0.00002898926611220  0.00003279200173407
  0.00003723021609208  0.00004205904304296  0.00004735344606444  0.00005397446187334
  0.00006192476545697  0.00007009719234022  0.00007994938211205  0.00009255722748951
  0.00010928660123415  0.00013033574314807  0.00015566677289507  0.00018681801358465
  0.00022228895207517  0.00026351444991602  0.00030210316915237  0.00035073951728294
  0.00042245318936770  0.00053059743032228  0.00070021983557078  0.00097028613519130
  0.00141335855278221  0.00223785885730153  0.00407058752321477  1.00000000000000000
  0.00000167393724948  0.00000169265915567  0.00000173127005537  0.00000177773278955
  0.00000181522713344  0.00000185238508159  0.00000189151874350  0.00000193312539607
  0.00000198223884346  0.00000204259376626  0.00000210413001424  0.00000217596685099
  0.00000225139873644  0.00000233267694623  0.00000241908070063  0.00000252409040996
  0.00000263698919451  0.00000275838441470  0.00000288021927350  0.00000300952787224
  0.00000314516948905  0.00000327998945696  0.00000343272577144  0.00000359738614335
  0.00000377246658789  0.00000394540066702  0.00000414353877782  0.00000436176677299
  0.00000461703294363  0.00000489342917917  0.00000516246456517  0.00000541829884710
  0.00000569801081606  0.00000602020677724  0.00000636316948266  0.00000672616008457
  0.00000709366932576  0.00000748220999930  0.00000791894283042  0.00000835400351998
  0.00000877905815213  0.00000925711362914  0.00000975863667818  0.00001032624482893
  0.00001097311198064  0.00001166027143656  0.00001244400596641  0.00001330425040893
  0.00001413945919613  0.00001508881137186  0.00001605750745745  0.00001720288900282
  0.00001847374853784  0.00001980792607981  0.00002113411176846  0.00002256857764078
  0.00002370105424700  0.00002491868585463  0.00002641509183396  0.00002833991463226
  0.00003103141157406  0.00003394923599373  0.00003714839989896  0.00004091395078693
  0.00004533393976754  0.00005009143930563  0.00005544232398779  0.00006220683829441
  0.00007088053039222  0.00008053728069129  0.00009043985362417  0.00010186854102166
  0.00011488528748623  0.00012892409913083  0.00014514073710363  0.00016632936053527
  0.00019439139838416  0.00022767893634798  0.00026635615640543  0.00031150343867106
  0.00037180013114646  0.00042765440908069  0.00049459017850303  0.00056725074599938
  0.00064429661936477  0.00074252836238645  0.00089991685938449  0.00107523427678850
  0.00122351694713881  0.00145611594685663  0.00178176258436359  0.00229799806763909
  0.00337966570052120  0.00688455998865949  0.02179763856993533  1.00000000000000000
  0.00000172162054436  0.00000191073291267  0.00000200073201753  0.00000208412147289
  0.00000217553218855  0.00000226953896420  0.00000237294654218  0.00000245588194628
  0.00000256178490093  0.00000267266822660  0.00000279066024787  0.00000292607986095
  0.00000308896914306  0.00000325839857015  0.00000342938290043  0.00000361084091551
  0.00000380181080844  0.00000399975323605  0.00000423162496316  0.00000448568689355
  0.00000474402702432  0.00000502986760843  0.00000531247503764  0.00000560773832698
  0.00000591353089468  0.00000621962514017  0.00000652679014654  0.00000689234175641
  0.00000724762418912  0.00000762047871507  0.00000801950740553  0.00000843317239410
  0.00000888105506243  0.00000935082069722  0.00000982778179962  0.00001034635578947
  0.00001083682685223  0.00001128114442806  0.00001172634523087  0.00001213064727319
  0.00001252179721279  0.00001298806643443  0.00001356093129463  0.00001416565571888
  0.00001484153250386  0.00001549670304318  0.00001613568289378  0.00001685782540581
  0.00001760666291908  0.00001839878064094  0.00001929113209311  0.00002039129033142
  0.00002163059298029  0.00002297093206039  0.00002424594387269  0.00002549596940312
  0.00002680170625979  0.00002828048841398  0.00003004362324698  0.00003235389504630
  0.00003485683480187  0.00003754970087848  0.00004036383085125  0.00004336631326809
  0.00004671362887020  0.00005053684934469  0.00005482863332153  0.00005921614676201
  0.00006432833355429  0.00007022683526063  0.00007635375209315  0.00008246294798975
  0.00008923206627945  0.00009687217528923  0.00010624233034478  0.00011797035406981
  0.00013342537877972  0.00015105669885867  0.00017076894221436  0.00019247135807929
  0.00021719221280253  0.00024265788189015  0.00027117637932698  0.00030571597397066
  0.00034730904208518  0.00038905786398045  0.00044262408010630  0.00052131508339288
  0.00066366160063237  0.00081919014715315  0.00100001768926457  0.00126277048916491
  0.00176225576564028  0.00249624611184387  0.05956121004469322  1.00000000000000000
  0.00000104109549003  0.00000141360205614  0.00000176374625858  0.00000201507119060
  0.00000219364536002  0.00000239731615657  0.00000264792090204  0.00000299905864420
  0.00000342416605245  0.00000369621411182  0.00000392774472477  0.00000417237045682
  0.00000443915633545  0.00000475304277514  0.00000503410392963  0.00000532116479293
  0.00000569036014478  0.00000620416319442  0.00000679863495128  0.00000737479348423
  0.00000801038011172  0.00000863017324038  0.00000934840057167  0.00001021175732804
  0.00001114250367317  0.00001216081662614  0.00001326575170007  0.00001442353244884
  0.00001570970386773  0.00001707490801357  0.00001856408972427  0.00002015868604152
  0.00002184449267946  0.00002357483573901  0.00002535901307156  0.00002716477748688
  0.00002905973424357  0.00003091269339366  0.00003268295348800  0.00003470734271679
  0.00003642526172580  0.00003815069826677  0.00004029536221494  0.00004262597160857
  0.00004627774033864  0.00005048284856786  0.00005459317304115  0.00005915875364434
  0.00006382173580933  0.00006898105149348  0.00007435761538101  0.00007997419400857
  0.00008601745476689  0.00009205636725552  0.00009856299573072  0.00010538445401868
  0.00011242517983947  0.00011989807086740  0.00012791355418575  0.00013663711317893
  0.00014651096154003  0.00015701095698048  0.00016852500599975  0.00017976178354926
  0.00019131341996353  0.00020435002572022  0.00021799315660544  0.00023488803751645
  0.00025505053608840  0.00027613887996706  0.00029791685254949  0.00032085843805008
  0.00034461478504346  0.00036860346468820  0.00039787376872962  0.00043559453760631
  0.00048669223121441  0.00054166743634168  0.00059809632087807  0.00065524715835738
  0.00071430489315983  0.00077598133710809  0.00084141105040386  0.00091693345075234
  0.00099107959838908  0.00105092208751127  0.00112444931820864  0.00124371829892902
  0.00140457616498064  0.00158258444857971  0.00176886923018776  0.00200299498100726
  0.00233737328625837  0.00271566981650968  0.01624796469764025  1.00000000000000000
 -0.00175082552098970  0.01032945911072258  0.02097739010732403  0.03151393666422418
  0.04262999445874485  0.05416144414988590  0.06609367226459305  0.07784700524895827
  0.08896612840030144  0.09957414661046747  0.10885919836841289  0.11931297680047764
  0.13064595525590239  0.14473246077814109  0.15755196407914138  0.16789574458745721
  0.17745858693885261  0.18644761745062496  0.19605643775101528  0.20643833159826022
  0.21787059699741435  0.22963680766868147  0.24158196490830941  0.25367411480836688
  0.26628760124888468  0.27900766643633901  0.29205296734986042  0.30419055550302726
  0.31574824790249933  0.32680889866209567  0.33818043502078543  0.35000424551362846
  0.36184535925168976  0.37348557535379773  0.38431728552293970  0.39535859150099323
  0.40629362549158882  0.41755860854007876  0.42918917577464333  0.44245234014816859
  0.45598295132489930  0.46687689960731404  0.47784954360860366  0.48564594418965945
  0.49399289321748552  0.50186040637630225  0.50855286809243538  0.51630982182839824
  0.52577541840158237  0.53504158720530504  0.54417605465875807  0.55339511125156160
  0.56358649381549442  0.57308313769065899  0.58129689301498488  0.58936877839526358
  0.59731792324724997  0.60510281492011653  0.61505970498702467  0.62538642515959375
  0.63619332157295738  0.64572894545566040  0.65493913443452545  0.66459846674156853
  0.67531251070525211  0.68631409291210244  0.69750365693049610  0.70924474125007286
  0.72121932582727299  0.73231001101110393  0.74210238985795174  0.75227022453959014
  0.76261603767862129  0.77211022889249981  0.78055895881679205  0.78866424931092594
  0.79826572812415197  0.80896479656552545  0.81938481961278198  0.82868768684953209
  0.83677794673801531  0.84439706572723550  0.85279362020110050  0.86376466353399983
  0.87581922311000571  0.88745673318188845  0.89919450207431917  0.90977657529784706
  0.91950113194821437  0.92888496776996565  0.93886288340050583  0.94995991836597404
  0.96175197300851034  0.97485189892101265  0.98717904082954167  1.00000000000000000
 -0.00156877739129151  0.00810938598154147  0.01712616146826836  0.02790204674257098
  0.03884073733169403  0.04905976770920429  0.05857133271126518  0.06776674554799794
  0.07715758100790376  0.08724008310107083  0.09879507025023614  0.11152859764467331
  0.12411534979531746  0.13595495059215421  0.14425764193049762  0.15167165384617662
  0.15910108301510154  0.16605986624111263  0.17250013443909676  0.18230240473146542
  0.19227212440851926  0.20238609821031742  0.21361517197989896  0.22450133272518263
  0.23555837507524818  0.24778496404504904  0.26083686788919330  0.27293776553758825
  0.28463109290589284  0.29608576084139027  0.30910581900104389  0.31962791823133507
  0.33057949006984294  0.34128741763943554  0.35288356963868917  0.36583664641448538
  0.37783361655267694  0.38925318950950655  0.40024096613197296  0.41091932052495306
  0.42117127474970623  0.43121678309717587  0.44110655339403743  0.45123318541123303
  0.46129406170032933  0.47122394618282226  0.48190158984030079  0.49329778971320576
  0.50476995450727336  0.51650956427464367  0.52925268438794604  0.54183163727553774
  0.55429519612082168  0.56643384078056158  0.57863515514348196  0.59022161267996209
  0.60088657877173224  0.61207333610100489  0.62286330011687985  0.63366243328157956
  0.64415186414339098  0.65404129026173208  0.66426673619393761  0.67399586816123691
  0.68538824140142651  0.69489628130379300  0.70266409176242173  0.71083540048539939
  0.71915988808861309  0.72697789244414768  0.73773168678777523  0.74937140830797777
  0.76063043118319862  0.77153495587842935  0.78207603416653626  0.79163936216911157
  0.79939805769279126  0.80714915569370893  0.81553401265390590  0.82642160186267155
  0.83656150524034600  0.84565979387599821  0.85468634367792584  0.86450555472494006
  0.87491911911595588  0.88609366230713960  0.89687779097012044  0.90864890353591532
  0.92015223186374684  0.93211507165416685  0.94414819761846713  0.95528229706441015
  0.96667851550160089  0.97751707860091586  0.98876569731710828  1.00000000000000000
 -0.00269149702482255  0.01149644792528644  0.02397304925596973  0.03535862244987743
  0.04698804985258049  0.05819784317348119  0.06856446326707832  0.07940262637275751
  0.09071854879289171  0.10306401627432761  0.11578600313324877  0.12783646148131683
  0.13952332590661637  0.15052739211530961  0.16111669555800892  0.17152036295815057
  0.18230682073354901  0.19278225050634312  0.20235867174034014  0.21113637289611331
  0.21990500850945666  0.22918637412716772  0.23996816398664095  0.25098342581891092
  0.26161494440425320  0.27261462708521206  0.28355082787208652  0.29423409627937819
  0.30592080922925480  0.31818139878085983  0.33015489474485621  0.34199204566902136
  0.35418336103959808  0.36581080470502675  0.37828810440443217  0.39092795383925505
  0.40312227185080374  0.41473342646079114  0.42571618801156019  0.43630751639967280
  0.44758203700223786  0.46016358773651700  0.47086954957969585  0.47909241109803041
  0.48665300400444428  0.49393142587487543  0.50097150309123961  0.51111538584002147
  0.52193275389794735  0.53218278578895251  0.54087651173981000  0.54933027942779744
  0.55768815787152559  0.56638186388244494  0.57478201026726283  0.58438296078361862
  0.59584642186619363  0.60783742322654477  0.61958196566614443  0.63144355641515337
  0.64279426452948873  0.65292516262965594  0.66292737862054996  0.67346091741001224
  0.68368181117955273  0.69331709008011777  0.70293608296837751  0.71398786035840744
  0.72571307327296053  0.73753757029883804  0.74871552099467020  0.75847472662781745
  0.76866156786628903  0.77929328289912703  0.79025707308269044  0.80100875921037462
  0.81125861171682434  0.82031861356367042  0.82868220673671600  0.83728595261306360
  0.84692546046088213  0.85825969577975281  0.87044470180238231  0.88221421977935244
  0.89352940884887377  0.90526770423207281  0.91849640293433643  0.93238503030528241
  0.94595396352677930  0.95801939075531228  0.96671852943230840  0.97278469047993332
  0.97892825466628886  0.98630374560516210  0.99339101175135291  1.00000000000000000
 -0.00006686242538088  0.00003112420883452  0.00012911084304992  0.00029480732987001
  0.00047183113745117  0.00057300784887256  0.00065880437960112  0.00073590116139967
  0.00081257492715619  0.00088858942877961  0.00096366474312271  0.00103653697972148
  0.00111277049562696  0.00119540654105398  0.00127771364594549  0.00135935041593612
  0.00144011895898708  0.00151875598280182  0.00159863992233227  0.00168453159157867
  0.00177063529239331  0.00185940078066484  0.00194829911049978  0.00204295577988954
  0.00213933845854441  0.00225143286883321  0.00236426096870916  0.00247932402076356
  0.00259473818486977  0.00271061807004329  0.00282561554937632  0.00294080469044399
  0.00306192846619618  0.00318497420733305  0.00331013822133240  0.00344291078725207
  0.00357688382851424  0.00371291793844799  0.00385205511369528  0.00398924318233280
  0.00410250435117546  0.00421690632797226  0.00433242769778601  0.00444573244228716
  0.00456539269044372  0.00469092824018781  0.00480727372025970  0.00492405882258857
  0.00504156714061602  0.00515478977823486  0.00526604910767663  0.00542112449430183
  0.00560227360141369  0.00583659221086617  0.00615357592795616  0.00640612554936859
  0.00664966505726519  0.00683987370428706  0.00701202401856511  0.00717715977835415
  0.00734038857716287  0.00750112775944056  0.00770198266369373  0.00790429832167945
  0.00809563042144491  0.00828885042871910  0.00849031281924589  0.00871290592277009
  0.00900430654980312  0.00935843646077691  0.00973095970003919  0.01011301967116954
  0.01051178048972877  0.01087100717660021  0.01123477756545221  0.01144995377602000
  0.01165041225540527  0.01187834559143199  0.01216818167401174  0.01261611750441831
  0.01311890231306962  0.01374823995161107  0.01457333416741002  0.01512755920576564
  0.01567681498476321  0.01657487495498644  0.01734308715278051  0.01783084940491488
  0.01820073155759147  0.01866516547506282  0.01922136851970985  0.01973411295414046
  0.02115155331863441  0.03498152332151756  0.60851224226914513  1.00000000000000000
 -0.00269958945625144  0.01413395639158682  0.02902690482665020  0.04384449661296430
  0.05752991589743692  0.07001263917039105  0.08203502420737918  0.09346297993667046
  0.10520178885334269  0.11691053235458147  0.13067680390414219  0.14602814207243309
  0.16144313483201433  0.17545653082788526  0.18864612477422824  0.20214330250989357
  0.21510791750582206  0.22736441911768687  0.23983016434906212  0.25260807268270558
  0.26496518721286666  0.27575732010214465  0.28644781498641919  0.29567191675144711
  0.30567591650324466  0.31211685667093714  0.31823863904531174  0.32411165541517517
  0.32980708298749789  0.33751204805516438  0.34677955230002683  0.35639024077531284
  0.36627196752887947  0.37619124246508762  0.38548038681788505  0.39361111281092126
  0.40072758240762885  0.40731199248686689  0.41480521692554956  0.42220399020753491
  0.43097801655022377  0.43961254254488197  0.44806306064601281  0.45685895261212706
  0.46392852788961136  0.47107284424737611  0.47803872118394886  0.48582427651945875
  0.49410213753159887  0.50227132954495102  0.50926535208706036  0.51577178260177381
  0.52236045768932393  0.52851791909734769  0.53498993030866970  0.54183992561994077
  0.54940265716406178  0.55784180470952061  0.56642876089328376  0.57498763604381875
  0.58224693057254762  0.58854102468899361  0.59515577025170419  0.60160404123292954
  0.60899308442288969  0.61773216526658836  0.62663651758033601  0.63581242325867726
  0.64517828167441638  0.65519269226291121  0.66547342622705419  0.67715812432882316
  0.68970621876362381  0.70214550362454864  0.71342249819625192  0.72523598954982615
  0.73710631433942730  0.75045383996549109  0.76352161682528197  0.77624176749608209
  0.78910346099330764  0.80267702490453419  0.81389601334838824  0.82485328052179185
  0.83556516246251233  0.84787945387178920  0.86199586046286214  0.87719433737866037
  0.89261458033364605  0.90841125750593266  0.92422335436047354  0.93967078367447754
  0.95506688125338690  0.96992562765479151  0.98510473419815503  1.00000000000000000
 -0.00005231410205142  0.00003202535423622  0.00011636481052386  0.00023800043329418
  0.00036628148891099  0.00046560559611375  0.00055674020571744  0.00061346096166673
  0.00066783167760250  0.00072148318271665  0.00077414039717013  0.00082427860354925
  0.00087233180849702  0.00091579199813313  0.00095947911395871  0.00100881797703208
  0.00105815684010546  0.00111211375345597  0.00116687469689305  0.00123138676617511
  0.00130002493553374  0.00135431978686498  0.00140844222304121  0.00146087154760541
  0.00151291329933204  0.00156560581831730  0.00161883930671046  0.00167600424730446
  0.00174218395717282  0.00180712372804878  0.00187082329409310  0.00193479240332694
  0.00199892255715923  0.00205774182723243  0.00211531869981188  0.00218810870990630
  0.00225448230049424  0.00231758918112742  0.00238012538243185  0.00243871176216480
  0.00249367569831477  0.00255824353723634  0.00262649083643296  0.00269476347971116
  0.00277078822417916  0.00285859193429885  0.00295823980398246  0.00307323949976777
  0.00314798362893510  0.00322205982265698  0.00329662305606685  0.00336901971302250
  0.00344624653148794  0.00357086236028933  0.00366964205815482  0.00376781076962569
  0.00386446488554281  0.00395536300129740  0.00403949857200083  0.00412531706528977
  0.00421342060694516  0.00430446215970628  0.00439742444837664  0.00449846502727048
  0.00461442642973663  0.00476193554375440  0.00497131814703731  0.00512204249384829
  0.00526563539033237  0.00540999946679476  0.00563699896436260  0.00596188678609693
  0.00625678242719980  0.00640030747972186  0.00654247119699160  0.00668351511676761
  0.00682280140091152  0.00729421793168930  0.00754290418220776  0.00777621082954238
  0.00806296057398057  0.00910743756451044  0.00960049586392665  0.00981924403368061
  0.01032801030456078  0.01071989135336617  0.01100606590378960  0.01125688517500446
  0.01148656555953994  0.01170778606289125  0.01206643340254739  0.01243093355271599
  0.01274441040755437  0.01837018744792404  0.53813697481121336  1.00000000000000000
 -0.00262820136237084  0.01194008483096392  0.02428498212400214  0.03619344754488933
  0.04901103470205808  0.05849437047624656  0.06575286943034546  0.07352218186195410
  0.08101737783781594  0.08895098074425176  0.10018641172954722  0.11152810330316251
  0.12320661969353677  0.13596126580158088  0.14863652784393516  0.16065124648952833
  0.17205657768551610  0.18346911392116483  0.19486598906308206  0.20478621039174189
  0.21220282335069213  0.21982988180244215  0.22763453311965093  0.23571306930312569
  0.24536928475633210  0.25836972476341069  0.27131849126740176  0.28361276065616392
  0.29448009427498928  0.30417680017844839  0.31384860478318555  0.32414113906089037
  0.33438089887188766  0.34407233773153451  0.35352582247106179  0.36278356364314057
  0.37327463312044867  0.38423020288708087  0.39498983065762283  0.40514638785561147
  0.41540440298485110  0.42618515786259364  0.43676857689899062  0.44667220575245870
  0.45636926381764581  0.46491390899740892  0.47280407238036082  0.48076330727560745
  0.48749116746272825  0.49741504535884101  0.50680578616248040  0.51582459342965215
  0.52492965061023045  0.53455426877550993  0.54524245089912082  0.55730871181455122
  0.56857187674440746  0.57879259804160044  0.58810969647106237  0.59587933334238674
  0.60416234984816097  0.61324289642323060  0.62349554826310860  0.63472776381176410
  0.64662913475205508  0.65864304554605146  0.67054748741141168  0.68226286499835176
  0.69409398535815381  0.70607756706362179  0.71753840569443239  0.72813766196550544
  0.73880773583043691  0.74963695720772927  0.76065116583433334  0.77137901900990336
  0.78096111052850148  0.79129915496256165  0.80132200039431389  0.81214438149557799
  0.82360972843614122  0.83390619391390985  0.84391908404724869  0.85377804352716791
  0.86424273839884236  0.87578772132334781  0.88877631172708227  0.90195436405170881
  0.91536660045704721  0.92666357630188889  0.93774155648076918  0.94843970988517590
  0.96023813284099091  0.97300960998404229  0.98634200119985871  1.00000000000000000
  0.52087046217340938  0.55731753098099446  0.57830977836113362  0.59362469923153227
  0.60437849498460416  0.61732090466497525  0.62621760969702611  0.63304682464546291
  0.63754613967317797  0.64307303927182990  0.64935323018599755  0.65612989422489643
  0.66486623530586864  0.67225835273213241  0.67740509671830751  0.68227724765542641
  0.68730276943443391  0.69266250168899479  0.69767871054047381  0.70358418484524321
  0.70837271682444869  0.71305265975932008  0.71800578942901128  0.72300969119045710
  0.72919692868963393  0.73561422943051413  0.74252240211079490  0.74658786324061643
  0.75094716302843445  0.75533820252016726  0.75971224540231419  0.76414007315372678
  0.77107168721623032  0.77665740324481303  0.78231777532348246  0.78829639703377241
  0.79427565443454717  0.79944933854947275  0.80436448390511062  0.80938385138416913
  0.81458119804086626  0.81944554539871617  0.82398999860248490  0.82825668769324579
  0.83210067658070430  0.83592824360605611  0.83978301722964288  0.84401607242001619
  0.84857062505786640  0.85307503330507539  0.85731577640807555  0.86139328548850957
  0.86517223267536314  0.86890327233140618  0.87273188335534524  0.87695208161123428
  0.88109525636719932  0.88503824164453326  0.88887254178437569  0.89269804808178044
  0.89651062100753198  0.90019783007103615  0.90387904276601616  0.90741515770072467
  0.91063905108475529  0.91387561864217703  0.91704716140636067  0.92033731415359965
  0.92374472317472045  0.92717129931209541  0.93069716898502575  0.93418277771377678
  0.93758892017853102  0.94083944220866955  0.94406885836927046  0.94719303212346351
  0.95008387603590527  0.95254074958015611  0.95477774226295209  0.95697890391067153
  0.95908660804922907  0.96135431402602833  0.96380202409908400  0.96624682151067853
  0.96880363858036389  0.97148734040777540  0.97427082819900390  0.97708030324682749
  0.97984258669905533  0.98239637402893754  0.98485992689000512  0.98732347720693558
  0.98994080651056404  0.99282769330399578  0.99619102704679918  1.00000000000000000
 -0.01437759547401386  0.08147869148261486  0.09647067247699438  0.10917515450946497
  0.11854707279603506  0.12888202979915220  0.14033672216053081  0.15225534209759944
  0.15943648664058105  0.16734558655560888  0.17495775205147929  0.18294373301921774
  0.19016853388872557  0.19635584446220927  0.20219476270293082  0.20809222547169767
  0.21397039195644696  0.21976693167034597  0.22551484295163984  0.23153550453740826
  0.23790691527446553  0.24466425422803922  0.25099539396569537  0.25654384835344368
  0.26203636551736476  0.26789444840630811  0.27410630262029229  0.28029424627120775
  0.28553439311829620  0.29067075748885762  0.29612406057020074  0.30225462891819888
  0.30899791688166278  0.31572193189205217  0.32235984759901398  0.32928371277939772
  0.33703272721561139  0.34465582696350477  0.35073995086518889  0.35583329378538731
  0.36099979095803270  0.36645888447104769  0.37230128460573864  0.37845478825590284
  0.38425685010573263  0.39032776493310328  0.39664577948144569  0.40341790000726008
  0.41002170846268365  0.41518225765687106  0.41961144591351662  0.42400094077359285
  0.42873468855188906  0.43415025659222334  0.44126954323841022  0.44873536708729445
  0.45603513006092855  0.46321061396128715  0.47080779675373829  0.47846406709264683
  0.48692433437726046  0.49534448033510309  0.50329267531272348  0.51106411749210090
  0.51819340743816122  0.52409707446489062  0.53072939121604590  0.53706630725401305
  0.54375247926455483  0.55196132688720567  0.56034692737276826  0.56898287583932150
  0.57789409908474121  0.58699981209955621  0.59604689474420647  0.60529385599053565
  0.61545981589441512  0.62471444604619364  0.63422521223578543  0.64428209539953996
  0.65374213263528635  0.66333696229899186  0.67360438384960919  0.68609327796321751
  0.69766939816097018  0.70884660806294442  0.72178580432135586  0.73559885863213126
  0.74803539025795118  0.75937341174903072  0.77145585476057033  0.78551459230254794
  0.80281540693746678  0.83082052001928053  0.87774794115621912  1.00000000000000000
   5.2171443942330033E-005  -1.0000000000000000     
 F F F F F F F F F F F F F F F F F F F F F F F F F F F F F F F F F F F F F F F F F F F F F F F F F F F F F F F F F F F F F F F F F F F F F F F F F F F F F F F F F F F F F F F F F F F F F F F F F F F F F F F F F F F F F F F F F F F F F F F F F F F F F F F F F F F F F F F F F F F F F F F F F F F F F F F F F F F F F F F F F F F F F F F F F F F F F F F F F F F F F F F F F F F F F F F F F F F F F F F F F F F F F F F F F F F F F F F F F F F F F F F F F F F F F F F F F F F F F F F F F F F F F F F F F F F F F F F F F F F F F F F F F F F F F F F F F F F F F F F F F F F F F F F F F F F F F F F F F F F F F F F F F F F F F F F F F F F F F F F F F F F F F F F F F F F F F F F F F F F F F F F F F F F F F F F F F F F F F F F F F F F F F F F F F F F F F F F F F F F F F F F F F F F F F F F F F F F F F F F F F F F F F F F F F F F F F F F F F F F F F F F F F F F F F F F F F F F F F F F F F F F F F F F F F F F F F F F F F F F F F F F F F F F F F F F F F F F F F F F F F F F F F F F F F F F F F F F F F F F F F F F F F F F F F F F F
  <DiscreteSampler_grid>
  grouped_processes
  1 # 1 for a reference and 2 for a running grid.
  10 # Attribute 'min_bin_probing_points' of the grid.
  1 # Attribute 'grid_mode' of the grid. 1=='default',2=='initialization'
  0.0000000000000000 # Attribute 'small_contrib_threshold' of the grid.
  0.5000000000000000 # Attribute 'damping_power' of the grid.
 # binID   n_entries weight   weight_sqr   abs_weight
    19   10   1.782896907010357E+002   3.040095825076030E+005   1.782896907010357E+002
    20   10   1.782896907010373E+002   3.040095825076086E+005   1.782896907010373E+002
    22   10   4.449149218707426E+001   1.892868587404027E+004   4.449149218707426E+001
    23   10   4.449149218707466E+001   1.892868587404062E+004   4.449149218707466E+001
    25   10   1.787158790272650E+002   3.055820485086108E+005   1.787158790272650E+002
    26   10   1.787158790272665E+002   3.055820485086162E+005   1.787158790272665E+002
    28   10   4.470505140586399E+001   1.912514114908645E+004   4.470505140586399E+001
    29   10   4.470505140586437E+001   1.912514114908678E+004   4.470505140586437E+001
    34   10   1.782896907010357E+002   3.040095825076030E+005   1.782896907010357E+002
    35   10   1.782896907010373E+002   3.040095825076086E+005   1.782896907010373E+002
    37   10   4.449149218707424E+001   1.892868587404026E+004   4.449149218707424E+001
    38   10   4.449149218707465E+001   1.892868587404062E+004   4.449149218707465E+001
    40   10   1.787158790272649E+002   3.055820485086106E+005   1.787158790272649E+002
    41   10   1.787158790272665E+002   3.055820485086159E+005   1.787158790272665E+002
    43   10   4.470505140586398E+001   1.912514114908643E+004   4.470505140586398E+001
    44   10   4.470505140586436E+001   1.912514114908676E+004   4.470505140586436E+001
  </DiscreteSampler_grid>
