 -0.00168197814411821  0.00757653612107714  0.01596109594982007  0.02479942233600974
  0.03391213367341065  0.04310072918843742  0.05288929789745879  0.06302354080582165
  0.07361619360793031  0.08459508579861383  0.09549887917778177  0.10585687115034488
  0.11559926730128456  0.12592899098467503  0.13573122664285683  0.14515431691750907
  0.15408144288027648  0.16340959155030474  0.17342249207249544  0.18306356389539116
  0.19188757141417837  0.19998362706265588  0.20860218121215657  0.21775195928434765
  0.22759357294331065  0.23798522341898834  0.24770165433467090  0.25838465908161673
  0.26848805643067797  0.27934641229680990  0.28990091517215294  0.30106463143461371
  0.31210415161075328  0.32279963088346686  0.33330509725133411  0.34311295910647438
  0.35336035815699374  0.36422825561830569  0.37580676650049621  0.38767055154526009
  0.39871503774243994  0.40970585011729344  0.42035104025769859  0.43107971821293239
  0.44214046478872160  0.45335782967586963  0.46477779439966366  0.47646354476929353
  0.48843915462892779  0.49990969265214175  0.51076306034619734  0.52141585261093171
  0.53193144759385780  0.54240464665055699  0.55279585877928550  0.56341692091553008
  0.57416841437144650  0.58463361847038586  0.59490253584968811  0.60528190065847876
  0.61635557161886401  0.62751000968727710  0.63780578439102731  0.64741429187048027
  0.65699172576212983  0.66648576652221447  0.67593289150634739  0.68562019524519002
  0.69599348808929040  0.70745654247357748  0.71947041151707425  0.73118505638446618
  0.74234400216105534  0.75310461580026933  0.76389257344051720  0.77416542132702537
  0.78387564344018046  0.79393691740984917  0.80428190865727622  0.81489471894019383
  0.82549124364017923  0.83630610451809184  0.84698722027388162  0.85737492428075424
  0.86800797556628617  0.87938541617972044  0.89041913962312991  0.90194160907303111
  0.91313042560984004  0.92484752534784220  0.93651794887528028  0.94814337848254160
  0.96048115715446469  0.97332996086356616  0.98676705832111833  1.00000000000000000
  0.00002871070191349  0.00003025792986836  0.00003182775590302  0.00003473294964851
  0.00003585386371435  0.00003707817209317  0.00003842989302050  0.00003950368329618
  0.00004056379652863  0.00004191695517468  0.00004339235713436  0.00004482010192644
  0.00004650655984239  0.00004860651363552  0.00005108234302222  0.00005291974772961
  0.00005459896483601  0.00005686607433652  0.00005914159697363  0.00006167929187309
  0.00006451477288132  0.00006713464203452  0.00006976478161560  0.00007256091643943
  0.00007534901853269  0.00007803916898934  0.00008061562718113  0.00008310693585087
  0.00008561816412442  0.00008813973213983  0.00009071661158398  0.00009334477024529
  0.00009597762371477  0.00009855354180800  0.00010116890622586  0.00010376758145424
  0.00010642256136042  0.00010917350724090  0.00011203525891748  0.00011500829284518
  0.00011797946301170  0.00012129987553726  0.00012458349938304  0.00012778653195903
  0.00013117144965458  0.00013481623109634  0.00013853278183112  0.00014242154185503
  0.00014647179990327  0.00015049953034310  0.00015462430977304  0.00015908894618691
  0.00016377908789527  0.00016882989031134  0.00017397195270641  0.00017909940953165
  0.00018442415191460  0.00018999297109323  0.00019586970991806  0.00020192321785150
  0.00020793258437818  0.00021416897919867  0.00022055021176823  0.00022732027697785
  0.00023623244075499  0.00024506955911158  0.00025444916217390  0.00026393976533932
  0.00027388351651277  0.00028514276731393  0.00029705431760047  0.00030962807523847
  0.00032244502699026  0.00033764520458669  0.00035683459109208  0.00037715635536845
  0.00039982138015789  0.00042671773767595  0.00045642508228373  0.00048586411890261
  0.00051652358725429  0.00054998566792793  0.00058857935408903  0.00063605483724754
  0.00069153788212184  0.00075592460552110  0.00083295262136284  0.00094051574039339
  0.00107762858805815  0.00126127433347894  0.00153053576984390  0.00200770884094319
  0.00298707457895475  0.00468728462889975  0.03344883695175441  1.00000000000000000
  0.00006243889586418  0.00007651560026214  0.00007864556254470  0.00008087512695914
  0.00008312914466668  0.00008569112822558  0.00008832857051268  0.00009102073481934
  0.00009394843834659  0.00009682502821164  0.00009953109568521  0.00010223226308679
  0.00010494747511046  0.00010781530457112  0.00011098497621954  0.00011441196366129
  0.00011789264318523  0.00012119318363008  0.00012429996120272  0.00012742427077959
  0.00013085686244767  0.00013464712948928  0.00013846288470179  0.00014228427622820
  0.00014619795848551  0.00015032570709515  0.00015475309447172  0.00015939262117617
  0.00016424654596822  0.00016916952300446  0.00017419172258350  0.00017937239850856
  0.00018473661329184  0.00019020925458228  0.00019565740787249  0.00020114986911991
  0.00020681047884021  0.00021227187238948  0.00021801713969336  0.00022389429291111
  0.00023001808186845  0.00023686463844229  0.00024457688136082  0.00025257816683790
  0.00026065771520769  0.00026885407450649  0.00027703614787135  0.00028601531152572
  0.00029514248846549  0.00030436276235415  0.00031417472804710  0.00032430829735048
  0.00033559065209835  0.00034747281098065  0.00035937804811384  0.00037179254374783
  0.00038474576504158  0.00039855400747160  0.00041344613818529  0.00042932890152663
  0.00044589360764102  0.00046277895628002  0.00047998572444943  0.00049859250409047
  0.00051939990003978  0.00054016652972426  0.00056173913241569  0.00058549540729592
  0.00061257110516022  0.00064064982358864  0.00066860732721646  0.00069831548779902
  0.00073201126970569  0.00077071473011000  0.00080949223813606  0.00084841915431800
  0.00089307610534300  0.00094643321794143  0.00100530326828737  0.00107820414024358
  0.00116636846446977  0.00126046708895731  0.00136851680273609  0.00149517265368803
  0.00164972057813821  0.00182138331224382  0.00203004529721389  0.00229502178632748
  0.00265056170686485  0.00317451658274922  0.00417074439145606  0.00575459820985048
  0.00776348647944139  0.01376016033466035  0.06254033816397123  1.00000000000000000
 -0.00298028009437087  0.01310157996393097  0.02496666966274627  0.03489465805677778
  0.04562198198963188  0.05653119087999265  0.06837191673545220  0.08054816094850223
  0.09333450551802434  0.10571989408188309  0.11708064902849731  0.12731615146479969
  0.13749563358313729  0.14797992426852186  0.15894597232747087  0.16998341092596228
  0.18131547788851554  0.19278853149571193  0.20347411583047417  0.21364472494117059
  0.22424293427883743  0.23592825811964815  0.24855003676121420  0.26036293100809577
  0.27117337828149346  0.28095233674331849  0.29053525282590814  0.30019261815425846
  0.30994774569919892  0.31919072220645117  0.32801965082329482  0.33697107064547688
  0.34632624272897622  0.35603217069503112  0.36583643952376665  0.37600547290613479
  0.38701417009767219  0.39819571394812053  0.40896736474991818  0.41929835579028479
  0.42927564926815609  0.43926679547585840  0.44953756841243758  0.46015826117217373
  0.47124655230362805  0.48289130926977719  0.49477488951313825  0.50636330246437578
  0.51710745302755812  0.52800836782499283  0.53867032725107600  0.54869894728796575
  0.55809596397718764  0.56782430078569468  0.57815045926105768  0.58940659216501090
  0.60075395752158034  0.61139790517777515  0.62174123422146754  0.63223821726392249
  0.64277383102145358  0.65302660511409316  0.66361808604490768  0.67438442273400001
  0.68531415141822905  0.69599215898814659  0.70709053955364842  0.71772397423009471
  0.72783393303902311  0.73778872270661910  0.74808747104951545  0.75909993663632491
  0.77045316002766318  0.78229577180713050  0.79334685654178594  0.80332223339543263
  0.81348534100284120  0.82349115915656845  0.83295927345461374  0.84245498329220803
  0.85168630465850981  0.86125256804938177  0.87081577757039430  0.88005635761701706
  0.89000174683763122  0.90016840040207169  0.91015075926200284  0.92046088496606260
  0.92962771933679966  0.93855017542747887  0.94752453510654866  0.95676411555011709
  0.96669312178232891  0.97715712098204766  0.98878970376720710  1.00000000000000000
 -0.00310277131057202  0.01047350854067557  0.02160195566678248  0.03275924397979226
  0.04344501686172920  0.05424432557769693  0.06429166147429251  0.07411035046888678
  0.08358327838645246  0.09329784858045551  0.10340180352090705  0.11366927979213347
  0.12427608806756046  0.13468307541932503  0.14493331809552601  0.15531778311076339
  0.16612567935326961  0.17782153887035795  0.18924816088952998  0.20066695345161931
  0.21280887982456423  0.22518341916793450  0.23598237321956161  0.24568301660700692
  0.25590745904824563  0.26753616160065680  0.27983710816782859  0.29182325112636626
  0.30214613644979632  0.31206638617015453  0.32191472268746868  0.33246292538451161
  0.34280942209620585  0.35307812144114126  0.36362606059445352  0.37512118356739915
  0.38612805900847930  0.39668569578187751  0.40738667975596149  0.41774443199694133
  0.42829819594185320  0.43857762802773032  0.44940151235268433  0.46073569012753290
  0.47240610955198192  0.48316578343162597  0.49329238127983699  0.50367776855756541
  0.51493516409436235  0.52620062036372450  0.53648873383963847  0.54651374478345294
  0.55663214539051165  0.56714876099346301  0.57757648369224024  0.58872106346760333
  0.59962756228183067  0.61028903570264592  0.62060555961457287  0.63097346895311102
  0.64136114759919083  0.65120960439583764  0.66064202625044954  0.67094837740830471
  0.68140555946852799  0.69205605730565478  0.70253676880232385  0.71259297838992386
  0.72220901147113603  0.73149085246672862  0.74095498059808895  0.75113608240939378
  0.76186706427024942  0.77266561651337340  0.78334910843594274  0.79379233655156789
  0.80414600518111323  0.81419186660961185  0.82441539752993576  0.83465156386162853
  0.84450634055319163  0.85381308036589965  0.86301687113250336  0.87245429615023196
  0.88226053539487703  0.89251888472264196  0.90301552189778689  0.91386848848210089
  0.92512548150771090  0.93667166001201219  0.94745740953348190  0.95778578126507286
  0.96805797884528488  0.97906411130008641  0.98961479460806823  1.00000000000000000
 -0.00175117989439149  0.00954490473693975  0.01840940701158271  0.02706896064171808
  0.03578615315072591  0.04432615982890602  0.05277782914118093  0.06153144713599052
  0.07010212343833785  0.07855893487569346  0.08671039234605749  0.09517155182462003
  0.10440907829181260  0.11447412826499433  0.12407573632773751  0.13313963754748770
  0.14239755671366908  0.15187228930113428  0.16168375360710510  0.17119955087646951
  0.18083775268204885  0.19050446082101052  0.20018125266156242  0.21036876348875483
  0.22155703258161399  0.23313822282322982  0.24418252364175363  0.25455592932943139
  0.26473964324003152  0.27519985882849157  0.28642201856601651  0.29825704531938180
  0.31044445894015971  0.32221561155591966  0.33274072487354822  0.34267888266147012
  0.35312750116387837  0.36462090011327253  0.37644514033695853  0.38747955217410046
  0.39813808713613147  0.40900380388634955  0.41962481258780687  0.42978716247432014
  0.44012439727334651  0.45135200458507579  0.46286474142021694  0.47444597240194858
  0.48695306180708414  0.49936581358735854  0.51085955041771336  0.52213156972068853
  0.53375572444432073  0.54568640981793159  0.55773260326149821  0.56953086102690209
  0.58118956918652198  0.59308001899729523  0.60533223535962777  0.61807503221460391
  0.63112987161209910  0.64393294217152930  0.65580512253008549  0.66724779508957410
  0.67877968723942839  0.69056799959481030  0.70240615320640865  0.71387239481639098
  0.72513174616728837  0.73673744078203074  0.74830848954770790  0.75920089404725921
  0.76941792324057467  0.77958530688264738  0.79016970758002825  0.80076487656254736
  0.81177437437758515  0.82311210855611650  0.83449297134169720  0.84564265697535168
  0.85682247904572506  0.86835935233578065  0.87963070454501457  0.89028245972880860
  0.90000356024608186  0.90891754024920202  0.91811905509580760  0.92779080828116867
  0.93739084584351084  0.94669976530056288  0.95489844770966248  0.96329138652726187
  0.97198949009233548  0.98145903642277288  0.99073843608266610  1.00000000000000000
 -0.00241986270303395  0.00983601494078677  0.02074036763760012  0.03258465724658027
  0.04407358017578444  0.05554364514180447  0.06637435528519786  0.07662413075907262
  0.08659663331548124  0.09568682798661918  0.10574927451316457  0.11642271078424324
  0.12733029108193217  0.13737820077701607  0.14716654856585190  0.15756484683318867
  0.16822546621293488  0.17870255238025176  0.18932595975062710  0.20002269717340607
  0.21083447696568672  0.22186446452105663  0.23272083036481273  0.24340591616833246
  0.25340847183390303  0.26360234140807609  0.27390206194269440  0.28429295957218270
  0.29473296597441195  0.30518451818532882  0.31556977717558898  0.32613039020489898
  0.33689864928647861  0.34768997693933873  0.35833984978557193  0.36862094720356364
  0.37906102494540023  0.39010535926910100  0.40175938870708422  0.41280847588300174
  0.42281873158854349  0.43240721515202546  0.44272045097279961  0.45391954642839960
  0.46548721171986812  0.47660697919384898  0.48661505370812796  0.49608728809502695
  0.50563145216858174  0.51532028908786109  0.52488834674999829  0.53469631134731965
  0.54479129202094501  0.55480846479694934  0.56481849914715443  0.57542456040312540
  0.58553089781069101  0.59511902436325881  0.60404364362619156  0.61440755769003230
  0.62534999224271126  0.63628428508840240  0.64645569243573009  0.65635641772953479
  0.66659565987414471  0.67704660621090074  0.68783386283948766  0.69904176978754862
  0.71077463478813352  0.72156112935486483  0.73219770955549390  0.74265131650211369
  0.75276482494358499  0.76260358057314936  0.77222402880180352  0.78173855244518908
  0.79133191787499424  0.80072665604014526  0.81039916416475599  0.82025554249666899
  0.83073533852491954  0.84143924017779825  0.85186927496600207  0.86253731658355270
  0.87320116982057705  0.88385438028374796  0.89430015002138996  0.90480415290795757
  0.91534773813052961  0.92612529099083085  0.93766260460755868  0.95060156601018386
  0.96277966413765037  0.97494127734382297  0.98710694767838414  1.00000000000000000
 -0.00184107226134248  0.00705998041571077  0.01428686749002893  0.02174993007801837
  0.02930648168599594  0.03706090052389242  0.04525099713395189  0.05356883838305899
  0.06196684774760768  0.07064628653761798  0.07962812007659770  0.08965134760984093
  0.10015387435047263  0.11097568948128483  0.12194160969783581  0.13313598518550018
  0.14404458303416537  0.15442420850433411  0.16468152268189140  0.17520211326672425
  0.18613885280757736  0.19714717938230386  0.20821539988749627  0.21923164511198384
  0.23054139172869398  0.24291095950801017  0.25558428314214687  0.26923396098299873
  0.28180791486114470  0.29477937014679551  0.30641095109590499  0.31884860307280022
  0.33171582086826923  0.34425847989477643  0.35666345994270371  0.37063165357376626
  0.38381374577838845  0.39676151232099593  0.40902468128132807  0.42123542420470911
  0.43296664844072730  0.44491844083375609  0.45681743503635192  0.46881791968572056
  0.48104251087471483  0.49354655898130234  0.50606025373699692  0.51887819240299027
  0.53108834470610244  0.54272279411826396  0.55443079063550005  0.56645658807960042
  0.57883974063948174  0.59162676032118622  0.60405440764941387  0.61546976004107234
  0.62661619816678993  0.63812424264585210  0.64940813817534049  0.65991035020530742
  0.67021321283225432  0.68102207132496773  0.69202149101284016  0.70287833287301116
  0.71375244063989296  0.72467430777536279  0.73510757853242481  0.74495886852006588
  0.75575704836892410  0.76758873089769664  0.78014456036269542  0.79208538469594669
  0.80313537830813442  0.81350231088562597  0.82334018007940069  0.83318938860213343
  0.84316454949329744  0.85324283984011129  0.86291640296854011  0.87218052949035729
  0.88143010619302375  0.89110658998622605  0.90072091755509809  0.90994127084414955
  0.91878177021803387  0.92732938623964278  0.93574736733032449  0.94359880421785436
  0.95125304907205199  0.95907603633423055  0.96684537243271551  0.97426260802614961
  0.98099394935267703  0.98728888255905312  0.99372487728004699  1.00000000000000000
 -0.00241615767221185  0.01012134532161441  0.02127229935774909  0.03329490678896584
  0.04550394355002095  0.05815619622823048  0.07003477826022954  0.08113787150289375
  0.09175176932604158  0.10217675757127212  0.11256325960947683  0.12236837111036146
  0.13210200167084302  0.14192902251486678  0.15166294870895713  0.16194669500528097
  0.17231982200467555  0.18350958984052720  0.19435207639741933  0.20545594132421080
  0.21678916787855668  0.22854128572778379  0.24028685399409686  0.25134213840253922
  0.26140809329676812  0.27055837103870523  0.27949188080157872  0.28865210753501408
  0.29820072456353353  0.30768387854259138  0.31723685939623975  0.32683611959468972
  0.33656989426262929  0.34639407489117718  0.35624961095535024  0.36639538523799448
  0.37662292751299903  0.38676662270311341  0.39695825835433785  0.40674691781283390
  0.41597539035575365  0.42518167662628792  0.43494921854414997  0.44525742832815335
  0.45546904564807822  0.46583089657525606  0.47614409342376252  0.48642287043036464
  0.49695593277588168  0.50729444629683951  0.51765831468235801  0.52830605165574385
  0.53925616270842069  0.55026733017954121  0.56060515967394209  0.57116824245722575
  0.58187532054745705  0.59285906231603669  0.60415844374692873  0.61531187884512228
  0.62621413884362065  0.63688484991375749  0.64760933803620269  0.65846307277446992
  0.66890488727257191  0.67926136783762558  0.68922642771826992  0.69949775397000602
  0.70979372366377114  0.72006733740570872  0.73027343224244645  0.74023356570112708
  0.75042107847848538  0.76088749622456642  0.77209801844484438  0.78401089228023213
  0.79552701275298532  0.80621341504527788  0.81654152456052620  0.82648321092653143
  0.83595160718462846  0.84516124835932815  0.85454438935193899  0.86436731611848006
  0.87444729838316548  0.88477776066276415  0.89543119615830979  0.90634273316421265
  0.91787545279290716  0.92990087293243584  0.94262216704542157  0.95514786211318881
  0.96647671283260017  0.97751537233981278  0.98822326274085570  1.00000000000000000
 -0.00234584071632611  0.01663086509256365  0.03409359406302334  0.05244953681979205
  0.06954332021772329  0.08414516261674276  0.09676551243762510  0.10878424004668671
  0.12135749581500820  0.13450955306897747  0.14718177373736455  0.15833348981812218
  0.16956488194759070  0.18079813171076647  0.19255386837272484  0.20304399154146413
  0.21296614441802966  0.22214928297531369  0.23174679384091451  0.24186628219851794
  0.25263031675934056  0.26318279635798669  0.27262592658450652  0.28134354608091888
  0.29007399852511151  0.29918348850805804  0.30857890168553176  0.31741554407424127
  0.32622373972993235  0.33557587733505895  0.34573620789046455  0.35522791487008831
  0.36352865722835914  0.37188979200560585  0.38020303931872224  0.38867471872167531
  0.39715625510205804  0.40597795930034292  0.41482380810445657  0.42360724695863516
  0.43191592809733415  0.44005758885241791  0.44855359618728746  0.45749712473436172
  0.46663933134413271  0.47532556851917290  0.48372682796524824  0.49211156986896276
  0.50073804276658285  0.50965096315786484  0.51872244297125791  0.52793692567432182
  0.53719029682253494  0.54618123216317416  0.55548409507399643  0.56474846077667329
  0.57410322209022246  0.58316638905486951  0.59189465339912950  0.60055045918028971
  0.60939243142883093  0.61840156913186972  0.62741890117110677  0.63613970061458336
  0.64443093276638086  0.65284720354944548  0.66144043991042811  0.67049230650885538
  0.68034818331240732  0.69038980961824670  0.70010452222874120  0.70973831768282158
  0.71890941425578625  0.72786062872174329  0.73713497242362569  0.74708666556283509
  0.75810605106095830  0.76943828932750669  0.78080402592394860  0.79231819004762860
  0.80373010645583531  0.81468280398883364  0.82546298401363316  0.83600822391255258
  0.84727680535041716  0.85862361588976510  0.86988048163610698  0.88099453764435898
  0.89226085303479852  0.90397117665935445  0.91694216495952474  0.93120644965895838
  0.94537222974259183  0.96016028919614094  0.97788901133269668  1.00000000000000000
 -0.00242935197699065  0.00899054271348122  0.01914074991635336  0.03012097544903662
  0.04132142812165607  0.05251590930910892  0.06329550941347845  0.07373892025129601
  0.08403778514657334  0.09416130302408296  0.10432839800745015  0.11470809939929166
  0.12523500331327428  0.13598531958215082  0.14692689278005644  0.15811285381924106
  0.16919272629747062  0.17958968576426498  0.18945457372321578  0.19916004610676435
  0.20922788733671821  0.21966132402649022  0.23039043234502887  0.24165696499241593
  0.25313499008201334  0.26493078751989657  0.27758446583489454  0.29027439196606886
  0.30243165078550638  0.31375637791404271  0.32488620029726062  0.33609650569353161
  0.34763116472071615  0.35913159146685047  0.37034608976212058  0.38086664663668368
  0.39106435826393693  0.40161087261891459  0.41276281790789715  0.42395910130512299
  0.43513132922164527  0.44598578643800796  0.45696323820655155  0.46715292652982454
  0.47715016209846739  0.48745916649497262  0.49819394339150819  0.50878301315941077
  0.51889149697699000  0.52865217386165797  0.53861535858129506  0.54844753359068932
  0.55786959348259446  0.56687094106825830  0.57615003383013252  0.58627651198842989
  0.59676844140385410  0.60685520809420235  0.61673328430894581  0.62687795268828517
  0.63775226904429183  0.64847116419962370  0.65901736370710584  0.66942673697604183
  0.68018102247674994  0.69112538700213177  0.70201642977613188  0.71258280431362542
  0.72287678794212284  0.73346587931569829  0.74421861334136530  0.75488202792150927
  0.76572961550320362  0.77688199670699021  0.78853469972957690  0.79974861126349772
  0.81028360680993861  0.82030029358067824  0.83004290225036559  0.84021400422881687
  0.85111557460177301  0.86218573377961416  0.87294692778018168  0.88332222431786878
  0.89364508264166098  0.90253606562428468  0.91091079637490924  0.91952963096020424
  0.92870929060547114  0.93805236279637216  0.94744710158651058  0.95694336607495789
  0.96719212167288093  0.97734209785813564  0.98823385193154245  1.00000000000000000
  0.66570295339164776  0.71896084454623888  0.76388819443357525  0.77184595094044539
  0.77792281682338704  0.78418141848923861  0.78965799834094075  0.79479303604710794
  0.80018614444757874  0.80529774823320455  0.80970529290053561  0.81387137812015886
  0.81789272575480565  0.82167921500406949  0.82542600575668512  0.82904795133532849
  0.83276921522662872  0.83654065144424250  0.84015102664499097  0.84360158210499880
  0.84693923805540516  0.85024806469064063  0.85353213839429654  0.85661375318360611
  0.85978356690708024  0.86307331612942784  0.86646534030161260  0.86971587269651418
  0.87296147793076839  0.87605309068581305  0.87903522805214629  0.88186623170373479
  0.88462727662064256  0.88729968583786101  0.88989995190975157  0.89242382917666108
  0.89489089134687660  0.89729760084865806  0.89960649487071565  0.90188494323531621
  0.90419297029121826  0.90656683154458761  0.90898502123402325  0.91134968989801246
  0.91364847540395855  0.91587309936609818  0.91794818307207970  0.91989409142254697
  0.92181449115541869  0.92374876920304450  0.92572587087074587  0.92776002540382341
  0.92972974795050733  0.93172504854611549  0.93377719943802506  0.93583673549047031
  0.93780295779692469  0.93967552548456978  0.94135617116093329  0.94314484708710811
  0.94496728290005994  0.94681787288740105  0.94868543229240920  0.95041754155268743
  0.95208247268021540  0.95375870657241935  0.95543642150368602  0.95707269512391524
  0.95866556140818326  0.96021522860942321  0.96177167843545697  0.96332131859404235
  0.96490165243302339  0.96645508090407584  0.96798940033562053  0.96947829980781575
  0.97094406437768532  0.97239596695159725  0.97384853436781338  0.97532371093644366
  0.97683275957950100  0.97835566335748203  0.97986655127478972  0.98134309854301116
  0.98278985626009407  0.98424288649010250  0.98567417888282427  0.98705178308172026
  0.98838935959952967  0.98976939887230109  0.99117519498477635  0.99263194696577584
  0.99417641428213155  0.99587043710439616  0.99783646444568397  1.00000000000000000
 -0.01696148721008577  0.11581551144272434  0.14939570408519906  0.17359980058410299
  0.19355464319259025  0.20850123616072180  0.22073948869915794  0.23128861203538442
  0.24135758645980174  0.25130283736845888  0.26158326452216824  0.27160120533637977
  0.28109878565102714  0.29017875716248204  0.29869043233575321  0.30694520976652345
  0.31450725268443241  0.32108419127231141  0.32741470244285409  0.33352533390259814
  0.33967561314416123  0.34618560927870834  0.35320453179811834  0.36041584840045648
  0.36745161388987196  0.37423728599876532  0.38077639468580166  0.38720959117931686
  0.39356603562551479  0.39964130754522870  0.40548416598733866  0.41117959961625078
  0.41695913319049815  0.42275885691343157  0.42795932655158819  0.43317372712924362
  0.43832769131853322  0.44381333818158847  0.44979782634462456  0.45583008215964677
  0.46183115110384071  0.46781062294050196  0.47321752850832560  0.47836909094181734
  0.48348737537807263  0.48869871103703072  0.49426470664073785  0.50008156597978259
  0.50596157136135933  0.51199411506449932  0.51796268684190772  0.52366295782888661
  0.52922033059533846  0.53475914984506590  0.54009301757894812  0.54564969953278597
  0.55130439280473398  0.55707296123690186  0.56264303405005633  0.56788123840477323
  0.57303447513194161  0.57835391900504030  0.58390792961685700  0.58983120926656085
  0.59546599358836916  0.60089391380647972  0.60619987491983141  0.61203024183421051
  0.61794438137592500  0.62368322917305041  0.62927395931985797  0.63500990357311815
  0.64093784352670125  0.64720689344379134  0.65409149699700786  0.66096035515119944
  0.66783607526700206  0.67504305184010360  0.68217692245444927  0.68938988201315177
  0.69671996814219328  0.70450955052431352  0.71319875272029010  0.72290598910147041
  0.73302555177162265  0.74263300315870107  0.75233720703009233  0.76226809373222137
  0.77368335694755042  0.78595505363313956  0.79918500594232245  0.81364829419741025
  0.83016059555087762  0.84905859042283482  0.88380208222525170  1.00000000000000000
   1.7931009950008721E-008  -1.0000000000000000     
 F F F F F F F F F F F F F F F F F F F F F F F F F F F F F F F F F F F F F F F F F F F F F F F F F F F F F F F F F F F F F F F F F F F F F F F F F F F F F F F F F F F F F F F F F F F F F F F F F F F F F F F F F F F F F F F F F F F F F F F F F F F F F F F F F F F F F F F F F F F F F F F F F F F F F F F F F F F F F F F F F F F F F F F F F F F F F F F F F F F F F F F F F F F F F F F F F F F F F F F F F F F F F F F F F F F F F F F F F F F F F F F F F F F F F F F F F F F F F F F F F F F F F F F F F F F F F F F F
  <DiscreteSampler_grid>
  grouped_processes
  1 # 1 for a reference and 2 for a running grid.
  10 # Attribute 'min_bin_probing_points' of the grid.
  1 # Attribute 'grid_mode' of the grid. 1=='default',2=='initialization'
  0.0000000000000000 # Attribute 'small_contrib_threshold' of the grid.
  0.5000000000000000 # Attribute 'damping_power' of the grid.
 # binID   n_entries weight   weight_sqr   abs_weight
    13   10   4.152440115201229E-005   7.642123114785514E-009   4.152440115201229E-005
    16   10   5.285611155107016E-005   1.236069104493733E-008   5.285611155107016E-005
    22   10   4.190847009565128E-005   8.342707995949990E-009   4.190847009565128E-005
    25   10   5.412555960730538E-005   1.417126182028542E-008   5.412555960730538E-005
  </DiscreteSampler_grid>
