 -0.00196795235556532  0.01169419113215280  0.02298817817546129  0.03419494714676034
  0.04578937224922416  0.05705827992843806  0.06797053193574470  0.07879268230663099
  0.08976789479102845  0.10132574737567311  0.11359694725013449  0.12674482024028591
  0.14049880384192681  0.15429452664916002  0.16801062715757986  0.18195544195005264
  0.19550512357477964  0.20838858027152887  0.22029325917381926  0.23151680288749979
  0.24190887677129830  0.25199854813362055  0.26153435254032609  0.27116792278598506
  0.28078588912911234  0.28968112332438367  0.29915498147379271  0.30879284812636310
  0.31943763937951863  0.33089738960162457  0.34241516058934107  0.35441322730938063
  0.36577945844956428  0.37684038116228191  0.38783290738976878  0.39887655212514955
  0.40941463214886115  0.41772643722271890  0.42568322546589316  0.43342887923097001
  0.44212926064830205  0.45257877578200179  0.46365851707959194  0.47465828474305055
  0.48563708695584146  0.49665814879503617  0.50776337061923327  0.51764056769119193
  0.52733139406946505  0.53641997893541515  0.54645957785798926  0.55696184823870065
  0.56836158317322161  0.57932161969256735  0.58971348344129793  0.60020124068286529
  0.61170027874386701  0.62342056255972089  0.63470435748538501  0.64573471515126590
  0.65670768010643410  0.66805259626096702  0.67897457927433236  0.68888945456406603
  0.69783917433102782  0.70662883833197032  0.71615708373187037  0.72692703970426509
  0.73855955473586676  0.75059783842553363  0.76272735066636155  0.77449046566522883
  0.78562810644062153  0.79628389366317487  0.80667940761164336  0.81643407674344715
  0.82632699554509426  0.83662331899441378  0.84736381918519166  0.85735052036635317
  0.86672177414335627  0.87700670053116780  0.88788982302112451  0.89895159607944619
  0.90954554045018610  0.91952337401809525  0.92915598218065509  0.93844851083468039
  0.94753808449912347  0.95607079717986732  0.96431333672257991  0.97293618271934479
  0.98110490559420771  0.98805922948764402  0.99424183428775137  1.00000000000000000
  0.00000156177174422  0.00000200839647738  0.00000207924792905  0.00000214709819298
  0.00000221586392804  0.00000229512780585  0.00000239247306622  0.00000248869984602
  0.00000260386866559  0.00000272293159029  0.00000284496540145  0.00000297971159418
  0.00000313155825435  0.00000329014265019  0.00000346110336378  0.00000363279837410
  0.00000380707592654  0.00000398601016560  0.00000416761397595  0.00000435382267369
  0.00000454938989678  0.00000474208446989  0.00000493214998048  0.00000513086627120
  0.00000532143968535  0.00000553064147326  0.00000574445901237  0.00000598758959748
  0.00000625940213440  0.00000655897174676  0.00000689041822993  0.00000721384722008
  0.00000750642237375  0.00000783612356870  0.00000818308207815  0.00000854290329299
  0.00000902472617752  0.00000955754882374  0.00001009258066467  0.00001063207907276
  0.00001117483151469  0.00001173348624578  0.00001231797316728  0.00001290424801416
  0.00001349668329790  0.00001413806929257  0.00001476747382301  0.00001542047227619
  0.00001611753149266  0.00001686687846402  0.00001807871126764  0.00001927093462360
  0.00002053105711565  0.00002184533740889  0.00002319198531607  0.00002465293691760
  0.00002614306893462  0.00002785142246324  0.00002980801976740  0.00003192578723185
  0.00003451367483369  0.00003729240338035  0.00004007662814794  0.00004303691482724
  0.00004635257223367  0.00005009536134861  0.00005433390467432  0.00005906748200100
  0.00006420978044369  0.00007025110719974  0.00007715336610383  0.00008522783645795
  0.00009513294311411  0.00010746912902730  0.00012209988655008  0.00014044094729341
  0.00016202253035453  0.00018456797182142  0.00020726791807758  0.00023049930160759
  0.00025672890540680  0.00028839058556273  0.00032258958987017  0.00036700206535651
  0.00042403755390956  0.00048419962250559  0.00054869871125293  0.00063316459826173
  0.00076760902659862  0.00102613388514273  0.00145983273969289  0.00263893050579224
  0.00474303694333493  0.00899657847366439  0.04897806087998512  1.00000000000000000
  0.00000499356627659  0.00000553663577636  0.00000576832940418  0.00000600824678410
  0.00000619614434870  0.00000644354901175  0.00000694597468400  0.00000729515565526
  0.00000750374221918  0.00000771174597860  0.00000792692927625  0.00000816629872218
  0.00000841388982617  0.00000869337880903  0.00000898620212396  0.00000929958803514
  0.00000963773269854  0.00000994695514171  0.00001027213804767  0.00001064740393555
  0.00001102748789989  0.00001138487282122  0.00001171406258096  0.00001207208031968
  0.00001244011536717  0.00001289600477057  0.00001340579786566  0.00001402713933448
  0.00001474141631785  0.00001542693021917  0.00001608689300998  0.00001680523041186
  0.00001760971789834  0.00001855000589872  0.00001956904248072  0.00002060936721842
  0.00002171442151633  0.00002294132845091  0.00002445894295113  0.00002613802328428
  0.00002795836393597  0.00003004905923740  0.00003246243676428  0.00003551125727899
  0.00003894537836724  0.00004270494760602  0.00004688453369928  0.00005220721085695
  0.00005820777410701  0.00006511452493200  0.00007241468055895  0.00008062328156319
  0.00008957128103618  0.00009950353324381  0.00011073000225385  0.00012363097687458
  0.00013950257178990  0.00015843298019473  0.00017866718583235  0.00020139458033660
  0.00022625596487363  0.00025195536444823  0.00027655259042261  0.00030294223830682
  0.00033257456319395  0.00036653178781794  0.00040315908621598  0.00044142935342407
  0.00047847993985423  0.00051617822326819  0.00055568980464551  0.00059687740891435
  0.00063700134604509  0.00067920874531405  0.00072871162672637  0.00078651353628913
  0.00085387597787406  0.00091377976146490  0.00096506547698827  0.00103145663988154
  0.00112337478066658  0.00121958327600362  0.00126784870527536  0.00131946444883982
  0.00137258018959809  0.00144122231770743  0.00152186205793457  0.00167224448402050
  0.00187529988891397  0.00207782899243324  0.00240267554076960  0.00285413661785311
  0.00350060478069620  0.00435396544923706  0.03315178136182689  1.00000000000000000
  0.00000195221524654  0.00000348547521513  0.00000376593859837  0.00000399648054924
  0.00000423376513490  0.00000447574057256  0.00000471657445522  0.00000495154204038
  0.00000519176382203  0.00000545802962503  0.00000576427126443  0.00000611008580026
  0.00000645945087562  0.00000678088961496  0.00000710309025914  0.00000743753897322
  0.00000780471134633  0.00000819879491897  0.00000858317200848  0.00000899453536607
  0.00000941800999485  0.00000983565871824  0.00001026462402949  0.00001070977558578
  0.00001117343746666  0.00001167846588480  0.00001223491308962  0.00001282812025284
  0.00001344533169896  0.00001403019002200  0.00001463006902129  0.00001522137895001
  0.00001580476571554  0.00001640960775769  0.00001706128409352  0.00001781795978229
  0.00001865123654393  0.00001948527404657  0.00002047368311327  0.00002155343658557
  0.00002264031812080  0.00002379837154282  0.00002507035400333  0.00002642838927054
  0.00002786129317771  0.00002932926527129  0.00003090722936257  0.00003258801470007
  0.00003435220636008  0.00003616351272804  0.00003775721062318  0.00003942083223343
  0.00004120473021210  0.00004329636389450  0.00004589244343617  0.00004875725089799
  0.00005177892666043  0.00005502163966979  0.00005845443004116  0.00006260521380786
  0.00006682841716236  0.00007141720461504  0.00007583535479756  0.00008069307350211
  0.00008588305320439  0.00009161177000116  0.00009865793075259  0.00010669481619130
  0.00011644485456954  0.00012626148208055  0.00013662359142740  0.00014835665045996
  0.00016272513785577  0.00017759212374038  0.00019447003118044  0.00021289621580044
  0.00023389297672029  0.00025826272899905  0.00028501005249924  0.00031503110876774
  0.00034892078794495  0.00038886214719066  0.00043735167112877  0.00048931757418145
  0.00054717669717625  0.00061481364079223  0.00069893654893314  0.00081489940676960
  0.00096560812458569  0.00114274292886692  0.00134896565825380  0.00161065790461547
  0.00210699725831718  0.00313727664469926  0.03794855530046822  1.00000000000000000
 -0.00192753569963625  0.00743034051463240  0.01657400202981957  0.02600323759346688
  0.03611986684127057  0.04519113456670999  0.05312586609072120  0.06115464966986890
  0.06972045169770894  0.07893002666213132  0.08920912257957997  0.09981175163968846
  0.11015690001696531  0.12027270337396793  0.13030390775873649  0.14039921734002567
  0.15110505598764001  0.16193142838662300  0.17368132122601329  0.18609001807328604
  0.19852976098156733  0.21001549283112017  0.22099766801798651  0.23096376580235012
  0.24133850914966445  0.25125316822787458  0.26237602204230925  0.27295609474041921
  0.28292340096323082  0.29246146588531852  0.30162352411081550  0.31069505577380607
  0.32019644788957113  0.33076257572864026  0.34244001366071458  0.35276367109478712
  0.36269204999904597  0.37309244521803936  0.38510227054907831  0.39815826932946569
  0.41140460382578864  0.42506956909405635  0.43767937555935321  0.45013250151820772
  0.46254660477723925  0.47440951572914475  0.48573387952372521  0.49605754781389466
  0.50617532960619105  0.51680906568775564  0.52749283477242725  0.53847175103915945
  0.54966555091546265  0.55998881121738686  0.56883039945714053  0.57679196233575925
  0.58486046317724560  0.59374111373014204  0.60356775300846222  0.61408623959991415
  0.62457613444150839  0.63509796405612307  0.64513552621926695  0.65512233175858581
  0.66432100324289245  0.67352542353855582  0.68292888817025621  0.69312566995014024
  0.70508153026978904  0.71659141186614894  0.72730271661204937  0.73694134021062707
  0.74593064884130089  0.75480332041920983  0.76495410902076522  0.77562349089654448
  0.78633855318705514  0.79723351439149104  0.80825488207211715  0.81973913923789465
  0.83072416059079845  0.84157602987021585  0.85229052110255887  0.86294192018166960
  0.87346706633504989  0.88493458354990484  0.89618058448812321  0.90664339719892495
  0.91675790611056707  0.92723742199472314  0.93876840418141128  0.95103344296532399
  0.96238905343677261  0.97386100784649243  0.98567003961926369  1.00000000000000000
 -0.00272662901455606  0.00893260745861937  0.01775895817868075  0.02619566076001412
  0.03499310874859191  0.04384928083105032  0.05423614098721166  0.06433760034017920
  0.07397700659596834  0.08368945316918622  0.09368275914010074  0.10446341909930906
  0.11491038594411029  0.12526672431477073  0.13657714383755581  0.14781544600804405
  0.15732374177368164  0.16692759922660802  0.17653751110858135  0.18671836159053590
  0.19661324401757505  0.20660337491118547  0.21748707419635716  0.22840215392176424
  0.23892621038809447  0.24976069941755882  0.26146257531527256  0.27325716677671841
  0.28429789951262585  0.29427639597179467  0.30442427432232388  0.31382331193763968
  0.32407109740803253  0.33508124102570558  0.34592351129896359  0.35631294671003755
  0.36669539605430634  0.37740904174737094  0.38790817550399903  0.39748707835445424
  0.40561810443304580  0.41318895746482032  0.42093410413970533  0.42923655532673577
  0.43736161785410138  0.44540669389331239  0.45394738092236059  0.46485971897292622
  0.47859568971538102  0.49052084231482279  0.50198476348500165  0.51262337698170046
  0.52298131535910020  0.53384409349172190  0.54475705998896407  0.55607886848081811
  0.56661971450014659  0.57616294341762164  0.58571402149005913  0.59452771091902368
  0.60473006790197625  0.61556740106356689  0.62917728333056255  0.64400171168837295
  0.65477828670526417  0.66431771267587036  0.67312528195919896  0.68209259100657271
  0.69193737816944478  0.70274954154781344  0.71466253192637408  0.72578755322569632
  0.73584286092060547  0.74610558701086227  0.75710999588100658  0.76929805563811793
  0.78194315775699019  0.79432795421338454  0.80619726547159554  0.81816603975571434
  0.82965722875421988  0.84087171309465070  0.85225838377818175  0.86434078113133783
  0.87681430217379885  0.88963715678954625  0.90113833466362014  0.91220100868597498
  0.92245882879107710  0.93264005944155171  0.94221087878140941  0.95273176107573698
  0.96467005362655622  0.97804145196756620  0.98922823164567009  1.00000000000000000
 -0.00265911864874643  0.00802814514106880  0.01806100524827589  0.02727776196651711
  0.03658758368133494  0.04678814010185203  0.05741515730278819  0.06800705420330852
  0.07728429320557414  0.08612402093959981  0.09428926321687427  0.10314457336607619
  0.11216713118687340  0.12164416202470005  0.13284563768323265  0.14424497573609837
  0.15438740590041458  0.16307573814874274  0.17169925030961553  0.18082666360376931
  0.19071357642443129  0.19890085017310680  0.20748606356865093  0.21733908730356283
  0.22908048108287707  0.24073083519393279  0.25263750298503673  0.26422778183076900
  0.27569698989389302  0.28757878523096475  0.30036789928493268  0.31344737022760139
  0.32614657288012849  0.33810860330940823  0.34975720099023871  0.36080330910866254
  0.37229373891507878  0.38472637760174094  0.39708203609725801  0.40890716934636356
  0.42073352160176658  0.43293614652030521  0.44207905379519619  0.44868558952066978
  0.45463555034690173  0.46049296656559408  0.46782906564337412  0.47778848718698025
  0.48813141473876864  0.49752789852204637  0.50780853476357835  0.51951473127340775
  0.53263790267799827  0.54645363704430405  0.55957824360307429  0.57278833043863120
  0.58502331568919685  0.59659653704596582  0.60766739584561735  0.61986123878517030
  0.63252125719602914  0.64491600713067276  0.65721639662937348  0.66919589422685588
  0.68064251430250078  0.69209207167633302  0.70361446825582019  0.71530018607350521
  0.72698832284271198  0.73765781416343457  0.74795105070587653  0.75804535543713336
  0.76706081901795797  0.77602365668267159  0.78455459330864274  0.79382650880619132
  0.80403762000318046  0.81528802093497665  0.82639918913234622  0.83630658582956474
  0.84575904937955038  0.85613292299320909  0.86682458758767811  0.87706125617619746
  0.88681385418289649  0.89654689859562153  0.90638083250406409  0.91625707245184063
  0.92608204376026704  0.93622820924463279  0.94679946026644024  0.95766623955836805
  0.96827127723972028  0.97862356978617437  0.98908633401813106  1.00000000000000000
 -0.00004128405151430  0.00004274077157290  0.00029299975309743  0.00057567918364751
  0.00071532658011968  0.00084183520861272  0.00095879969990045  0.00107775947957347
  0.00119441453984578  0.00130020823309582  0.00140573738809051  0.00150696357385767
  0.00160818975962483  0.00170728548261574  0.00180583086691748  0.00191359519300813
  0.00203419189974110  0.00215991667930276  0.00229446316545747  0.00242875148958326
  0.00256281064139524  0.00270963263964324  0.00286161623441815  0.00301758063751221
  0.00316522382212702  0.00330823657685602  0.00345162824397225  0.00359183130809495
  0.00372336128473445  0.00386627673690007  0.00402425438715395  0.00418112303022968
  0.00434876610296761  0.00455073592488090  0.00472521119866146  0.00489308912672760
  0.00505794080183468  0.00521483755566757  0.00536734074814791  0.00549312555413178
  0.00561834583262481  0.00574736254216004  0.00587695626153285  0.00601753107010520
  0.00616044184621118  0.00636969406701915  0.00655648559319568  0.00671086302513290
  0.00682194452623316  0.00694073946578602  0.00706677220847070  0.00719967515819764
  0.00738677897330384  0.00762247795975643  0.00785812378152262  0.00809731603996449
  0.00835633803973380  0.00864239638483310  0.00895413601795035  0.00922967406974779
  0.00954556965532227  0.00984564735497543  0.01009648465980174  0.01025831452280531
  0.01042138455238957  0.01058605763680679  0.01075473920614432  0.01092742186272396
  0.01120860412992975  0.01143583542837676  0.01171206022858291  0.01199042845053609
  0.01226551262639075  0.01256631602148907  0.01282182431798066  0.01305517901992753
  0.01336936233338780  0.01375427744181527  0.01403830527859785  0.01434007414433131
  0.01471112558894938  0.01544554903438292  0.01607770377533867  0.01675346535094790
  0.01716871071664485  0.01743613521065065  0.01777892249128459  0.01811122782045892
  0.01852251384442401  0.01910496130343457  0.01971193047326430  0.02064089330324237
  0.02109623544066035  0.02563066596598193  0.16027384254731525  1.00000000000000000
 -0.00289674589752179  0.01538799361271242  0.03070579617429473  0.04572897709238363
  0.06033607873357164  0.07462674104641445  0.08886597851930306  0.10382360780859427
  0.11695072856819820  0.12986571256026527  0.14317598756223851  0.15683622616456369
  0.16833364387451902  0.17882167338523686  0.18875866019068413  0.19919635923577084
  0.21001609004603980  0.22078654156889455  0.23214404503585695  0.24350287918983035
  0.25519346802629539  0.26604143633022265  0.27654072566383442  0.28633394852578925
  0.29564108855978527  0.30493042304136941  0.31429530415055090  0.32314597137048590
  0.33177702908685502  0.34056462608900617  0.34948597946167576  0.35855284191404213
  0.36706778238277671  0.37469797468893695  0.38258238004006379  0.38959363666184821
  0.39652189519254827  0.40393135421659770  0.41104307838029064  0.41848884707965994
  0.42700876452024439  0.43586632843515888  0.44456050971177830  0.45346844673393305
  0.46283183838862352  0.47222862285422512  0.48250893191755423  0.49161120202206798
  0.50018211473761021  0.50829542023499219  0.51662261396062525  0.52540096810263448
  0.53479283803146471  0.54404149664802637  0.55276771327517715  0.56151198608660136
  0.57059265507414814  0.57927510629402301  0.58754619978620515  0.59495775860367128
  0.60284795880774111  0.60957773254716707  0.61740803549330703  0.62559028040484077
  0.63430993915200118  0.64467985992161059  0.65457020377771902  0.66417928469824028
  0.67385148688238017  0.68407180697311309  0.69522317546166501  0.70645959434397243
  0.71696927766680130  0.72657759465435034  0.73584961260058090  0.74541472949105814
  0.75617084645053578  0.76820982537321536  0.78024529388469999  0.79164237976208729
  0.80339086593903697  0.81622625550039085  0.83009440030431003  0.84321763049891429
  0.85602578943141849  0.86926842594539144  0.88380885121382602  0.89852507651178981
  0.91360284704899142  0.92622382278737081  0.93778763538621412  0.94999520601337040
  0.96277465622054348  0.97460103919603569  0.98701039360790743  1.00000000000000000
 -0.00007530120455436  0.00001881959488889  0.00011294039433214  0.00020706119377539
  0.00033355495697718  0.00046147731611273  0.00057552607139359  0.00063755323948912
  0.00069958040758465  0.00076840966377335  0.00083917392328859  0.00091064588518518
  0.00098250431431408  0.00105903463543857  0.00113942592901806  0.00122187510812469
  0.00130744452014346  0.00139236261903365  0.00147398744378062  0.00155561226852759
  0.00163371562705711  0.00171107166551475  0.00179189200305181  0.00187432773494230
  0.00195926836466136  0.00204485548284873  0.00213394194246607  0.00222320386361679
  0.00231280135176718  0.00240406944119889  0.00249762798987740  0.00258414294257578
  0.00266765419930162  0.00274842385410051  0.00282838984022926  0.00290118910761549
  0.00297090042764151  0.00303954073300592  0.00310577956759690  0.00317201840218788
  0.00325244995336628  0.00333659378837887  0.00343368765959561  0.00354957427677316
  0.00367176031599926  0.00380041345944150  0.00391580011206610  0.00402707317943350
  0.00413587333997207  0.00424377079209285  0.00436376134977706  0.00449060428561577
  0.00466878081767569  0.00486880100830292  0.00503767020205020  0.00516438973344901
  0.00529204976669582  0.00542049268604334  0.00554801508462019  0.00567496371839281
  0.00583082663401901  0.00599860589229747  0.00611518776012231  0.00623156666603034
  0.00634832440837011  0.00646856657923806  0.00658828508510543  0.00672443377452858
  0.00691596192373720  0.00721028252447829  0.00733395292297196  0.00745765792205362
  0.00758163929907143  0.00786608408700211  0.00797374526864445  0.00807447449675826
  0.00817392073546576  0.00827152528907497  0.00840032782952036  0.00853843107666941
  0.00865801896659605  0.00882816404833614  0.00899040180451905  0.00913514724289597
  0.00927313487455825  0.00940553553112070  0.00953191337662078  0.00972109837626500
  0.00998120555546620  0.01081445223134310  0.01440149829281065  0.01455833534943662
  0.01474310020670580  0.01986685650512114  0.14080776821395333  1.00000000000000000
 -0.00199773159841873  0.00974817385044350  0.01922926016172375  0.02928378962851841
  0.03903311811678910  0.05040847928164938  0.06120694724851555  0.07153067361727938
  0.08226757399846729  0.09329845479124156  0.10279001721913839  0.10994969381318111
  0.11658510959062952  0.12360534143621456  0.13171912441172814  0.14215794626641937
  0.15296992088029243  0.16308554257259539  0.17334676250290698  0.18312146555112335
  0.19251590385601591  0.20229363837561998  0.21315877252300158  0.22573118003543383
  0.23728355609024623  0.24717781511113635  0.25666736520538636  0.26637866721131248
  0.27742815094187473  0.28901580726455744  0.30003268657298110  0.31020988391292242
  0.31981527179844715  0.32973253519131551  0.34037340951533085  0.35225293587179224
  0.36521954932032080  0.37838566701933352  0.39158407495073216  0.40507061912719478
  0.41907274607076062  0.43259596803021172  0.44271907252267029  0.45162742399722583
  0.46057935701866826  0.46968803787322355  0.47877621976430684  0.48720702815618461
  0.49504086441781459  0.50302909272994012  0.51244712199464981  0.52359384909540663
  0.53556353952677305  0.54755707921049290  0.55975657617265295  0.57189417955970046
  0.58364787739346047  0.59483938713614803  0.60548850433476797  0.61601631158487169
  0.62701839648228619  0.63829328678956332  0.64892048527152235  0.65902714964064579
  0.66886932491097828  0.67851216621149157  0.68857989959687338  0.69916763868619192
  0.71037635074699124  0.72192986639032808  0.73272556081295881  0.74204213414721010
  0.75131485936747122  0.76067906293090870  0.77085444375839873  0.78286197733527429
  0.79541941838388397  0.80708329745197682  0.81945391100258724  0.83056700910864178
  0.84079087034822797  0.85028731432463101  0.86012152756381477  0.86984589850170757
  0.88043007378501237  0.89209506924337878  0.90382510538244243  0.91377280661112270
  0.92347430156294019  0.93361884331834100  0.94431821310726483  0.95619081111779902
  0.96816400067243713  0.97959230464235547  0.98975675311769873  1.00000000000000000
  0.70761854467171603  0.76291907907576451  0.77041159812999915  0.77404247672149218
  0.77693941747675521  0.78005816468119582  0.78403532811691135  0.78792642076024944
  0.79172310423169645  0.79517899743740816  0.79846095142179552  0.80144478456447410
  0.80430457314186343  0.80732482818466789  0.81072566520510980  0.81402453998032920
  0.81740608751600785  0.82076076122936048  0.82430672371418279  0.82710343213450888
  0.83008890116868295  0.83273659871672523  0.83540816354727909  0.83797255566860795
  0.84055240370883000  0.84317931574082539  0.84597656139274502  0.84876733866911092
  0.85134473769698027  0.85380672014652614  0.85598524066236947  0.85813554931677716
  0.86056911863380148  0.86318490943559456  0.86580223144790192  0.86837354100354203
  0.87091603248070759  0.87347342048986210  0.87626851780479309  0.87892147974318835
  0.88148506828968265  0.88403662686350426  0.88673666434277165  0.88937026852836476
  0.89196285033125733  0.89448777506953692  0.89703868187075841  0.89962892941296724
  0.90211712904502572  0.90450856644705369  0.90681129964600371  0.90916978419686301
  0.91160668510890075  0.91425741394878235  0.91669973540974881  0.91906743813811498
  0.92127908220704802  0.92350893416544921  0.92569255949824525  0.92779247975496093
  0.92996024307933767  0.93200742670283188  0.93431631678970450  0.93654170896950983
  0.93860017360210435  0.94045700968775137  0.94214870317917043  0.94383180149257850
  0.94561756892480531  0.94739252133265950  0.94913328988329848  0.95089255739432255
  0.95278164488139849  0.95464979389663274  0.95637905882430041  0.95808649063928986
  0.95964864208868428  0.96123120070741641  0.96286345654596328  0.96470052649248894
  0.96653361735315946  0.96842913990669022  0.97037796369711282  0.97232830505919166
  0.97430112665862667  0.97638678699536452  0.97869010416506708  0.98087936823099564
  0.98290320013714616  0.98481287163461950  0.98670295836420141  0.98889912270814018
  0.99135086538186401  0.99398137946868159  0.99688428965638032  1.00000000000000000
  0.03819071323151570  0.11044058404702543  0.13115563193685209  0.14422942285661017
  0.15367916382006414  0.16272109024634157  0.17208703255935673  0.18177295782818281
  0.19015949861407516  0.19618705802529388  0.20225914471504242  0.20793453907420889
  0.21376401493271363  0.21939607524799065  0.22498455204008444  0.23093435597638953
  0.23664330541944481  0.24196928411022470  0.24720439888649301  0.25297562906114901
  0.25898165975926513  0.26525367003051015  0.27165705069974722  0.27787851961337084
  0.28341381316564440  0.28881869838546098  0.29393710098603631  0.29880290848167917
  0.30357366407269060  0.30762160911715380  0.31216164168901950  0.31691335420880429
  0.32234594880013240  0.32909042985001574  0.33684702104731856  0.34428001763713151
  0.35145224036573308  0.35811312404090956  0.36442347674021580  0.37047733585509207
  0.37634273916419131  0.38222360476237666  0.38836118642365153  0.39484094067114589
  0.40151725858117376  0.40778961296935207  0.41354828456809406  0.41929232968743863
  0.42517118157262518  0.43130087684920221  0.43724734130829457  0.44290906441323036
  0.44831161408641124  0.45366647207238814  0.45941846105678003  0.46552076240214446
  0.47172517784575602  0.47791098643582941  0.48417357554801205  0.49107588125051804
  0.49781802886114196  0.50415189519513515  0.51036957016894646  0.51678111533947624
  0.52362792570784356  0.53099201115620209  0.53839538363447681  0.54586307044235916
  0.55284126012904422  0.56001089899354684  0.56756168582393418  0.57508540646358375
  0.58236529876529719  0.58995758635646300  0.59833625124566914  0.60722179729537451
  0.61613018534896435  0.62495929717032983  0.63388994153210643  0.64312246700884512
  0.65263489137535757  0.66218202125439451  0.67184965499459970  0.68245962381691949
  0.69327333050650419  0.70490203889142056  0.71760624280844487  0.73351082735091422
  0.74855893915600957  0.76382261999369061  0.78079743439950999  0.80034813312812414
  0.82080334957294043  0.84504237735227927  0.88419817103249165  1.00000000000000000
   7.6331198186133776E-006  -1.0000000000000000     
 F F F F F F F F F F F F F F F F F F F F F F F F F F F F F F F F F F F F F F F F F F F F F F F F F F F F F F F F F F F F F F F F F F F F F F F F F F F F F F F F F F F F F F F F F F F F F F F F F F F F F F F F F F F F F F F F F F F F F F F F F F F F F F F F F F F F F F F F F F F F F F F F F F F F F F F F F F F F F F F F F F F F F F F F F F F F F F F F F F F F F F F F F F F F F F F F F F F F F F F F F F F F F F F F F F F F F F F F F F F F F F F F F F F F F F F F F F F F F F F F F F F F F F F F F F F F F F F F F F F F F F F F F F F F F F F F F F F F F F F F F F F F F F F F F F F F F F F F F F F F F F F F F F F F F F F F F F F F F F F F F F F F F F F F F F F F F F F F F F F F F F F F F F F F F F F F F F F F F F F F F F F F F F F F F F F F F F F F F F F F F F F F F F F F F F F F F F F F F F F F F F F F F F F F F F F F F F F F F F F F F F F F F F F F F F F F F F F F F F F F F F F F F F F F F F F F F F F F F F F F F F F F F F F F F F F F F F F F F F F F F F F F F F F F F F F F F F F F F F F F F F F F F F F F F F F F
  <DiscreteSampler_grid>
  grouped_processes
  1 # 1 for a reference and 2 for a running grid.
  10 # Attribute 'min_bin_probing_points' of the grid.
  1 # Attribute 'grid_mode' of the grid. 1=='default',2=='initialization'
  0.0000000000000000 # Attribute 'small_contrib_threshold' of the grid.
  0.5000000000000000 # Attribute 'damping_power' of the grid.
 # binID   n_entries weight   weight_sqr   abs_weight
    19   10   7.028075946310874E+000   4.459678384457337E+002   7.028075946310874E+000
    20   10   7.028075946311006E+000   4.459678384457513E+002   7.028075946311006E+000
    22   10   8.404600832503869E+000   6.354855343945992E+002   8.404600832503869E+000
    23   10   8.404600832504014E+000   6.354855343946227E+002   8.404600832504014E+000
    25   10   8.913939056221261E+000   7.364227419549057E+002   8.913939056221261E+000
    26   10   8.913939056221432E+000   7.364227419549346E+002   8.913939056221432E+000
    28   10   1.204149923253624E+001   1.345988880870042E+003   1.204149923253624E+001
    29   10   1.204149923253647E+001   1.345988880870094E+003   1.204149923253647E+001
    34   10   7.028075946310871E+000   4.459678384457333E+002   7.028075946310871E+000
    35   10   7.028075946311008E+000   4.459678384457515E+002   7.028075946311008E+000
    37   10   8.404600832503869E+000   6.354855343945991E+002   8.404600832503869E+000
    38   10   8.404600832504018E+000   6.354855343946233E+002   8.404600832504018E+000
    40   10   8.913939056221256E+000   7.364227419549048E+002   8.913939056221256E+000
    41   10   8.913939056221432E+000   7.364227419549346E+002   8.913939056221432E+000
    43   10   1.204149923253624E+001   1.345988880870041E+003   1.204149923253624E+001
    44   10   1.204149923253648E+001   1.345988880870095E+003   1.204149923253648E+001
  </DiscreteSampler_grid>
