  0.00000136003964246  0.00000137714834585  0.00000140992517789  0.00000145236213070
  0.00000150144882526  0.00000155291642965  0.00000160706743858  0.00000166671489224
  0.00000172088020946  0.00000177918936103  0.00000183224516591  0.00000187605451369
  0.00000192365299763  0.00000197243887016  0.00000202422850288  0.00000209025609446
  0.00000215223241847  0.00000221991530948  0.00000228965355755  0.00000236544221714
  0.00000244389941588  0.00000252311709203  0.00000260698050025  0.00000269587408706
  0.00000279080552904  0.00000289006225664  0.00000299345510711  0.00000310761000884
  0.00000322150909935  0.00000334024438524  0.00000346442212332  0.00000359098478558
  0.00000372395623583  0.00000386809337473  0.00000401395721096  0.00000416004770403
  0.00000430975511313  0.00000446406101332  0.00000462075695864  0.00000478251382501
  0.00000495325220996  0.00000513364773472  0.00000532848078523  0.00000553690184050
  0.00000575831156051  0.00000597007202133  0.00000618121741483  0.00000640708506640
  0.00000666459218444  0.00000692576164279  0.00000717606383207  0.00000744064869440
  0.00000775064567668  0.00000808735564471  0.00000844097965853  0.00000883221846713
  0.00000926120011020  0.00000972366928125  0.00001022000917858  0.00001077666563718
  0.00001140559059247  0.00001206804014955  0.00001278568212233  0.00001350537970304
  0.00001425800952665  0.00001514275186940  0.00001617842141094  0.00001723356155884
  0.00001837529054066  0.00001956321861975  0.00002097050038380  0.00002263374292372
  0.00002464073933633  0.00002706872203517  0.00002968335944150  0.00003241596004649
  0.00003547848522778  0.00003927274015432  0.00004420470699011  0.00004984568973266
  0.00005563297367522  0.00006173412737091  0.00006953493454142  0.00007874852314691
  0.00009164855681262  0.00010833030613137  0.00012706442801464  0.00014983711600538
  0.00018009203168823  0.00022754585608737  0.00028803461234432  0.00037530237056641
  0.00055909798926461  0.00135675813591761  0.06793682468672117  1.00000000000000000
  0.00000010944746614  0.00000014240132791  0.00000016818805752  0.00000017459792420
  0.00000018264081474  0.00000019334742204  0.00000020250148287  0.00000021110608703
  0.00000021915679991  0.00000022641641435  0.00000023351270822  0.00000024100137767
  0.00000024878124334  0.00000025542890229  0.00000026395393296  0.00000027504278530
  0.00000028690971757  0.00000029931241929  0.00000031188935099  0.00000032406637951
  0.00000033794080625  0.00000035289019240  0.00000036849304289  0.00000038483823028
  0.00000040223380105  0.00000042315996855  0.00000044489648934  0.00000046419431426
  0.00000048215392136  0.00000050114016959  0.00000052524855442  0.00000055091515099
  0.00000057330142791  0.00000059662579040  0.00000061988947691  0.00000064596947128
  0.00000067416815877  0.00000070367081795  0.00000073656185368  0.00000078154625926
  0.00000083328457172  0.00000088470720340  0.00000093547706591  0.00000099007278394
  0.00000104728944250  0.00000110174700085  0.00000116284852449  0.00000122644560382
  0.00000129636137989  0.00000137099270191  0.00000144758914162  0.00000152855125125
  0.00000161780870254  0.00000173251865359  0.00000185155502580  0.00000196791217232
  0.00000211468255804  0.00000225072986672  0.00000240867694088  0.00000258742983287
  0.00000277430963639  0.00000299899600323  0.00000323863242362  0.00000349659849307
  0.00000378220276604  0.00000409271482832  0.00000445764377702  0.00000486217357615
  0.00000534859729158  0.00000587198287125  0.00000647955777160  0.00000722651850401
  0.00000810697278778  0.00000911329224695  0.00001025468511549  0.00001160918647686
  0.00001325051671107  0.00001524026286320  0.00001754009235718  0.00002041164595756
  0.00002403063169953  0.00002844280051303  0.00003387038421765  0.00004084427884274
  0.00004950838524039  0.00005996375180621  0.00007408079230713  0.00009195062539525
  0.00011678071769597  0.00015015286819893  0.00020836941911933  0.00032134329722684
  0.00058448204821434  0.00127318948558275  0.06256374016297472  1.00000000000000000
  0.00000634360999913  0.00001041060084280  0.00001167586827396  0.00001367554668226
  0.00001646457158378  0.00001978803100813  0.00002271202878691  0.00002506037587637
  0.00002714745362958  0.00002895636052754  0.00003058716480807  0.00003228121383483
  0.00003410372251406  0.00003591387223844  0.00003795932797963  0.00004000583685908
  0.00004212762330015  0.00004429175856250  0.00004653911230589  0.00004888150485546
  0.00005114631900219  0.00005381194094611  0.00005629724522042  0.00005906924274128
  0.00006209829930806  0.00006508932591980  0.00006863220335551  0.00007223042124435
  0.00007601300593165  0.00007982512610526  0.00008381236869391  0.00008781345926706
  0.00009199675309638  0.00009581892183746  0.00009958368789267  0.00010340329328705
  0.00010734509971250  0.00011168908496184  0.00011621211207066  0.00012069012663986
  0.00012548149635567  0.00013076728597831  0.00013592218243732  0.00014098841557245
  0.00014627863010800  0.00015267909655609  0.00015956291055969  0.00016676366808257
  0.00017393049785611  0.00018112046828705  0.00018873389473419  0.00019691370756744
  0.00020540733066563  0.00021431619738989  0.00022366758581866  0.00023456703270213
  0.00024682373244207  0.00025880044809062  0.00027159953219996  0.00028672392266063
  0.00030162158462671  0.00031621429329731  0.00033162190949424  0.00034851878246134
  0.00036765906846483  0.00038908270291802  0.00041142083996268  0.00043380970941767
  0.00045715296460402  0.00048321973302771  0.00051524056028366  0.00055235908873032
  0.00059227701288611  0.00063491032268103  0.00068735911462883  0.00075098315848482
  0.00082004320053593  0.00089926220522332  0.00099950426726656  0.00110790040029109
  0.00122811175692525  0.00134241902766351  0.00145597759426035  0.00152860834339816
  0.00159868348246953  0.00166573331064934  0.00177626520347168  0.00193683650377917
  0.00208176184306527  0.00239686369490906  0.00282447260734186  0.00343841353466264
  0.00426176560499734  0.00517205409574437  0.00757577704386398  1.00000000000000000
  0.00000154112855026  0.00000162538006475  0.00000169193948759  0.00000175015012428
  0.00000180912601073  0.00000187155892093  0.00000193922562011  0.00000201472109703
  0.00000209013271172  0.00000220400090473  0.00000233600931447  0.00000247212771226
  0.00000259856037711  0.00000272891950195  0.00000285551990859  0.00000298642815646
  0.00000313833492539  0.00000329669566103  0.00000346546909328  0.00000365708341161
  0.00000386091651609  0.00000407655386397  0.00000431420961933  0.00000454197297658
  0.00000477886101007  0.00000503621126286  0.00000530208684427  0.00000558824175399
  0.00000589703158629  0.00000619825809881  0.00000649325407505  0.00000683282388316
  0.00000716063505918  0.00000749399621100  0.00000785845932038  0.00000826794961959
  0.00000874811589888  0.00000930644986971  0.00000987949424640  0.00001044759198444
  0.00001099968063419  0.00001158219567841  0.00001219367001485  0.00001295013411814
  0.00001371279141986  0.00001455524677195  0.00001545761559340  0.00001644559269373
  0.00001756482808723  0.00001871747235265  0.00001989434618292  0.00002111557616133
  0.00002234090238872  0.00002359853794802  0.00002495081526923  0.00002637688611094
  0.00002830850728367  0.00003026847464175  0.00003229081406214  0.00003429891287375
  0.00003625018615090  0.00003832874625536  0.00004089164719538  0.00004380360489569
  0.00004698616722449  0.00005045475078428  0.00005436522147905  0.00005902007859071
  0.00006416768527651  0.00006921535444847  0.00007438179130025  0.00008025902052887
  0.00008715183570845  0.00009559715161625  0.00010537634474206  0.00011600271945658
  0.00012864837396193  0.00014415004531145  0.00016241582285619  0.00018147571084094
  0.00020229812077932  0.00022444021161549  0.00025096693360241  0.00028371156401926
  0.00032434395445260  0.00036629711475637  0.00040904379398390  0.00045221850406771
  0.00050038299398898  0.00057029456882849  0.00066122215840058  0.00085333120209330
  0.00123408726585026  0.00191376766969417  0.14882287396482005  1.00000000000000000
 -0.00239389051206866  0.00782157606808070  0.01623083858655299  0.02411241767670432
  0.03186462375977596  0.03975507429609053  0.04857622796401163  0.05726097243500380
  0.06560854397368000  0.07376067429491744  0.08255256001436488  0.09239769312608935
  0.10274606707501278  0.11332992939689690  0.12287129597566936  0.13009796324518599
  0.13738514656255091  0.14508760227632475  0.15401886772167664  0.16372870867390424
  0.17279574317479907  0.18124076603041955  0.18994015899344485  0.19868526990993496
  0.20706191127956622  0.21515402130137484  0.22340137389170203  0.23201362415777338
  0.24141167872223696  0.25124155314169350  0.26222129724723447  0.27412804554309717
  0.28649059062441384  0.29868592101451119  0.31070716493315775  0.32232030449795024
  0.33379316861429958  0.34533815209223911  0.35663246229663648  0.36805840316661681
  0.37987098168871231  0.39167831007429965  0.40264049164920029  0.41362344527009293
  0.42431884983216916  0.43441068977280728  0.44473511877222544  0.45661680307964103
  0.47103844657731586  0.48516009852641995  0.49889778960780390  0.51154517714640646
  0.52341723105063320  0.53431868512574532  0.54596981879505357  0.55843950514601437
  0.57134606077088057  0.58388699828746682  0.59500072464414522  0.60523052932292642
  0.61525774024607249  0.62536832523687635  0.63500883849897261  0.64443936359916087
  0.65492673578053162  0.66642224202983302  0.67827308141270803  0.69060230251117627
  0.70282671566947097  0.71363248936075685  0.72358846546721545  0.73395667325253255
  0.74542826379465854  0.75764658864587442  0.77017418154999662  0.78292196599243935
  0.79615716699037975  0.80805543554344028  0.82075470510842630  0.83299137094122999
  0.84493466859904787  0.85410314127677933  0.86402810935384999  0.87289529648029718
  0.88370163266834034  0.89483023108371296  0.90646482425755515  0.91770365941228604
  0.92860356772820041  0.93959587562614655  0.94991821884306171  0.96043116993960265
  0.97128530529768087  0.98098185439629360  0.99006607393070478  1.00000000000000000
 -0.00243711380798508  0.01143249351943034  0.02345820934688797  0.03410882177422674
  0.04477079973766031  0.05557122685116244  0.06647444487561494  0.07680905454032819
  0.08702729028177712  0.09742520444552373  0.10827910458908990  0.11943937429912294
  0.13000682586817508  0.14071269082591786  0.15181047452159058  0.16405112258920515
  0.17765861825650242  0.19207158611858022  0.20679854983179380  0.22044728937625269
  0.23107953860024089  0.24044659812418492  0.24939344228884139  0.25854570946290073
  0.26855499867946880  0.27861902314664289  0.28871676343797648  0.29881376733002857
  0.30876567025080709  0.31875718671783593  0.32834790908028266  0.33815374807126619
  0.34914103060835439  0.36244145139177958  0.37684673824349690  0.38930582109532924
  0.40110575263093512  0.41152159757900963  0.42118800248898552  0.43064872676252047
  0.43965689951734405  0.44920088988700974  0.45850199223482641  0.46794316116729046
  0.47700956505447095  0.48722873048025767  0.49664183714952376  0.50600375000018460
  0.51491999937493538  0.52361148999528806  0.53249360286588332  0.54200561404566094
  0.55206151667918701  0.56132173147705189  0.57031655759511435  0.57872847324603449
  0.58758439142227448  0.59739981078957960  0.60772550485126031  0.61755110198883523
  0.62691662296517381  0.63652987183073018  0.64685203927333546  0.65930739314280373
  0.67251387302488441  0.68547269593690174  0.69647868928612522  0.70649858582762215
  0.71679224272838393  0.72757930504815671  0.73870448905063935  0.74917794036051399
  0.75912464086888920  0.76877467715907066  0.77826708149878487  0.78807859348922582
  0.79811749790679221  0.80834339455940596  0.81918216992716808  0.82936699549611304
  0.83871468099885615  0.84822048605862044  0.85838681045357168  0.86951192348421702
  0.87951320904595376  0.88873461063793380  0.89786726876873391  0.90736844918598358
  0.91830940387536697  0.92953750607926799  0.94135072349301985  0.95398975895626237
  0.96590476609655407  0.97796170181825104  0.98873682715454447  1.00000000000000000
 -0.00246753119175530  0.01055668375479638  0.02101396488932434  0.03182311906978776
  0.04231081764072639  0.05432732187545317  0.06397382743486033  0.07337331425156254
  0.08242068145918323  0.09237705601794491  0.10364665829564731  0.11436208127397390
  0.12414766387102155  0.13398787436269827  0.14355988586889601  0.15388735288057220
  0.16540632258700277  0.17824661800283464  0.19120662999557747  0.20291679167769705
  0.21377795228542359  0.22471228072342153  0.23567761650005992  0.24664643456440785
  0.25740370036252330  0.26775702001669160  0.27750008808554649  0.28671917866885094
  0.29619153569611134  0.30639076839144203  0.31749283217873003  0.32854254877734462
  0.33856531748609103  0.34819119574416746  0.35821278624745539  0.36848986067114103
  0.37829976053033287  0.38731628091601356  0.39646352761151415  0.40734594358191900
  0.41915619535518123  0.43139167077376112  0.44354460090555048  0.45459270119085138
  0.46599891999329524  0.47656992868352632  0.48631742667866579  0.49520633425218141
  0.50417545118250784  0.51313522744674811  0.52236112261800949  0.53212525625776308
  0.54241854860399152  0.55364376661152237  0.56485320319776644  0.57560104565960579
  0.58458636821486853  0.59334274845028778  0.60205447055176409  0.61089757667765476
  0.62100639229787635  0.63179240477970788  0.64279923721858867  0.65409303013045972
  0.66487806530675286  0.67648640847044150  0.68768609722715413  0.69893370736044036
  0.71059404316229757  0.72252826949073723  0.73379260409641012  0.74414269880994754
  0.75464451571802638  0.76590396508407144  0.77752138781831526  0.78868371637136125
  0.79939231278770129  0.81024925320745644  0.82115268555868404  0.83232527630731390
  0.84448466810950151  0.85627732324133432  0.86936632711469530  0.88060107496514783
  0.89027969204151503  0.90061401175319822  0.91163001780091801  0.92282468540829210
  0.93432231018442646  0.94538927723370902  0.95535999868043064  0.96494355976749879
  0.97475587551146914  0.98404118813114416  0.99222121186097290  1.00000000000000000
 -0.00305639769313930  0.01162865433875255  0.02418959210291931  0.03636510165580583
  0.04774016940509369  0.05800816811036852  0.06816174037450591  0.07719999695515083
  0.08645176024098068  0.09640548309796101  0.10666863008085750  0.11745112391325471
  0.12847605141592022  0.14003234644452836  0.15109197522023049  0.16198565403552914
  0.17398121680859541  0.18473186881711989  0.19340331584208448  0.20143662630795198
  0.21054375028633068  0.22037805717446857  0.22997239390021559  0.23980191053770444
  0.25043657012522236  0.26353654337821214  0.27489521303383024  0.28416821600726244
  0.29291114592454870  0.30187121798847150  0.31142330386255473  0.32130138565024557
  0.33132582179297626  0.34263074648951208  0.35397922543883326  0.36494859217806008
  0.37581221352072930  0.38754307350949896  0.40022532250107756  0.41299107627828407
  0.42433158562111456  0.43402788132318415  0.44244657064006271  0.45027082950112751
  0.45910765955174077  0.46871147582742551  0.47840921727235963  0.48741870048146851
  0.49624187350273152  0.50473602446530719  0.51506282531386982  0.52399585861414733
  0.53347872793759599  0.54341623639018477  0.55470300960073249  0.56614683220300188
  0.57655908521732779  0.58695339788196121  0.59779880237830907  0.61005547158450735
  0.62169281645753904  0.63322394294415851  0.64387611415895185  0.65551918405324083
  0.66700144877503387  0.67879876580899412  0.69070155413745304  0.70219587982600584
  0.71292273857907162  0.72337880698078127  0.73377069347368695  0.74363159607475493
  0.75367993794227517  0.76370794061521119  0.77225617988841377  0.78101245183561940
  0.78981301887403255  0.79893838276742291  0.80893250217202772  0.81997230216589323
  0.83184079701868330  0.84384801193765879  0.85583705363020557  0.86887381623632298
  0.88204111084542736  0.89527632800088275  0.90871706482857273  0.92081732796451932
  0.93257870253611264  0.94222423493839313  0.95199317333138445  0.96108135444388998
  0.97039268373878440  0.98033939858751262  0.98999934814678903  1.00000000000000000
 -0.00106652072482425  0.00401805672214714  0.00846292278553480  0.01299118286749885
  0.01775984047373564  0.02300786878665515  0.02834930609074601  0.03419614314815099
  0.04059549932700924  0.04673173747464258  0.05297512268411703  0.05900463729161181
  0.06516422613930474  0.07165810322775071  0.07841780750019658  0.08515835578101713
  0.09104197922626092  0.09802385103393034  0.10457091817743741  0.11156319214967672
  0.11878655804161438  0.12592639903963665  0.13256312053802910  0.13913346407126725
  0.14596315149757549  0.15370569375845977  0.16107560361450637  0.16802872882825201
  0.17403080272117000  0.17946702586188798  0.18544522296682003  0.19158776808734307
  0.19897698971492545  0.20689221267511565  0.21476083207184818  0.22299175145346006
  0.23077512404324782  0.23884705798198122  0.24679389041024050  0.25475083417659278
  0.26315459406498370  0.27246711969083870  0.28126525756420995  0.28956108367586969
  0.29743996097351877  0.30587053118051005  0.31499177472292522  0.32424732764699193
  0.33373272706048629  0.34368109925659995  0.35371000748870535  0.36343657558991638
  0.37360126272066502  0.38479755988378472  0.39737204067679388  0.40886715457350836
  0.41930738195335404  0.42880352632650864  0.43893775974665455  0.44986643252535502
  0.46088309084501711  0.47216587056129411  0.48383072676183225  0.49541041250075069
  0.50590698634758513  0.51656602882886016  0.52798026959805933  0.54136061599649743
  0.55424010210249497  0.56615050265482181  0.57810115519114025  0.59089117516029865
  0.60484993689577271  0.61902026352488337  0.63268627760540852  0.64597315999715899
  0.66006182618240428  0.67339586509807348  0.68608099415078772  0.69787939923209386
  0.70986540712173241  0.72298144306929624  0.73790899692389478  0.75382031488469037
  0.77032739485979385  0.78734324552085089  0.80592776694408641  0.82564291836606141
  0.84530365946612696  0.86433607710633165  0.88500421473930990  0.90691362333014280
  0.92681547081375903  0.94831386404878115  0.97300385815656654  1.00000000000000000
 -0.00194201278581310  0.00862928771696881  0.01808371277469047  0.02895465677185268
  0.03896432732453937  0.04880196069627042  0.05840133595649163  0.06827159143035014
  0.07878951744844750  0.09050312982643842  0.10225909585512914  0.11423339086895488
  0.12620846965121843  0.13781901317548023  0.14861731839145986  0.15969252203516288
  0.17040280708940905  0.18104764466081411  0.19323657311794110  0.20528898369160234
  0.21686770536297864  0.22822063504654569  0.23965766763734175  0.25059160270934788
  0.26169407887419560  0.27198200924338217  0.28310144549263072  0.29523191180970143
  0.30882223244995655  0.31896011080541686  0.32807792574329570  0.33743710386517184
  0.34696600693119317  0.35654450721764985  0.36666006807552981  0.37702308467731632
  0.38920939192568993  0.40025746060052897  0.40937162192516580  0.41804558645289730
  0.42658596567432466  0.43644223454441372  0.44691817309852949  0.45708086398433301
  0.46643464128258599  0.47598023086843283  0.48559260904265006  0.49565295057510372
  0.50559482627479546  0.51596050204560295  0.52653140788892883  0.53700980053223357
  0.54736635124487731  0.55748270561131852  0.56850956503234262  0.58111845179546684
  0.59224066335196757  0.60324100198613761  0.61229225295760592  0.62121680680830094
  0.63121052215874962  0.64120791324901238  0.65072790433647520  0.66004115415398068
  0.67003688183873300  0.68026681738800865  0.69028808571483991  0.69996221976438910
  0.70973543718818510  0.71952148927397064  0.72932322357422130  0.73932877705414501
  0.74944417883696768  0.75963655572967825  0.77020840502043875  0.78232749755401176
  0.79511435587805757  0.80804079982906685  0.82020729497179534  0.83155615481099354
  0.84238769629125709  0.85349524022556666  0.86515928639552131  0.87632609917593052
  0.88687568569571340  0.89719646757330473  0.90749731108339615  0.91800828701423465
  0.92885248448024171  0.93969058857166821  0.94977985696401024  0.95953556900435333
  0.97000672214026562  0.97995875144880396  0.99022043444148378  1.00000000000000000
 -0.00232938386733255  0.00985782936721798  0.01982112447062052  0.02886769546226274
  0.03802793708226798  0.04745664946683170  0.05825567313324122  0.06827052191467527
  0.07662721495437835  0.08559986573125303  0.09333956990268964  0.10107635650101515
  0.10913818777309624  0.11844189176728852  0.12783269094570474  0.13857669017767707
  0.14984378312064806  0.16274678778523635  0.17392313101351389  0.18375571670764107
  0.19330435549797187  0.20321913775526337  0.21372094181530737  0.22446813123901288
  0.23484603484724842  0.24514374560887306  0.25570470942678170  0.26668996145148166
  0.27831850697264343  0.29085717167931269  0.30368065051619464  0.31593521659633983
  0.32714290581619210  0.33798938161609587  0.34840632799516186  0.35897264083033598
  0.36945175978461947  0.37999950322180104  0.39063485587119562  0.40121167567904864
  0.41267100128700729  0.42352154980819073  0.43476977447063664  0.44406450931023289
  0.45357785336214446  0.46358023668659498  0.47396852458407357  0.48384778555238900
  0.49243103377037667  0.50044179273668032  0.50873723242680957  0.51822379384636230
  0.52867384459822331  0.53909978009026738  0.54867610434899472  0.55757307229795572
  0.56625610205751620  0.57537387675615226  0.58524433209801174  0.59597880647098012
  0.60745503319867433  0.61976667739103075  0.63342420356897622  0.64840169696421712
  0.66332121071395067  0.67661330243395301  0.68872669705791445  0.70000482924660690
  0.71157475592877684  0.72352960824045653  0.73576734095057916  0.74695886450538806
  0.75709757843338399  0.76615335063176304  0.77671250002729386  0.78775919625374280
  0.79939524447694954  0.81115633228115525  0.82397286597139308  0.83625782167855534
  0.84785762856950009  0.85994464457644704  0.87247087067603990  0.88521623195645649
  0.89741244925048647  0.90958680318296337  0.92096649132641173  0.93122532721255447
  0.93911702102543115  0.94645372703175690  0.95393150561327889  0.96316225118333532
  0.97291759113505427  0.98200382248314999  0.99089947360274577  1.00000000000000000
  0.49592176718452480  0.50476368385350567  0.51160687560786067  0.52078596165418689
  0.53916359254004720  0.54663216978748630  0.55149268605677815  0.55476273006981303
  0.55756776842331701  0.56035744008555677  0.56411460292285831  0.56875690907786669
  0.57706710969892527  0.58312146425970135  0.58931646626805956  0.59605873507124940
  0.60354071946277255  0.61279153423117083  0.62306256371959345  0.63187353555372716
  0.63912493435460405  0.64612824325010743  0.65331543254653046  0.66078630166896724
  0.66785557546884444  0.67394841740511169  0.67961036996205282  0.68533805253693691
  0.69062213932718597  0.69517476606943041  0.69953453088093465  0.70350153682474159
  0.70731331329816494  0.71102328972046003  0.71475827917960111  0.71966903600829357
  0.72546596679992648  0.73093235807113277  0.73607306231688407  0.74101052939237566
  0.74572392719729019  0.75019180311691158  0.75544848721470381  0.76119810548334954
  0.76709913832169385  0.77256673869349435  0.77781066763146989  0.78258770128129540
  0.78725779776293503  0.79188859053995553  0.79633446563760879  0.80092035156515062
  0.80542016752813050  0.81021214221604243  0.81493484305087349  0.81973258091325452
  0.82478278811560812  0.82974627829755510  0.83461381626377640  0.83877296255882416
  0.84271403367034914  0.84660114850348256  0.85074789591759103  0.85479390599219340
  0.85835302013297132  0.86208204419736345  0.86582624297549959  0.86943831470383648
  0.87302208213246013  0.87690628338219556  0.88103418355476948  0.88536461332897776
  0.88949419760350323  0.89317818603303845  0.89675139810272098  0.90000416326688859
  0.90335197386587041  0.90680384882300358  0.91053369775553505  0.91463675512521347
  0.91927972440749972  0.92439593017403054  0.92934513556257814  0.93411051032543357
  0.93884506567514014  0.94362174452761538  0.94842394331309610  0.95332835428006701
  0.95846132216134172  0.96390810022826079  0.96946827410392022  0.97485637918028201
  0.98031620518431462  0.98597347720850526  0.99268836327242860  1.00000000000000000
 -0.01307068769824595  0.09951221483712128  0.12075352959036013  0.13307981380770281
  0.14255246414239692  0.15115261945283090  0.15928764516696653  0.16617822380113159
  0.17582302807424066  0.18644169146193301  0.19615615131407424  0.20595035766101921
  0.21741952899471620  0.22886105313289673  0.23873714148657021  0.24704492715790941
  0.25438379451893067  0.26134002793621680  0.26830411234251172  0.27528865742768499
  0.28256066716337130  0.28956604027544874  0.29742958152330840  0.30524009486489523
  0.31352390084122533  0.32206168679060848  0.32979298135526058  0.33688090909437651
  0.34333844841863292  0.34998107362909225  0.35759727492763904  0.36539318999835629
  0.37263187260810859  0.37915286495138339  0.38543534342933411  0.39154795871513054
  0.39787687523825588  0.40375705322867511  0.40960132119698744  0.41529875776796676
  0.42106758253649024  0.42742145917326307  0.43429261810081737  0.44191776848188080
  0.44913833102278816  0.45558388563097979  0.46190018568562607  0.46804998531998221
  0.47440004590728185  0.48070863297277638  0.48692048618693279  0.49320454921907431
  0.49936279620045654  0.50544281978225625  0.51157262878603327  0.51786396931543510
  0.52404298990941145  0.53030462656499933  0.53672723483249163  0.54325438931344228
  0.54967013318687197  0.55643846524944096  0.56278861616540721  0.56886393995342766
  0.57521358517421695  0.58147668525108243  0.58772596335131788  0.59410699647110754
  0.59991878300662749  0.60545448505331667  0.61126867995793377  0.61716961004468918
  0.62328315264655576  0.62956179157227354  0.63606201661303619  0.64292077921005952
  0.65034654485905241  0.65823327630760420  0.66642437998232940  0.67455625484842452
  0.68307515971927979  0.69156320481978106  0.69981878330862768  0.70788708514029985
  0.71806622141035459  0.72945518119334951  0.74051947471293866  0.75201380656078154
  0.76414474058813531  0.77899369615199099  0.79451352707506595  0.81011249091059423
  0.82681624341321946  0.84703770196122796  0.88389170102306169  1.00000000000000000
   4.2889578877575500E-006  -1.0000000000000000     
 F F F F F F F F F F F F F F F F F F F F F F F F F F F F F F F F F F F F F F F F F F F F F F F F F F F F F F F F F F F F F F F F F F F F F F F F F F F F F F F F F F F F F F F F F F F F F F F F F F F F F F F F F F F F F F F F F F F F F F F F F F F F F F F F F F F F F F F F F F F F F F F F F F F F F F F F F F F F F F F F F F F F F F F F F F F F F F F F F F F F F F F F F F F F F F F F F F F F F F F F F F F F F F F F F F F F F F F F F F F F F F F F F F F F F F F F F F F F F F F F F F F F F F F F F F F F F F F F
  <DiscreteSampler_grid>
  grouped_processes
  1 # 1 for a reference and 2 for a running grid.
  10 # Attribute 'min_bin_probing_points' of the grid.
  1 # Attribute 'grid_mode' of the grid. 1=='default',2=='initialization'
  0.0000000000000000 # Attribute 'small_contrib_threshold' of the grid.
  0.5000000000000000 # Attribute 'damping_power' of the grid.
 # binID   n_entries weight   weight_sqr   abs_weight
    13   10   2.800346265701741E-002   5.126891075036341E-003   2.800346265701741E-002
    16   10   6.893333654199314E-003   3.133132176274353E-004   6.893333654199314E-003
    22   10   2.868555016183611E-002   5.311599315906641E-003   2.868555016183611E-002
    25   10   7.234525292487077E-003   3.362376754034679E-004   7.234525292487077E-003
  </DiscreteSampler_grid>
