  0.00000011555277744  0.00000011960104681  0.00000012964593890  0.00000013656949420
  0.00000014324731519  0.00000015023744335  0.00000015731473311  0.00000016549919916
  0.00000017442041934  0.00000018744902173  0.00000020928954546  0.00000022998552984
  0.00000024490550040  0.00000025778947032  0.00000027119568007  0.00000028786289510
  0.00000030832645533  0.00000033004899047  0.00000035298777648  0.00000037812994013
  0.00000040371813379  0.00000042608836653  0.00000045347377260  0.00000048241520020
  0.00000051339245966  0.00000055145513506  0.00000058945896158  0.00000062979403933
  0.00000067247330169  0.00000071754066396  0.00000076531033345  0.00000082094791046
  0.00000088126194062  0.00000094672261061  0.00000101537086472  0.00000109020322381
  0.00000117536506547  0.00000126320440863  0.00000136498274962  0.00000148003882923
  0.00000160236457158  0.00000173605914597  0.00000188430404667  0.00000206263300169
  0.00000226653940920  0.00000250325649486  0.00000273402783092  0.00000297895706708
  0.00000324088087713  0.00000351779748370  0.00000385496272688  0.00000424769648166
  0.00000465264378992  0.00000509602220063  0.00000559525724514  0.00000612758274294
  0.00000678743996013  0.00000750607893314  0.00000830897984023  0.00000920743326082
  0.00001021160249043  0.00001141730772729  0.00001279214216096  0.00001428479754327
  0.00001585957693808  0.00001754895316131  0.00001940299622656  0.00002161528801785
  0.00002412334094405  0.00002709620045723  0.00003091753319495  0.00003529271703696
  0.00004036001169158  0.00004615592211496  0.00005280388953177  0.00006082690956355
  0.00007009587085983  0.00008012049613919  0.00009223892344894  0.00010667265668118
  0.00012499003688654  0.00014806641530318  0.00017200077620737  0.00019850479275278
  0.00023055964557338  0.00027944891056839  0.00035971986163211  0.00045823029012675
  0.00056944918152330  0.00072274266691349  0.00097579128201486  0.00158477926973003
  0.00249052233262728  0.00392072823349250  0.02506654361417378  1.00000000000000000
  0.00000166877566983  0.00000169410749530  0.00000173935002210  0.00000178959201977
  0.00000184572429812  0.00000189738103346  0.00000195265466184  0.00000202925767939
  0.00000210786167588  0.00000219504811015  0.00000228847927681  0.00000238772513615
  0.00000249654994695  0.00000260625734771  0.00000272414564725  0.00000284605724245
  0.00000296652355506  0.00000308876917865  0.00000321209860734  0.00000333051653846
  0.00000344482551928  0.00000357074944400  0.00000370777542816  0.00000384670972622
  0.00000400584138404  0.00000418612107251  0.00000438352594856  0.00000457782799705
  0.00000478139444722  0.00000498741994872  0.00000519504935067  0.00000541640774958
  0.00000565817375331  0.00000592224993494  0.00000618539488316  0.00000646770739742
  0.00000679008577277  0.00000712745282141  0.00000745197356235  0.00000780890482968
  0.00000817513595332  0.00000856138106582  0.00000896524671590  0.00000941757669870
  0.00000987504051246  0.00001035709426798  0.00001090280879626  0.00001147550800331
  0.00001210723925005  0.00001274137712716  0.00001339341233515  0.00001407782721357
  0.00001481818803653  0.00001559368946437  0.00001638391595326  0.00001722513717738
  0.00001816781067745  0.00001919391747633  0.00002035060128328  0.00002157070974195
  0.00002289893289699  0.00002436666138960  0.00002602246930462  0.00002795716166023
  0.00003034094405163  0.00003296731436216  0.00003576941175530  0.00003869986840198
  0.00004189407180534  0.00004535405209872  0.00004915289177091  0.00005371741725316
  0.00005928216416304  0.00006561966972978  0.00007358248792059  0.00008335511211329
  0.00009425663679239  0.00010674837369032  0.00012268495221948  0.00014246235971321
  0.00017072744000326  0.00020706736010224  0.00024802034654203  0.00028880716748406
  0.00033464015492205  0.00039328338052260  0.00047579177070666  0.00060666042149735
  0.00081444096892216  0.00114727693070386  0.00168080440024853  0.00232819462281642
  0.00346741609573114  0.03008728613590259  0.07908946370200673  1.00000000000000000
  0.00000160602403124  0.00000164882521396  0.00000168235489840  0.00000171443455161
  0.00000175034327270  0.00000179602295708  0.00000185560794138  0.00000192198820303
  0.00000198409366112  0.00000204578864526  0.00000210835642050  0.00000217454728696
  0.00000225386971885  0.00000233018927773  0.00000239367210809  0.00000246679904754
  0.00000254738328005  0.00000263654058304  0.00000273504957678  0.00000284119446936
  0.00000295599792481  0.00000308202950556  0.00000322077666168  0.00000336686890364
  0.00000354426052841  0.00000372664681301  0.00000389126920656  0.00000408706039566
  0.00000429225718876  0.00000451326234267  0.00000476618271170  0.00000502806268429
  0.00000529835630824  0.00000557799499127  0.00000586767091850  0.00000616446919687
  0.00000647375668058  0.00000680256367052  0.00000713934526989  0.00000751380552217
  0.00000795359256275  0.00000845097844687  0.00000900977860647  0.00000963500857323
  0.00001030115244754  0.00001097154934560  0.00001160416902085  0.00001224267313907
  0.00001289451725028  0.00001365350197650  0.00001451338526923  0.00001552200628835
  0.00001665897593957  0.00001788637414801  0.00001923582739902  0.00002071010099411
  0.00002236649354813  0.00002427922846392  0.00002625541637635  0.00002849382392579
  0.00003074048745937  0.00003339461512200  0.00003620540430709  0.00003907056206386
  0.00004219492319613  0.00004546180107639  0.00004922073732474  0.00005376827497287
  0.00005926370147469  0.00006535511594993  0.00007196885240316  0.00007947630541996
  0.00008787401533149  0.00009730531969838  0.00010755531777658  0.00011959239416834
  0.00013381060839976  0.00015048777480284  0.00016904724327252  0.00019286162888181
  0.00021899076749109  0.00024414949585253  0.00027336367045190  0.00030827785764826
  0.00033881026691303  0.00037003918118136  0.00040378539171817  0.00045050276966097
  0.00052376495232680  0.00062441205227986  0.00076696782722905  0.00102545602940042
  0.00138291511756015  0.00191131898244986  0.07552792930005957  1.00000000000000000
  0.00000152844929526  0.00000191195405140  0.00000213659941158  0.00000234070226467
  0.00000254676935435  0.00000274219534826  0.00000294709728948  0.00000315269826033
  0.00000335063715068  0.00000356828565712  0.00000378709526435  0.00000399548810203
  0.00000424125234394  0.00000450470971891  0.00000480517144430  0.00000513392816019
  0.00000548199718586  0.00000587123239720  0.00000625531001496  0.00000663355672330
  0.00000701948540903  0.00000742591780206  0.00000787588584906  0.00000835992222073
  0.00000888036052910  0.00000945874232793  0.00001004338399411  0.00001068018493164
  0.00001136315490596  0.00001208060200324  0.00001284797622143  0.00001364910544081
  0.00001446437792772  0.00001528179418824  0.00001609496061684  0.00001695837951501
  0.00001789383868795  0.00001891898185135  0.00002003937114577  0.00002123711836664
  0.00002251161514105  0.00002387533316244  0.00002532953515062  0.00002685832970984
  0.00002848812748090  0.00003029045021052  0.00003226993076396  0.00003429940752814
  0.00003638468889223  0.00003862118305687  0.00004097735599546  0.00004341839852466
  0.00004602340146548  0.00004850973811052  0.00005116979631040  0.00005422328540381
  0.00005774061609845  0.00006182388289607  0.00006624224146082  0.00007085556564663
  0.00007571079208467  0.00008098828751444  0.00008679473238393  0.00009291178013304
  0.00009929319434699  0.00010564448311482  0.00011278074907319  0.00012012649898827
  0.00012888824947932  0.00013855854507372  0.00014814668828785  0.00015811161713675
  0.00016861463737473  0.00018181487777092  0.00019888100451610  0.00021812755771596
  0.00023466820901719  0.00025422265648755  0.00027538261306498  0.00029754638837517
  0.00032956603164743  0.00037295584271894  0.00042733796412692  0.00048790720004757
  0.00055940209339817  0.00064730526271366  0.00075243888318203  0.00087882142269580
  0.00104946431650928  0.00127701052108157  0.00158850409688410  0.00186422616623794
  0.00218281195945683  0.00258162023675249  0.03249694363998658  1.00000000000000000
 -0.00224102169099112  0.01251753129865153  0.02484439842854654  0.03672344723378800
  0.04743366312786383  0.05732966459444933  0.06697165391648351  0.07762412130613688
  0.08925935048512910  0.10086868593753288  0.11163617668269471  0.12214118785607835
  0.13275716912658578  0.14374817578707261  0.15398896608080806  0.16325740836494110
  0.17193093145979213  0.18098176018296888  0.19065778577183146  0.20025663964466514
  0.21041270175677018  0.22106763254968831  0.23191683504245442  0.24289547933987618
  0.25392078806832924  0.26473587304472890  0.27529451101355851  0.28555300554813584
  0.29621752962961723  0.30664497228718279  0.31661741687135825  0.32614800712408110
  0.33516577743506942  0.34469057889174809  0.35435230751838909  0.36447496391572209
  0.37492580050395941  0.38578778093674565  0.39577847698223184  0.40459739707777792
  0.41263015345768600  0.42099334203617189  0.43009386509167497  0.44039172451184977
  0.45023751296453562  0.45997742868208064  0.46960610502966110  0.47949687641616179
  0.48981535702105017  0.50029704911731399  0.51115518786840242  0.52303635935832882
  0.53575967017011639  0.54783174164983162  0.55935546828922666  0.57064542851947808
  0.58190466559008147  0.59333511540567341  0.60461882876990758  0.61569570623844316
  0.62549111011172676  0.63519969576214252  0.64472355082028421  0.65329065306271072
  0.66325209863058410  0.67288379694020195  0.68426979712281577  0.69553742918426464
  0.70699783308921260  0.71857782471882325  0.72984563674307656  0.74048377051013814
  0.75118717105292032  0.76126922736733238  0.77005818265490622  0.77783829674341354
  0.78619544389887908  0.79547493750716103  0.80658226468732530  0.81873337401339219
  0.83114496925662207  0.84353784043334390  0.85559129747384777  0.86767084222301250
  0.88022025419968730  0.89214641773847303  0.90355802084913972  0.91325944732424946
  0.92373863154064351  0.93446116327815354  0.94632557774915005  0.95761989654112500
  0.96806268833177789  0.97792215066784227  0.98870420539687187  1.00000000000000000
 -0.00225852146057195  0.00837047650027796  0.01896410094046871  0.02848327654742966
  0.03732021633887640  0.04695260195930330  0.05741663059783664  0.06950374962329484
  0.08211178335174170  0.09440818183984265  0.10555932890511338  0.11618105422563825
  0.12707310129646290  0.13883295512439428  0.15056805862901923  0.16223253464656415
  0.17340028142922842  0.18363194426040522  0.19395089250849426  0.20456463535670730
  0.21683103939826973  0.22867079835729481  0.23922031432760593  0.24877853184544912
  0.25837724685641134  0.26788282797206336  0.27796779439893199  0.28832593458587075
  0.29997187551827714  0.31197734129556648  0.32395078261710875  0.33527995193518001
  0.34438174210975164  0.35261430624486445  0.36050737428696811  0.36864908511546596
  0.37831585668744305  0.38844644978117582  0.40032382517074783  0.41229487742941173
  0.42372255978363410  0.43426200780430890  0.44431294743601774  0.45423431063074482
  0.46417488517897176  0.47475797799075453  0.48533355992747662  0.49619485090722210
  0.50746218661396458  0.51897237297766496  0.53061765730257204  0.54122058905542725
  0.55137977091740831  0.56167595317447661  0.57222225741908472  0.58260070716408363
  0.59271774330705751  0.60261116518913316  0.61275674762181986  0.62289917689838004
  0.63298122800159140  0.64340797024196417  0.65433675639467181  0.66575349302758879
  0.67757721231010759  0.68899254362065743  0.69989663850948614  0.71065929566341146
  0.72148499612428640  0.73241574323150349  0.74348876861033009  0.75440490287984829
  0.76533583630860902  0.77503013915242347  0.78410453919182510  0.79383475720902208
  0.80357101908210049  0.81326433988978120  0.82301930767139619  0.83315622385754762
  0.84382163317484793  0.85438497617332188  0.86490890816729482  0.87572633736167427
  0.88635459743266432  0.89696586233614284  0.90722463930238484  0.91813323807394442
  0.92900002038316332  0.93971581194555598  0.94956658798433646  0.95966788862305241
  0.96956877019144128  0.97966288843473981  0.98952433489655500  1.00000000000000000
 -0.00193736156778674  0.00927054664312410  0.01896275703111116  0.02910640531061794
  0.03889175199044708  0.04932108720599075  0.06069492510113126  0.07362529589889608
  0.08673029115154626  0.09858928220848572  0.10897355084345048  0.11872553338965829
  0.12888298040140578  0.13908078814264865  0.14984193764098735  0.15990347439841529
  0.16997699156278304  0.17958225269099276  0.18938581503263135  0.19986992920851090
  0.21005545361339556  0.21989933943294904  0.22989588201728120  0.24111680015778150
  0.25282400913037911  0.26402224847246958  0.27468157304575358  0.28526364442939295
  0.29584385380994943  0.30690031229060255  0.31838058109681677  0.32739918051034722
  0.33597008024521530  0.34482319349381407  0.35422968113851860  0.36413028329989688
  0.37388738299856678  0.38350309317622344  0.39397494647625025  0.40446268541025832
  0.41544983396749052  0.42729080047224322  0.44003567270571203  0.45226587764056103
  0.46332042634291382  0.47352832279974638  0.48309858635789982  0.49290080388604202
  0.50326762960775995  0.51464019811908213  0.52628249810146410  0.53781546590646090
  0.54871323072258293  0.55934949641055132  0.56983543712706453  0.58063130241063243
  0.59166623486820280  0.60272666995063917  0.61352933030449863  0.62387231199246729
  0.63331290375120708  0.64298174586384493  0.65334252377893165  0.66378900687138775
  0.67328410369261871  0.68231208723155856  0.69205450946686231  0.70293094043540039
  0.71409682059956381  0.72497116858902422  0.73558381092288105  0.74601200282979385
  0.75680428870897842  0.76837311502303440  0.78095747896284484  0.79393050491021466
  0.80647674693319948  0.81824536074843446  0.82911296048880967  0.83948863288366249
  0.84956456543893211  0.85913952479137046  0.86821225103900934  0.87747238322950560
  0.88766099815440624  0.89845199688406718  0.90856744632246866  0.91848884237651962
  0.92746819790853319  0.93686055703439208  0.94694887514419812  0.95797323005452251
  0.96898901748319788  0.97942081007489534  0.98969466991063826  1.00000000000000000
 -0.00006253642683164  0.00001617622191473  0.00010277545291720  0.00027909065795194
  0.00044800688854015  0.00056782975460934  0.00067952618431093  0.00075449323463770
  0.00083125405580203  0.00091235806048172  0.00099308707965282  0.00107350472415685
  0.00115818599772610  0.00124379817262691  0.00132670047385305  0.00140991550052886
  0.00149424200295315  0.00158028803536657  0.00166900956160784  0.00177031711144367
  0.00187895818679126  0.00200153960434580  0.00211642827699612  0.00222384890318634
  0.00232989267620104  0.00243541521421483  0.00253504974596572  0.00263409858999768
  0.00273112812228518  0.00282854970002715  0.00292658403853063  0.00299381275690607
  0.00304561506195584  0.00310083164473062  0.00315941566549835  0.00321560920637482
  0.00327014811882178  0.00333794795009836  0.00341781399767954  0.00350206888859741
  0.00361713255509965  0.00370309586262012  0.00378149805797516  0.00385740165862105
  0.00392907298993581  0.00400925634459992  0.00410279460187761  0.00419616342629923
  0.00429957475440865  0.00440233451785273  0.00451884366080938  0.00464635464466622
  0.00486335333753613  0.00514325887498624  0.00539329581848129  0.00562232018327012
  0.00583301599244246  0.00598788137787452  0.00614409344139528  0.00630541633744451
  0.00647041625550684  0.00664416141630339  0.00686570782504053  0.00716181559750529
  0.00749489539708558  0.00784719225919587  0.00821026529207549  0.00859675001794918
  0.00895718861379053  0.00934811187605617  0.00957178622134337  0.00984015246223287
  0.01011356819983265  0.01034945595508071  0.01062465225525201  0.01113578883994679
  0.01152611147867911  0.01179544623344703  0.01203063285016947  0.01227852780098183
  0.01254712576073675  0.01294918287899815  0.01377208324477103  0.01445966010042346
  0.01493586918210818  0.01548281904892561  0.01610508794678226  0.01822065197884969
  0.02229404161338466  0.02340873227630944  0.02436113347224429  0.02648549044036472
  0.02964368272720614  0.03408139332047056  0.20673278491775021  1.00000000000000000
 -0.00253125091825736  0.01036371950669066  0.02040323457557816  0.02991020799470622
  0.03959810861318649  0.04944480246923480  0.05978430791365851  0.07075093057445986
  0.08227504900365384  0.09348356482458527  0.10453875672933452  0.11506518271470187
  0.12552728206754066  0.13597032683356244  0.14602744561546946  0.15636194068778853
  0.16739542372627852  0.17865007876466243  0.19042648808229978  0.20235115868975681
  0.21411494677795465  0.22531732524780604  0.23577697724083727  0.24635240986180115
  0.25750731974315849  0.26876752908078039  0.27911155564285428  0.28859933603011834
  0.29851361902122120  0.30898427290758440  0.31941981699703426  0.32942618580425137
  0.33997704235077342  0.35083450849607406  0.36143704001975652  0.37180296400111834
  0.38167734804343223  0.39109527258728000  0.40046755816582991  0.41034272769578944
  0.42116714208474065  0.43243126771429641  0.44356969530943768  0.45406615110163984
  0.46496022504528334  0.47632568766446259  0.48578866409032234  0.49472823811620925
  0.50389642777171562  0.51341079206860474  0.52288867533200212  0.53186783174763319
  0.54142600161765642  0.55197912532402937  0.56194782262878484  0.57081826188110862
  0.57888511744235727  0.58743478878921496  0.59616063269741570  0.60593326045997364
  0.61605502527256428  0.62651047634244739  0.63742862027144542  0.64819319443182810
  0.65921599446608126  0.67082066522571859  0.68320877480836939  0.69513253182455925
  0.70561075694641417  0.71578028729045440  0.72509461141380271  0.73449682450024545
  0.74409065200198921  0.75400296931849153  0.76408049138831813  0.77410681454891406
  0.78415307560495817  0.79442474689968412  0.80497884923283947  0.81619784833287479
  0.82807001958785398  0.84000380575660549  0.85166312029662550  0.86292028862097936
  0.87431304919132435  0.88638186756298321  0.89879774248657407  0.91107434899330697
  0.92267433701553292  0.93414006195661536  0.94575406493601821  0.95681929590628068
  0.96704272439355010  0.97732943220834834  0.98829415664225118  1.00000000000000000
 -0.00004037047611869  0.00001093361353986  0.00006223770319842  0.00012690932139338
  0.00020700140686462  0.00028709349233585  0.00037195473781359  0.00045724886895335
  0.00051537728787302  0.00055481609138624  0.00059997614308396  0.00064920250746929
  0.00069795199188438  0.00074648131714745  0.00079462552312291  0.00084226477510497
  0.00088960364516036  0.00093456814424461  0.00098510481250910  0.00105029187166543
  0.00111576608444013  0.00118153704468062  0.00124765452584278  0.00131396141668371
  0.00138064837838858  0.00144742087956827  0.00150705319585121  0.00156286311942919
  0.00161101608898885  0.00165951063126339  0.00170864964896601  0.00175784599876059
  0.00180712827431546  0.00186169565282408  0.00192247588481741  0.00198181176763483
  0.00203970697598171  0.00209582470245789  0.00216502518805973  0.00223312155239597
  0.00229577091880179  0.00235318627304948  0.00239670650219583  0.00243910193591218
  0.00246431597127367  0.00248953000663517  0.00251474404199667  0.00254015041511303
  0.00256561776366573  0.00259108511221844  0.00261761241211482  0.00264522297928426
  0.00267283354645369  0.00271565506871201  0.00277528258351298  0.00284147363957426
  0.00289951726307659  0.00295838759670780  0.00302282971561108  0.00308937845847167
  0.00315767582435757  0.00322869479395882  0.00331106454855441  0.00339889096774945
  0.00352635622369740  0.00368635598485011  0.00382392397121478  0.00393723914869989
  0.00405583217687415  0.00418157797387465  0.00433810966579558  0.00455594228691329
  0.00473968018553539  0.00491914107907313  0.00514207027104423  0.00530469641625272
  0.00546112078881642  0.00560431057751133  0.00573911370790365  0.00588302660969707
  0.00604552887654581  0.00631032587937590  0.00669695378471860  0.00900198446443995
  0.00922123096044928  0.00943502333918733  0.00968059202041554  0.01004245985807711
  0.01037834493343364  0.01061566597943691  0.01085355614633991  0.01109262169594457
  0.01306446259855708  0.02245078622651141  0.07882194026457602  1.00000000000000000
 -0.00241162993530733  0.01186781807906274  0.02341823468617132  0.03319488193219855
  0.04290169376901226  0.05307168664622680  0.06347776544410265  0.07304822434705745
  0.08233489451734911  0.09140226321476384  0.10170272350712790  0.11071451773628632
  0.11900667717901441  0.12712667760087637  0.13529439438356367  0.14413359787774116
  0.15462318397159402  0.16563032122741567  0.17716732185757886  0.18890116287168018
  0.20027168984324706  0.21113586481958321  0.22186303213267680  0.23265908838102062
  0.24311837969022582  0.25352487089918180  0.26357248045486048  0.27333950331463819
  0.28203036894342254  0.29100033242589496  0.30060043007515447  0.31040496680733487
  0.32056325963055965  0.33046551938148372  0.34084670601860317  0.35243304395410296
  0.36322428800803841  0.37339050153095726  0.38240657631304703  0.39062678874648993
  0.39925930589585601  0.40900782556310744  0.42052862274574215  0.43329211980346988
  0.44513213200957202  0.45648220219606489  0.46807670071184415  0.47923032760483919
  0.48985015632223566  0.49993513698462971  0.51057131270105383  0.52238717489996933
  0.53436828849495521  0.54662861520705963  0.55917375147506876  0.57252357301209811
  0.58555122005980109  0.59863481161218801  0.61123144212166336  0.62315401051921215
  0.63400960458084687  0.64450034817138069  0.65506009191543713  0.66586788766527127
  0.67704475395452990  0.68818644397889484  0.69965194371341144  0.71159153248983698
  0.72363715647689963  0.73528796549570252  0.74645877525535975  0.75817336567477689
  0.77055474115845624  0.78204908221320657  0.79239431084287981  0.80295756061997559
  0.81366725628480774  0.82458086446235401  0.83500425139332468  0.84539828734769285
  0.85594012296321587  0.86468507700049568  0.87234063971534004  0.88001101139506344
  0.88824835158241011  0.89779056230747589  0.90705402320563810  0.91640381786451597
  0.92564539652532085  0.93515261917461323  0.94540651325273428  0.95567272164944417
  0.96621040103528244  0.97714343130491788  0.98848680358744023  1.00000000000000000
  0.50956568517144996  0.58701371619591913  0.59389034327357482  0.60112031452036441
  0.60870847221026780  0.61549092634270952  0.62125149429241044  0.62641361939239915
  0.63028802172008036  0.63424689332252815  0.63807597019638029  0.64256935699338047
  0.64763642050434800  0.65388081336154102  0.66054365272580629  0.66689704421087326
  0.67336541586071108  0.67963056731361915  0.68500033818470274  0.69036090367606129
  0.69551898947541779  0.70062479622475671  0.70517892962578099  0.70981328588759440
  0.71490603294425148  0.72003303134791941  0.72493067067826267  0.72957087710288793
  0.73408769120146855  0.73862266361398476  0.74320240214949529  0.74798094507617763
  0.75307813123798995  0.75809686513026475  0.76283671946138154  0.76733858851394432
  0.77168382410133629  0.77584525758499823  0.77988590914461220  0.78409454049025962
  0.78844159015336635  0.79344340180255579  0.79895691770321287  0.80424545904857703
  0.80869109100431258  0.81269608587022490  0.81646125213459397  0.82016870714438217
  0.82389832820661402  0.82760433025129787  0.83129105267826653  0.83524888265508257
  0.83905351511655279  0.84300907632287547  0.84688753453430543  0.85112465267973925
  0.85521980656223273  0.85928127516654818  0.86315108003713770  0.86687287594617013
  0.87036213927166495  0.87368322916426000  0.87698685587931757  0.88029275473821500
  0.88348566390696748  0.88667105451996364  0.88992953680943665  0.89339873869608899
  0.89713083337568977  0.90094198134423720  0.90457793471984360  0.90806312635819997
  0.91155180526374313  0.91488392748407854  0.91838901009466778  0.92174390204682477
  0.92512492433105076  0.92851252814845642  0.93208136707342393  0.93594594398584219
  0.93988988645386573  0.94374543597216243  0.94737953412042764  0.95111736017428683
  0.95484783566933440  0.95860770806076023  0.96235461561586444  0.96590629626449032
  0.96920334818197451  0.97246744484409153  0.97588687256237738  0.97946913187635465
  0.98346939908722830  0.98820721798801481  0.99364951770396182  1.00000000000000000
  0.02680606493425598  0.11335562977655210  0.13814308628764727  0.15443327010460281
  0.16705572260235385  0.17611471308499393  0.18501207418695523  0.19387293537092831
  0.20393325206476229  0.21505412187263334  0.22682468410958076  0.23800244733300213
  0.24844079021523890  0.25741721496279479  0.26596856909157213  0.27354457798895621
  0.28090750538052067  0.28791924974735172  0.29489828665119100  0.30180244966013614
  0.30884347101107568  0.31664519021495630  0.32467641361052779  0.33240886103414202
  0.33934431635959045  0.34651101975616327  0.35371431675525600  0.36080578557190568
  0.36773153061897657  0.37443037374266719  0.38147609698494250  0.38844417058812120
  0.39506175031447655  0.40106925364268137  0.40710351793662430  0.41314858989569220
  0.41931394870141664  0.42432921004572194  0.42923528179790882  0.43412579234478077
  0.43915026072934066  0.44445250017964627  0.44975333121135341  0.45494712056400166
  0.45981105068489120  0.46454075950020135  0.46953883480272224  0.47498889732105559
  0.48084888592989350  0.48693223329493923  0.49324556310589535  0.49954480195540207
  0.50558208211711142  0.51147743522097056  0.51739381782665517  0.52342125887462077
  0.52949724951418065  0.53555247601531952  0.54169272491118259  0.54766434571590328
  0.55376735308813307  0.55963231590946760  0.56519616366951575  0.57085233548255576
  0.57677384718740288  0.58318890981404559  0.58940648259175210  0.59532330946595269
  0.60112472704524900  0.60752360301986996  0.61434763068722853  0.62142149742347130
  0.62851980554915909  0.63547704500707081  0.64234660797491827  0.64920039798926232
  0.65600810965435830  0.66398832050185641  0.67231488219160240  0.68048355601597543
  0.68878974260050674  0.69698976405025237  0.70443819280160069  0.71165240263158092
  0.71947440937901053  0.72766097828464105  0.73814932954788959  0.74849422974794289
  0.76021999348292302  0.77213838203322649  0.78625239902816046  0.80278650240082705
  0.82233041737844503  0.84763944489422272  0.88533043457509419  1.00000000000000000
   3.5819394034136806E-006  -1.0000000000000000     
 F F F F F F F F F F F F F F F F F F F F F F F F F F F F F F F F F F F F F F F F F F F F F F F F F F F F F F F F F F F F F F F F F F F F F F F F F F F F F F F F F F F F F F F F F F F F F F F F F F F F F F F F F F F F F F F F F F F F F F F F F F F F F F F F F F F F F F F F F F F F F F F F F F F F F F F F F F F F F F F F F F F F F F F F F F F F F F F F F F F F F F F F F F F F F F F F F F F F F F F F F F F F F F F F F F F F F F F F F F F F F F F F F F F F F F F F F F F F F F F F F F F F F F F F F F F F F F F F
  <DiscreteSampler_grid>
  grouped_processes
  1 # 1 for a reference and 2 for a running grid.
  10 # Attribute 'min_bin_probing_points' of the grid.
  1 # Attribute 'grid_mode' of the grid. 1=='default',2=='initialization'
  0.0000000000000000 # Attribute 'small_contrib_threshold' of the grid.
  0.5000000000000000 # Attribute 'damping_power' of the grid.
 # binID   n_entries weight   weight_sqr   abs_weight
    13   10   4.254760660800234E-002   8.527688219962378E-003   4.254760660800234E-002
    16   10   1.050190623863223E-002   5.179860494043637E-004   1.050190623863223E-002
    22   10   4.017371797609802E-002   7.138981689606789E-003   4.017371797609802E-002
    25   10   9.681854894408029E-003   4.010586628839833E-004   9.681854894408029E-003
  </DiscreteSampler_grid>
