  0.00000013195914242  0.00000013588115132  0.00000013918699210  0.00000014148820570
  0.00000014358422366  0.00000014658080042  0.00000014917669348  0.00000015445039802
  0.00000015985794358  0.00000016681927753  0.00000017433852721  0.00000018551373705
  0.00000019572520214  0.00000021408912818  0.00000023377782359  0.00000025034511231
  0.00000026642286376  0.00000027975986998  0.00000029610044502  0.00000031449606231
  0.00000033438113315  0.00000035935688976  0.00000038680574853  0.00000041712155706
  0.00000044656746966  0.00000047755379163  0.00000051176922375  0.00000054543432687
  0.00000058192469537  0.00000061997146500  0.00000066139282869  0.00000070902800963
  0.00000076275002998  0.00000082052622236  0.00000087440094893  0.00000092746385432
  0.00000098259855031  0.00000104013312107  0.00000111428756166  0.00000120794600917
  0.00000131121524925  0.00000142688304957  0.00000155445949366  0.00000168585647225
  0.00000183173753405  0.00000198482418733  0.00000216542530625  0.00000237560100249
  0.00000260815633805  0.00000283823920642  0.00000308253386180  0.00000334450552743
  0.00000352738066673  0.00000371198470476  0.00000390670993240  0.00000411560566737
  0.00000434160440938  0.00000470373985670  0.00000516421704421  0.00000567455488707
  0.00000623540053699  0.00000685623220199  0.00000756446930586  0.00000839728726578
  0.00000938172294621  0.00001047115780466  0.00001159150641943  0.00001254985887989
  0.00001356383461646  0.00001462742088761  0.00001578451844481  0.00001753905832353
  0.00001973181587724  0.00002229191199581  0.00002520786743994  0.00002863076986013
  0.00003246662733377  0.00003701612712452  0.00004215914821198  0.00004792785733452
  0.00005705914651713  0.00006626100005663  0.00007693036417259  0.00009079942197998
  0.00011266678462405  0.00014048087291629  0.00017349096709249  0.00021919485826411
  0.00030350860264481  0.00043400115654681  0.00067232259622144  0.00114671623912898
  0.00200273527248047  0.00659788733320133  0.04331011624484594  1.00000000000000000
  0.00000182521152707  0.00000188855184549  0.00000194577230832  0.00000201081672361
  0.00000207042597120  0.00000213455690365  0.00000220207942911  0.00000226863662156
  0.00000233547430129  0.00000241006355645  0.00000249089271827  0.00000257658263063
  0.00000266690603892  0.00000276058998068  0.00000286265868459  0.00000297936188399
  0.00000312425588718  0.00000328285118893  0.00000346146649395  0.00000364481013787
  0.00000381287885974  0.00000398478847461  0.00000417936761983  0.00000439717293566
  0.00000461237681227  0.00000485140001448  0.00000512278844116  0.00000540034219402
  0.00000568539577093  0.00000596103977083  0.00000624432047374  0.00000656077391764
  0.00000688914497541  0.00000723425588560  0.00000756871760011  0.00000790071186979
  0.00000826226492069  0.00000866335031122  0.00000912855094778  0.00000961638601332
  0.00001011762111818  0.00001065167892608  0.00001121538167409  0.00001179670348473
  0.00001256554274115  0.00001342581123324  0.00001432189545316  0.00001528539737514
  0.00001636481455484  0.00001760903261259  0.00001901518850456  0.00002047340960749
  0.00002192803761380  0.00002348871536452  0.00002525686753136  0.00002715977966324
  0.00002915240755969  0.00003136040244393  0.00003401419396987  0.00003705906987872
  0.00004032112849548  0.00004359748667373  0.00004601813978971  0.00004870800127506
  0.00005163627271186  0.00005483267938975  0.00006098063273296  0.00006815970881184
  0.00007727499154831  0.00008873000851810  0.00010323639805353  0.00011805812886693
  0.00013448942827185  0.00015399547630015  0.00017644224114189  0.00020719833522050
  0.00024125400992097  0.00027390961821191  0.00031700437743077  0.00037372942673591
  0.00050480826188989  0.00060196139272167  0.00065059252080222  0.00069922364888278
  0.00074785477696333  0.00080273539127514  0.00086054123591788  0.00091834708056062
  0.00097615292520335  0.00103191549449012  0.00108744122891131  0.00114296696333250
  0.00127267285370681  0.00245603906764246  0.04948634677684064  1.00000000000000000
  0.00000162877920348  0.00000176624703529  0.00000184622550165  0.00000190208763833
  0.00000195437178329  0.00000199425921836  0.00000203101804676  0.00000206753608000
  0.00000210790666043  0.00000215361425938  0.00000220150152640  0.00000225329966983
  0.00000231098267611  0.00000237097132109  0.00000242932694152  0.00000249206697909
  0.00000256058462482  0.00000263472637825  0.00000271100735702  0.00000278865774930
  0.00000287023416189  0.00000295722691599  0.00000307366381620  0.00000319170890940
  0.00000330619623391  0.00000342834702069  0.00000356796788683  0.00000370572402124
  0.00000384061873607  0.00000398403606043  0.00000415157270987  0.00000434730012481
  0.00000455982794361  0.00000477919639581  0.00000500291796645  0.00000523060511990
  0.00000547338508920  0.00000575025690728  0.00000605029091934  0.00000638621551351
  0.00000676491100979  0.00000708624088553  0.00000732171459381  0.00000757454937465
  0.00000783638143529  0.00000812344498698  0.00000843471575489  0.00000900505965048
  0.00000961486767255  0.00001021035017714  0.00001078348195017  0.00001135768486553
  0.00001197058371381  0.00001266247919380  0.00001341110825170  0.00001414786832053
  0.00001494992686007  0.00001576305039233  0.00001678699812710  0.00001799415840557
  0.00001931777361176  0.00002085321512066  0.00002261573871796  0.00002468622159928
  0.00002694065732531  0.00002944825100351  0.00003246445958184  0.00003615383408062
  0.00004050721243319  0.00004529357114660  0.00005049652300374  0.00005590559855895
  0.00006136695276650  0.00006742686393433  0.00007489418252812  0.00008317470624997
  0.00009045948173881  0.00010014649445400  0.00011216568396736  0.00013038169489105
  0.00014959865612545  0.00016082543619142  0.00017239528652011  0.00018518792720522
  0.00019807527321716  0.00021124790589146  0.00022958364812962  0.00026403194623684
  0.00031449046732331  0.00038980297978508  0.00050441502088883  0.00065734970212602
  0.00092332265162660  0.00149493767767190  0.05319463683916414  1.00000000000000000
  0.00000132895211403  0.00000148991937086  0.00000160719187199  0.00000173301474973
  0.00000190631453148  0.00000207088386681  0.00000222964053433  0.00000245815583309
  0.00000270169320270  0.00000294393660791  0.00000320187952525  0.00000345145291210
  0.00000372420047284  0.00000404457102186  0.00000447335073400  0.00000494128823168
  0.00000537604044368  0.00000579527656569  0.00000627646660911  0.00000685346137121
  0.00000744400939332  0.00000802326270905  0.00000858966245128  0.00000919146790178
  0.00000986799137404  0.00001062391793880  0.00001148829009382  0.00001244595346396
  0.00001348178232838  0.00001455529754120  0.00001569802605750  0.00001692991013500
  0.00001829596364037  0.00001979994014125  0.00002137522334089  0.00002300486753549
  0.00002469466235350  0.00002644040571791  0.00002848239661433  0.00003091704113625
  0.00003358146573112  0.00003615715715845  0.00003861273435603  0.00004114064081725
  0.00004405441592232  0.00004721816748402  0.00005055556512547  0.00005437672121860
  0.00005877068019123  0.00006414359212416  0.00007021427059890  0.00007687564848831
  0.00008469417926775  0.00009247599827848  0.00009989675933588  0.00010760373707582
  0.00011619329861657  0.00012699956119915  0.00014073339939902  0.00015486343173434
  0.00017058312540701  0.00018709958587549  0.00020740353942540  0.00022718334111666
  0.00025021090947150  0.00027277890104921  0.00028563205774396  0.00029762858883383
  0.00031103743472708  0.00032537038720943  0.00034143494244845  0.00036809126958010
  0.00040286105071895  0.00044111738460484  0.00049075501055619  0.00054632327819733
  0.00061887636168663  0.00070735492618424  0.00080462722854458  0.00088298325541292
  0.00091713017052754  0.00095127708564215  0.00098542400075676  0.00102321633975215
  0.00106106279181099  0.00109890924386984  0.00114379044019352  0.00119391346898125
  0.00124403649776897  0.00133350067757821  0.00161285575767732  0.00190819137313502
  0.00212982660365816  0.00240633572772803  0.05889659417627638  1.00000000000000000
 -0.00153579753179382  0.00884968435046839  0.01643913295925738  0.02298782106533116
  0.02978948662286408  0.03630412078244848  0.04281664514387133  0.04979561652369396
  0.05877307078368833  0.07052323977389269  0.08315150057662431  0.09553271517813007
  0.10824727958825275  0.12197913047309439  0.13610923705890121  0.14921890886499267
  0.16154594488364929  0.17427850931496230  0.18862221410775734  0.20057527810547524
  0.21156881756683693  0.22199165822359476  0.23225787715545931  0.24058653219067599
  0.24965041160721754  0.25987467090871175  0.27067328244546851  0.28192185364730887
  0.29390238021939075  0.30678760482372613  0.31892896362809670  0.33024732555620828
  0.34202274892721296  0.35421878772665832  0.36556526009627005  0.37109032235440570
  0.37669831816088284  0.38246139173306432  0.38842387088372593  0.39451032354583476
  0.40809578056978313  0.42377686478519822  0.43839869793440622  0.45023235789930433
  0.46189188353662231  0.47355515733726583  0.48550869712092154  0.49784515011333519
  0.51073625478670115  0.52369067027826033  0.53651705599468780  0.54930952912102615
  0.56235941798670275  0.57540451502176404  0.58819207018855002  0.60047706758723951
  0.61249885445395769  0.62410779254169280  0.63571081172559829  0.64694349004765683
  0.65741857021126215  0.66663935930853180  0.67592898986257843  0.68599856990486330
  0.69659378128598959  0.70665658124137276  0.71662449728902744  0.72704419786018293
  0.73787173289724117  0.74830731104847881  0.75781074673022442  0.76838661176030154
  0.77551007614924727  0.78066065286674635  0.78534317670434362  0.78988904779297964
  0.79455516993194453  0.79923818344709385  0.81055266054090824  0.82286859182515182
  0.83576735503772914  0.84757365031606757  0.85926799340145354  0.86950938075640949
  0.87933437702387174  0.88955723463167080  0.90104550036022824  0.91229982323887260
  0.92270253593575569  0.93321627231187332  0.94423327687545167  0.95538139349189732
  0.96620638453003083  0.97707839654902151  0.98831640110760699  1.00000000000000000
 -0.00304920914990746  0.01276601692086934  0.02616278429100016  0.03993396170333475
  0.05337038041083332  0.06656639590322966  0.07952093340000921  0.09093334950420102
  0.10171549780562877  0.11257962998888793  0.12402021702871323  0.13566349668917155
  0.14794206551710656  0.16103779216867753  0.17401509746235488  0.18659024704357866
  0.19854132458458390  0.20979601496250092  0.22073157431861196  0.23077492578780742
  0.24051622956968149  0.25044124804627310  0.26140294432980105  0.27365982909485798
  0.28649976761282808  0.29907632386029664  0.31158289520528748  0.32480037149953817
  0.33624114600300203  0.34653165735057545  0.35683296823774635  0.36824818569745660
  0.37942889793214862  0.39049328571135994  0.40170268116183122  0.41334845279866683
  0.42422183891988613  0.43532840923177885  0.44534338629588011  0.45602169894893452
  0.46605839143323630  0.47771295092231952  0.48893598879103151  0.49985285121154455
  0.50959833052433445  0.51926472250710332  0.52888328052880607  0.53856179754912792
  0.54830356278244452  0.55837268272726082  0.56885280724727261  0.57896248790148386
  0.58916502277871108  0.59670359737577627  0.60220823393544887  0.60790052783674486
  0.61376658374334014  0.61989840342330960  0.62632607260524853  0.63601528033863131
  0.64929892664629685  0.66180903446481187  0.67410913782305115  0.68676565206400275
  0.69884534977800394  0.71049283223078652  0.72172567062803850  0.73264332132135779
  0.74428981652443105  0.75624193344503732  0.76868702594055516  0.77850589979548912
  0.78507970825917817  0.79188396942940409  0.79878098663542907  0.80585689737528110
  0.81606303237859112  0.82868420170360801  0.84141491097459220  0.85318016078925507
  0.86344045653655099  0.87307151471342215  0.88325185724343391  0.89414850304725690
  0.90290705211105005  0.91225392755868928  0.92230157389125345  0.93195625387366587
  0.94045257114635328  0.94815996226732102  0.95489842206777087  0.96223474369118100
  0.97092023312107645  0.98114328865079192  0.99061821977388775  1.00000000000000000
 -0.00232599396245538  0.01024516892843904  0.02120923466670737  0.03289214595142123
  0.04508452406486416  0.05679420185817700  0.06847970511127056  0.08028792561885996
  0.09238950361412426  0.10430057823603354  0.11611019874201434  0.12477126802471024
  0.13123261540729103  0.13782040761898234  0.14439239215710287  0.15075134272455751
  0.15878719425710758  0.16886554604458248  0.17814538048822035  0.18752045749784996
  0.19752598410341024  0.20725646969230579  0.21724915608183792  0.22753837475825553
  0.23770918044439890  0.24759417268139927  0.25777558884101709  0.26866807402113696
  0.28026596977640017  0.28769103902302445  0.29251030052647781  0.29739795248009671
  0.30235325068164870  0.30738359191536296  0.31254054053793084  0.31929276394261591
  0.33131392943835125  0.34425641124726813  0.35827184172248505  0.37266484163783403
  0.38668529689509479  0.39917614075262586  0.41018186937471207  0.42084325595433936
  0.43216957010759821  0.44231923576222254  0.45172544515970692  0.46112068762738023
  0.47036332894998711  0.47945995785534512  0.48801641509054322  0.49593673664357057
  0.50554802149765599  0.51646526828144579  0.52680786088653964  0.53739616841918936
  0.54816052499676016  0.56043894589774979  0.57174986333818134  0.58272232276239333
  0.59533438280817241  0.60727954535632001  0.61888284405470251  0.63021258370485700
  0.64177257464153059  0.65357365148941582  0.66498962238112880  0.67787627958713825
  0.69244563620008248  0.70830827347603609  0.72273783953541337  0.73465509412292640
  0.74495791289876778  0.75477813582328857  0.76496066569122545  0.77599445068208106
  0.78782399609535492  0.80075612856829259  0.81297494553299698  0.82376371307546936
  0.83341601383911257  0.84317096011964765  0.85353205164060775  0.86617330270946713
  0.87880804028717596  0.89044109504551394  0.90176195939913151  0.91256577076150525
  0.92347340206450335  0.93410509785464924  0.94433942638628543  0.95412835019448838
  0.96469162291399002  0.97596954555327575  0.98813776340329151  1.00000000000000000
 -0.00006051391679796  0.00013863083505991  0.00045831290546479  0.00062561983998345
  0.00075285905386090  0.00087566936268745  0.00099928974206650  0.00111875472483772
  0.00121206666981938  0.00130547184791563  0.00139899611732190  0.00149345377893321
  0.00158851140665321  0.00175329214052885  0.00194926271107338  0.00215460874555431
  0.00237245369370607  0.00256236296759951  0.00273461590484617  0.00290198179180545
  0.00307411270785369  0.00327442372122288  0.00345830462623830  0.00364274933600947
  0.00382150043868336  0.00400050250883695  0.00421967889547969  0.00444345818127444
  0.00470477302167793  0.00497210315359295  0.00524976187188421  0.00557355967353183
  0.00586897009339407  0.00609139024660030  0.00625974829714552  0.00643641635756528
  0.00661261864725699  0.00687563679799523  0.00716606615545721  0.00742952230558131
  0.00780082701304686  0.00821667307186362  0.00866986405847582  0.00909874982417523
  0.00933573187088644  0.00960728468281496  0.00987807734329071  0.01015048279530241
  0.01040130062973312  0.01068098578062493  0.01112885380861313  0.01152365415783722
  0.01189079051323218  0.01233559001020321  0.01315133079159256  0.01363442396941147
  0.01402395942283817  0.01447961364426927  0.01505298875687984  0.01580185843146975
  0.01684494539327937  0.01755709019328957  0.01893450060703821  0.01965387130155770
  0.02201074022891211  0.02376764375377018  0.02654203793165685  0.02821928997452022
  0.02873682483388195  0.02898725698128961  0.02923768912869726  0.02948812127610491
  0.02973855342351256  0.02998898557092021  0.03023941771832786  0.03048984986573551
  0.03069039962815048  0.03085489052151364  0.03101938141487679  0.03118387230823995
  0.03134836320160311  0.03151285409496626  0.03167734498832942  0.03184183588169258
  0.03199544673650925  0.03213729441641580  0.03227914209632236  0.03242098977622891
  0.03256283745613546  0.03270468513604202  0.03284653281594857  0.03298838049585512
  0.03451613482175332  0.04235356578339199  0.12941440534021656  1.00000000000000000
 -0.00242061693819179  0.00896449242750707  0.01883706753618430  0.02865836101792989
  0.04019896754350799  0.05262177609242360  0.06483083871422721  0.07628508485503788
  0.08770567072141870  0.09897909235346641  0.10946015025370147  0.11966349238895022
  0.12883004140720727  0.13508856724224499  0.14130863866558097  0.14745387810806868
  0.15368768038202227  0.15999237844931852  0.17116847195030344  0.18358432920111606
  0.19595641279056802  0.20768967010302769  0.21953451060686566  0.23180051995286105
  0.24437534206593153  0.25623030427551746  0.26763002842190603  0.27945843753832489
  0.29052493275644525  0.30055783239259820  0.31036097262241646  0.32081243960536598
  0.33354724236135935  0.34623001226935374  0.35908399467497504  0.37214520818536845
  0.38554700495277755  0.39779697014080012  0.40941116271667299  0.42070075774467175
  0.43228643335760147  0.44400997851603891  0.45565321376340256  0.46744622245183270
  0.47791614369236324  0.48809773394738698  0.49827233314460317  0.50889243913863091
  0.52020479244812956  0.53168722503610544  0.54397679521916875  0.55676499920819189
  0.56920119124077906  0.58067801879079839  0.59219092965543951  0.60331630726995067
  0.61377232960265715  0.62325362988591382  0.63199830787919464  0.64096409607070759
  0.64935357683543449  0.65533272744653748  0.65998676731732187  0.66458375440440431
  0.66914296651987071  0.67405270609003654  0.67924204821367196  0.68729911810133015
  0.69852184254942573  0.71047691508580257  0.72348595243470493  0.73564963378443937
  0.74697673626249683  0.75792914589314664  0.76854350530235160  0.77872272042733814
  0.78871077005071977  0.79915036881100787  0.81011339150633577  0.82158868750330072
  0.83249812894028941  0.84230852899298292  0.85171284193122809  0.86234728672471261
  0.87280991175151301  0.88264347225793804  0.89194259764886608  0.90232722297667911
  0.91426362206986889  0.92779435119117848  0.94143788124964733  0.95447367238354885
  0.96628180279813980  0.97707127747830314  0.98885329631689778  1.00000000000000000
 -0.00004783414354317 -0.00001476155412474  0.00001831103529368  0.00006631139904490
  0.00015815714018975  0.00025000288133460  0.00033995352325612  0.00042865357387133
  0.00051330180589660  0.00056042823991995  0.00060825972784105  0.00066443915996245
  0.00072322598358019  0.00078620002533008  0.00084887640352861  0.00091017894461852
  0.00096904127545121  0.00103451088174355  0.00110235173845255  0.00117103482245165
  0.00124001937507021  0.00131176390546817  0.00138626449118547  0.00146677007721710
  0.00155090450894011  0.00163764279598094  0.00172861678600028  0.00181422231503924
  0.00189803115143000  0.00198024868011465  0.00206530130330213  0.00215362011297986
  0.00225779942939316  0.00236518468243475  0.00248496508913188  0.00259950765540398
  0.00266492084824826  0.00273033404109255  0.00279505253590872  0.00285898543306739
  0.00292291833022607  0.00298967745499096  0.00305814680631970  0.00312661615764845
  0.00325418430161414  0.00341705292737496  0.00355051625512096  0.00361348122835508
  0.00367644620158920  0.00373967059627579  0.00380304737815741  0.00386642416003902
  0.00392884837616567  0.00399107891930723  0.00405762704454620  0.00425943215707041
  0.00443407742935565  0.00459785640593556  0.00476685524197210  0.00495641546379565
  0.00511853246155777  0.00527466182092436  0.00543458455517430  0.00563940406994709
  0.00586343969753826  0.00608522706287586  0.00628170081402642  0.00655328799720256
  0.00694337513600564  0.00738890673294429  0.00756512402530924  0.00773718307412831
  0.00790661734299022  0.00812709801189380  0.00839673496588583  0.00861460500851887
  0.00885472877175962  0.00912591361024688  0.00970198942569451  0.01013551394110032
  0.01043931379069432  0.01063497740169518  0.01086444198499002  0.01123487392706191
  0.01254417595067093  0.01304548173183677  0.01340442489248043  0.01376275420653761
  0.01448535011826728  0.01719255390973977  0.01744545855500592  0.01769836320027208
  0.01795446914954543  0.02115311165260720  0.07498168499794911  1.00000000000000000
 -0.00190274459489575  0.01018260557277157  0.02178799692579561  0.03389397092437742
  0.04557400406785130  0.05638565180502822  0.06715901404848487  0.07845328817742525
  0.08632615843656020  0.09356123913913311  0.10080122027253162  0.10803845451517397
  0.11507318867375164  0.12279101949653738  0.13579864468828962  0.14813338136854667
  0.16021917548103909  0.17177788485850523  0.18276988556454021  0.19364796718024577
  0.20401437052851759  0.21362021350596064  0.22209358534903165  0.23055183314327074
  0.23952964022178952  0.24864266911137295  0.25885216723865917  0.26872820193919766
  0.27994663201930459  0.29125082137666963  0.30225374946701861  0.31313428849854585
  0.32417915675136538  0.33441155506655884  0.34525598960553239  0.35662786488007692
  0.36911014541569875  0.38226975181234696  0.39526578219036529  0.40754826835070063
  0.41961345106294268  0.43187487904740163  0.44341452496521999  0.45411596088381945
  0.46505200131408603  0.47691208380369976  0.48821261487306195  0.49876729123861924
  0.50985198629489259  0.52169652239052555  0.53407924858041478  0.54471468517932664
  0.55502806527658477  0.56539175261487140  0.57546722064901379  0.58616653672005670
  0.59680139819849776  0.60753657172746922  0.61858612994209861  0.63024695774313533
  0.64193106370773345  0.65237829015555737  0.66233278648650662  0.67181103801603315
  0.68183498279507826  0.69266175838696342  0.70019756247298504  0.70706943907194475
  0.71434167720920216  0.72163753088926186  0.72897459156816102  0.74044516278936368
  0.75382039734844186  0.76690562481767333  0.78013001277430449  0.79299043044375028
  0.80468274840551168  0.81576862879427325  0.82612140850043059  0.83687624745228661
  0.84733376465736676  0.85615106553884812  0.86518129558099632  0.87353968819579331
  0.88566431609790586  0.89631273253460464  0.90564716457224093  0.91375045702113011
  0.92325608285730409  0.93278768436644233  0.94338552241787965  0.95408947779824060
  0.96571136942833447  0.97757192595484799  0.98886282210831622  1.00000000000000000
  0.53404644332835727  0.55170614235837434  0.55982898310054885  0.56675843504174928
  0.58246536286616901  0.59277295559528409  0.60192519085428287  0.61187311876725436
  0.62114190458452812  0.62798150319555912  0.63299903772097366  0.63793215038785978
  0.64274292430114710  0.64834681887312906  0.65436371783904601  0.66164128557583368
  0.66878744027290038  0.67473805701617207  0.68007636367810387  0.68605439163784143
  0.69300164095093819  0.69938024309384184  0.70508863005866262  0.71129326399846049
  0.71825111097483008  0.72555911492250269  0.73207952854093628  0.73814051271771608
  0.74392544058111854  0.74959955556076130  0.75549935123695156  0.76148018830362885
  0.76763803953877618  0.77327237602473486  0.77834540396369889  0.78319894157571346
  0.78804078871777206  0.79279664195453636  0.79743885327630470  0.80208509174494780
  0.80675978732216003  0.81165486716272828  0.81650194534933895  0.82121542932176483
  0.82580517475377113  0.83058310565350402  0.83544475510922966  0.83960903345844695
  0.84353477597500770  0.84717770076712118  0.85085713392397000  0.85469880367753581
  0.85870675577751754  0.86283704239788461  0.86682794805983965  0.87069353598447907
  0.87455407399486029  0.87813993003000446  0.88145332365091966  0.88464830987952747
  0.88793242690136764  0.89135318365950533  0.89486951510780910  0.89852190969954526
  0.90222840602165233  0.90605120072560519  0.91008533480246245  0.91413981989947557
  0.91799470563606544  0.92149397144632383  0.92480268614527872  0.92794783441871675
  0.93152622637965055  0.93513897189474227  0.93865823345869159  0.94203755485492113
  0.94521999341638419  0.94845546510209844  0.95166710272096389  0.95480845753841781
  0.95782022931899025  0.96058030925698279  0.96338030615186876  0.96622405941713296
  0.96903770982819670  0.97188559845945588  0.97468320528126073  0.97736475188486982
  0.98008060437854239  0.98295898311205265  0.98540412769218166  0.98797492912714846
  0.99068451184506823  0.99344278191480417  0.99648192887747433  1.00000000000000000
 -0.01765063636578045  0.10274007215339401  0.12792867787918843  0.14519729500326528
  0.16108871283093051  0.17950263670685015  0.19467926153783752  0.20527994279643116
  0.21552802876878982  0.22547572115904618  0.23469847309814798  0.24384738534474654
  0.25402163296007657  0.26489656665142236  0.27499203834161712  0.28387439366257028
  0.29327074164200007  0.30222037382576494  0.31139058052588703  0.31909282238165732
  0.32678336130091007  0.33404292942187669  0.34116923867712823  0.34822212194979268
  0.35466893725596765  0.36059211900051430  0.36606848020399313  0.37144721084118465
  0.37693497117519997  0.38295007386037183  0.38674230558302691  0.39032598078769265
  0.39392017971055848  0.39745893515228287  0.40096309909969913  0.40745456033866462
  0.41408360332781885  0.42050856500456307  0.42674788991494000  0.43290628982360740
  0.43928057695039952  0.44622087337877658  0.45335667000089469  0.46057916843451163
  0.46786598031762799  0.47517731036476224  0.48256704781526671  0.48776070873167743
  0.49140641199132262  0.49505513895113767  0.49870479433869652  0.50202362918069310
  0.50590193829571894  0.51282361710907332  0.51943504543252639  0.52576311709320056
  0.53201709856486001  0.53812063564666057  0.54433219215902551  0.55144883438838010
  0.55819906061540192  0.56616106275376676  0.57406670468765286  0.58152016148364161
  0.58807173341168706  0.59449171570525106  0.60097682790294371  0.60786379494902998
  0.61480956431910916  0.62148819309415393  0.62831620364851171  0.63557155982059499
  0.64330642022217477  0.65125065391259873  0.65937509990456900  0.66766524248183245
  0.67636526190571677  0.68525285983244122  0.69329803377949872  0.70019847404779512
  0.70691866981667839  0.71384930826952031  0.72204874799571639  0.73081575108951735
  0.73980094772795446  0.74961179131182487  0.76062944759789919  0.77261201119359313
  0.78393930528302325  0.79532378494054645  0.80787127737294695  0.82391757743375149
  0.84513969868069905  0.87571859463899626  0.97024420830697211  1.00000000000000000
   2.6515070244375898E-005  -1.0000000000000000     
 F F F F F F F F F F F F F F F F F F F F F F F F F F F F F F F F F F F F F F F F F F F F F F F F F F F F F F F F F F F F F F F F F F F F F F F F F F F F F F F F F F F F F F F F F F F F F F F F F F F F F F F F F F F F F F F F F F F F F F F F F F F F F F F F F F F F F F F F F F F F F F F F F F F F F F F F F F F F F F F F F F F F F F F F F F F F F F F F F F F F F F F F F F F F F F F F F F F F F F F F F F F F F F F F F F F F F F F F F F F F F F F F F F F F F F F F F F F F F F F F F F F F F F F F F F F F F F F F
  <DiscreteSampler_grid>
  grouped_processes
  1 # 1 for a reference and 2 for a running grid.
  10 # Attribute 'min_bin_probing_points' of the grid.
  1 # Attribute 'grid_mode' of the grid. 1=='default',2=='initialization'
  0.0000000000000000 # Attribute 'small_contrib_threshold' of the grid.
  0.5000000000000000 # Attribute 'damping_power' of the grid.
 # binID   n_entries weight   weight_sqr   abs_weight
    13   10   6.421797537436020E-001   3.439843595200388E+000   6.421797537436020E-001
    16   10   1.562686880348979E-001   2.004441653836378E-001   1.562686880348979E-001
    22   10   6.679868605870197E-001   3.855951973721385E+000   6.679868605870197E-001
    25   10   1.691933927052612E-001   2.518469623781697E-001   1.691933927052612E-001
  </DiscreteSampler_grid>
