  0.00000134719174290  0.00000144335271528  0.00000151090054137  0.00000157040869621
  0.00000162869742797  0.00000168858246463  0.00000175249304858  0.00000182060170311
  0.00000189013187095  0.00000196099594460  0.00000203201903480  0.00000210640803835
  0.00000218762614192  0.00000227443231728  0.00000236479831098  0.00000245625853328
  0.00000256292630267  0.00000267386403289  0.00000278995573517  0.00000290887659988
  0.00000303001398030  0.00000315228605254  0.00000327162810887  0.00000339110437582
  0.00000352044571513  0.00000365657369008  0.00000379928060962  0.00000394980369140
  0.00000411286859112  0.00000427887203704  0.00000444313706537  0.00000461254584414
  0.00000479686163120  0.00000499969644828  0.00000521796093817  0.00000545093815067
  0.00000569553320674  0.00000594242134230  0.00000619361857085  0.00000645898029570
  0.00000675355385842  0.00000707054028479  0.00000738154719088  0.00000771475851216
  0.00000808086379059  0.00000843351705065  0.00000880411766699  0.00000920152573231
  0.00000962866435846  0.00001009238023328  0.00001065456292893  0.00001123200728676
  0.00001183672313494  0.00001246263655488  0.00001314083499730  0.00001380045209714
  0.00001457042530934  0.00001539506993487  0.00001629754012461  0.00001724987432037
  0.00001824346449910  0.00001924350345406  0.00002045215729241  0.00002169742737553
  0.00002306181747491  0.00002453597035596  0.00002611783057052  0.00002790255211743
  0.00002982475948698  0.00003199763256984  0.00003443557788966  0.00003714175141067
  0.00004019489361004  0.00004369168957488  0.00004740654735223  0.00005172399931905
  0.00005654261437225  0.00006206901932767  0.00006775536671892  0.00007420911795521
  0.00008204746633869  0.00009212637442516  0.00010355002575519  0.00011737465329708
  0.00013586248503685  0.00016120967878764  0.00019483014996252  0.00023800416032666
  0.00029828083420505  0.00038227204079830  0.00052259616436860  0.00073934470988568
  0.00113059592729983  0.00205396169146081  0.02509896924895701  1.00000000000000000
 -0.00277568228019847  0.01167670226011907  0.02493904970662732  0.03657543531745854
  0.04815234411871067  0.05955298286236346  0.07000326449699042  0.07995927577645942
  0.09002576067503383  0.10020261651859499  0.11056253973295076  0.12156341283373438
  0.13292364795829026  0.14387147381418777  0.15360157380555775  0.16243801474097908
  0.17137501538494709  0.18110564255140255  0.19163586809906377  0.20222541835250540
  0.21277858891290569  0.22353904532040214  0.23445035088571950  0.24528706788772350
  0.25636741978256683  0.26760717113449578  0.27882657365726926  0.29021705338161563
  0.30146418999694585  0.31175409041594249  0.32118698127362766  0.33047560955666366
  0.34014086087975298  0.35014939187895067  0.35998837944464629  0.37004733041380528
  0.38023069796756348  0.39026800110333493  0.40031557666614115  0.41040726041759440
  0.42079945549158282  0.43220829400116267  0.44365063619232631  0.45522120408230832
  0.46684127844913403  0.47806294138784305  0.48968470890441790  0.50107415408169176
  0.51242285496562179  0.52333894837920003  0.53370169556699210  0.54347001992752297
  0.55267887804859583  0.56246030703338312  0.57287000819407174  0.58352468652553291
  0.59440375290920067  0.60498393276030782  0.61522904479520979  0.62499430394081834
  0.63467743950425348  0.64450131578455816  0.65403941943997268  0.66313193097882839
  0.67273903601014262  0.68330005948246808  0.69468832982813444  0.70581190732524779
  0.71587290057304243  0.72508212315745291  0.73401665213575928  0.74295851635709165
  0.75219884859796904  0.76202138733090019  0.77265930643677727  0.78414722255386404
  0.79552280115028484  0.80646251054755136  0.81698036379438455  0.82699056667373105
  0.83683920618921026  0.84687355948920318  0.85680874429317788  0.86675292229279632
  0.87682089330470347  0.88730207192506649  0.89849948223999232  0.91013252172337555
  0.92137688278260854  0.93196316211851871  0.94231796971265447  0.95285579325503100
  0.96388853864355484  0.97574870646377776  0.98751020475922613  1.00000000000000000
  0.00001661552961256  0.00005562786228713  0.00007301824986588  0.00008296450471044
  0.00009171016911265  0.00009979384839705  0.00010686167969285  0.00011388707930161
  0.00012092682046085  0.00012796802504633  0.00013498310463721  0.00014195776256248
  0.00014898079403962  0.00015601898653340  0.00016302749634058  0.00017040558253470
  0.00017827742751748  0.00018630988827183  0.00019443327205132  0.00020282329565431
  0.00021159655689154  0.00022064201391418  0.00023009711472493  0.00023969493956012
  0.00024923347492039  0.00025879601463067  0.00026895858112179  0.00028009781704512
  0.00029112873584342  0.00030181576436014  0.00031276452651903  0.00032449774629146
  0.00033655297384057  0.00034877722815788  0.00036176051162658  0.00037553691510008
  0.00038928548940401  0.00040257401710422  0.00041598633483898  0.00043140262956358
  0.00044856650004229  0.00046444301077678  0.00048024629678812  0.00049706036140317
  0.00051520875265290  0.00053374718544977  0.00055143918968554  0.00056864336089965
  0.00058666381743562  0.00060565742993678  0.00062736404859320  0.00064833165244148
  0.00066902073935990  0.00069709495676561  0.00072433655312313  0.00075281121137623
  0.00078112819740974  0.00081016406344676  0.00083800223635159  0.00086692124524424
  0.00089952102686600  0.00093853320092317  0.00098577342134192  0.00103462421854580
  0.00108500386792091  0.00113851532742674  0.00119387143949708  0.00125716214488947
  0.00133173196206432  0.00140684687514365  0.00148602425019221  0.00157027415287244
  0.00166142268389404  0.00176170983410807  0.00185648973416470  0.00196741542079768
  0.00207771222174217  0.00219009769798494  0.00230601258977094  0.00240334853933235
  0.00250653401668533  0.00262607232156894  0.00276347186935966  0.00293723641709253
  0.00312251519197900  0.00345891202431684  0.00393398192892577  0.00450965438007089
  0.00507433442903759  0.00570341617265945  0.00646855125634499  0.00734487033849135
  0.00858889318614281  0.01122596201050104  0.04697250762615076  1.00000000000000000
 -0.00213237319701853  0.00669699287009546  0.01507340982169773  0.02330322264892718
  0.03183157168860088  0.04057708425446813  0.04905062734950336  0.05709828095910532
  0.06479533246785622  0.07230752055991989  0.08008502222720253  0.08846604996239853
  0.09717315787778416  0.10553540667376179  0.11403733350835663  0.12220688933104897
  0.13050289188035313  0.13925983649745385  0.14784292651420514  0.15677820825531735
  0.16568881055808274  0.17425427128144511  0.18264850976577382  0.19083685502784373
  0.19880573439827295  0.20723756189290088  0.21577565057447964  0.22446426359416749
  0.23344869995434503  0.24310573995911844  0.25327535063306955  0.26345715679585163
  0.27317111065275856  0.28264637617730071  0.29238783543885027  0.30271435761512738
  0.31330530463155243  0.32285735352049666  0.33206234537895796  0.34030627230145793
  0.34895870354340869  0.35798196911227015  0.36781757307711982  0.37859279656518280
  0.38883057810484900  0.39799227504699369  0.40719695862478555  0.41672398388937781
  0.42742673625219907  0.43832543089924386  0.44917620456208551  0.46005295252403955
  0.47097819984912392  0.48185926609206836  0.49277726623257373  0.50348986907997850
  0.51379977345841166  0.52502658440296379  0.53621064670549778  0.54786097987057514
  0.55939210209698498  0.57107748057630225  0.58219778208374895  0.59292468585954339
  0.60395266571955430  0.61580942680626038  0.62830014956082969  0.64086580178644270
  0.65375575297165944  0.66729921703359762  0.68126638290436137  0.69512508615573287
  0.70788038005161136  0.71978966332206717  0.73125635044805681  0.74328765084516446
  0.75589193306936364  0.76884568787920471  0.78160541571570830  0.79517194794227675
  0.80899301018274072  0.82186861829322166  0.83431283446441251  0.84678921613437497
  0.85966917580837510  0.87175248677379158  0.88404137022766338  0.89700262043823720
  0.90987532990180642  0.92284968236873377  0.93632945224065145  0.95007505566543560
  0.96291210566373808  0.97545742073916752  0.98769075720298516  1.00000000000000000
 -0.00207270009920130  0.00833099086717090  0.01761145378818305  0.02745956447713385
  0.03791524938124109  0.04975252441708324  0.06190802903286116  0.07332599034759635
  0.08443332841298518  0.09615374531712906  0.10798886479204341  0.11921170091550182
  0.13023436882510617  0.14108739774387724  0.15213084296427906  0.16209852473625114
  0.17156899020056796  0.18143804274933822  0.19231033687652901  0.20473610377187779
  0.21534850476563158  0.22562944119495351  0.23613044864558208  0.24797255534164425
  0.25822621205116930  0.26854968800776324  0.27968168284403977  0.29097368948494323
  0.30157341332391147  0.31144992074216177  0.32129234839294885  0.33162766942920341
  0.34247808645665545  0.35416426618538982  0.36456939430737723  0.37446473869615987
  0.38384237757199025  0.39369599005839828  0.40401899794161977  0.41424904485806696
  0.42468497513078690  0.43507538155722952  0.44550404804686866  0.45495098234965686
  0.46449780817848618  0.47418458544785153  0.48474721888691769  0.49542721470687534
  0.50572635085316608  0.51616115687598518  0.52621535891231241  0.53666433906208300
  0.54770753316762055  0.55883336873885070  0.56933109507824342  0.57948192574378976
  0.58980376407404700  0.59973374005797153  0.60986761437331238  0.61997005255496807
  0.63056528894877073  0.64190946599197518  0.65282306569083859  0.66345183186269852
  0.67386272426281624  0.68401259229961020  0.69388821583416727  0.70373289456968113
  0.71387940627612478  0.72387385596853948  0.73360035792206779  0.74337500284154368
  0.75430451124530740  0.76646783160237619  0.77859409440141059  0.78971544622153733
  0.79969476590664990  0.80928710536394088  0.81906025532294657  0.82952256693725690
  0.84030181205706556  0.85124054770760726  0.86233031041419650  0.87347732079578788
  0.88463729981919792  0.89523548958905086  0.90544257715506871  0.91536698341537515
  0.92523644330724319  0.93573304556414072  0.94680217943494549  0.95782920543566563
  0.96834675473975307  0.97840375037750271  0.98905219062633476  1.00000000000000000
 -0.00228542142261717  0.01013912604827676  0.02000617181703761  0.02947553232646369
  0.03924450659627433  0.05011299041354127  0.06203312093368591  0.07342881861919283
  0.08394498881893969  0.09395361434453676  0.10350947578873228  0.11325858095516607
  0.12308124556618155  0.13296358518592918  0.14289746645164947  0.15269558147588502
  0.16306654717670671  0.17418528629182381  0.18594265219250988  0.19696771456860229
  0.20795731808699347  0.21866029742645254  0.22891188881835486  0.23856932936515671
  0.24796040330787320  0.25763883428719470  0.26765697585648490  0.27799189742652397
  0.28791465714196363  0.29724200920999910  0.30688588475583167  0.31647965060271205
  0.32643430130306000  0.33618030724884929  0.34617954980193183  0.35595102161573539
  0.36640900921588154  0.37681603817202514  0.38823148986181216  0.39998809148112596
  0.41199535012105848  0.42313622780090271  0.43335450819507787  0.44319620951044986
  0.45285232893396887  0.46205694608215853  0.47117317043210599  0.48091936812996228
  0.49066235874729341  0.50076090806989826  0.51051405472435274  0.52030724637706227
  0.53016744200976540  0.54035013134044985  0.55093224884601333  0.56180666251078071
  0.57306135979665274  0.58370424318970071  0.59398756533189778  0.60387915456681074
  0.61394118516319607  0.62431774491732062  0.63510477796125764  0.64681624982290153
  0.65954292068591835  0.67168026423764371  0.68285903994997421  0.69316033425510171
  0.70374629353831986  0.71435550292065497  0.72524653046542620  0.73693025589048200
  0.74857850269905013  0.76043995601887093  0.77144558790298345  0.78256464488789224
  0.79313029462981954  0.80340971942622907  0.81397656102048099  0.82510182915707375
  0.83669709974026940  0.84849123006668969  0.86003261406929465  0.87160492631284181
  0.88244107674828498  0.89248564173475065  0.90233296675045360  0.91134440763719837
  0.92020350112293969  0.92968239670561881  0.94022778119277206  0.95254823999618310
  0.96390758081785710  0.97554230908793393  0.98706893611814428  1.00000000000000000
 -0.00214734386930436  0.00909628560659356  0.01889114771846604  0.02964208370735332
  0.04087814654536828  0.05238898948816630  0.06375446726358283  0.07443044961273909
  0.08467431654020927  0.09531220368262855  0.10540268870567084  0.11548385775452419
  0.12497777208429275  0.13560713638164490  0.14699109143859379  0.15910471059442782
  0.17118917759567473  0.18245144938007402  0.19305445410347774  0.20354747781350746
  0.21446301231603251  0.22571187293033060  0.23696093246857416  0.24747143061635254
  0.25786004090003806  0.26800306141422087  0.27819343607685659  0.28844116679456033
  0.29862610544333867  0.30897054001854024  0.31935689535660783  0.32938778998816964
  0.33839801959434168  0.34649562128300437  0.35472986913457011  0.36386509774090348
  0.37371345665797939  0.38420677692305422  0.39484452080549187  0.40555540924172201
  0.41679265640848734  0.42845808483154552  0.44013753657815879  0.45128854616550651
  0.46202040027963620  0.47294142353894941  0.48374250288753695  0.49466075093235340
  0.50553071270272232  0.51635388635558832  0.52664603137327692  0.53681337875250534
  0.54755669815594010  0.55836366115948299  0.56895512230883372  0.57931935757185804
  0.58974662988928517  0.60059885843078076  0.61149671146319040  0.62217729267434829
  0.63240537017060783  0.64288032300247411  0.65408329842946433  0.66549735513199260
  0.67689204878980269  0.68849365147188102  0.70036363023125003  0.71237555493334959
  0.72450874049439740  0.73572594022258886  0.74644913970699134  0.75654708955127792
  0.76705584979293195  0.77623924306166747  0.78587221744350588  0.79478856056556024
  0.80444643898875490  0.81464336406145199  0.82608641867410781  0.83751259109537279
  0.84827903989948428  0.85925478709592951  0.87069614089827840  0.88096263590903190
  0.88995480016921646  0.89896501336217505  0.90877685295721988  0.91934358056916354
  0.93032145296092994  0.94045183427405132  0.95089941861422278  0.96091229952050972
  0.97074521391056567  0.98041861501843575  0.98983899751096571  1.00000000000000000
 -0.00180856264786126  0.00802682137933241  0.01674820671837518  0.02525286201811856
  0.03382064955803493  0.04256541730094128  0.05196601685863411  0.06167234816919256
  0.07104792261331166  0.08051642443133235  0.09030312344596873  0.09948921298374348
  0.10832236165055348  0.11741126615785276  0.12718756959212388  0.13754197997180567
  0.14771224296859020  0.15755448455307094  0.16813032124901456  0.17960538687344954
  0.19084871943660348  0.20133401904837922  0.21182070477350826  0.22246973292495428
  0.23233558971705515  0.24145578617413019  0.25037630218171442  0.25994563426257883
  0.26994313823551952  0.28015463738265112  0.29011547967844414  0.29998657553442037
  0.30985901160807006  0.31984389936115221  0.32991964001389357  0.34025860456291857
  0.35101133085800951  0.36207744729075320  0.37289637594309105  0.38334456835687042
  0.39383357221036791  0.40455001574622945  0.41498929743488577  0.42495465100831870
  0.43484479183169833  0.44572926978966687  0.45807300747034985  0.47120902391807173
  0.48321928569173872  0.49327736821593887  0.50245814293723212  0.51153030725797599
  0.52161679498282443  0.53215892340039694  0.54242634919421817  0.55300872878246221
  0.56391975740448219  0.57608017243411880  0.58793779678414793  0.59911692858378895
  0.61025887599764728  0.62222821415917973  0.63498954209265168  0.64796932693068843
  0.66082380911645922  0.67266097326391694  0.68325939243266276  0.69375602027179895
  0.70407321208056217  0.71477944699812979  0.72469112576051264  0.73521801654379126
  0.74612475009947909  0.75712636539633482  0.76792593599671366  0.77885676987205332
  0.79017349894764233  0.80145569188641030  0.81320697755435323  0.82379817467112815
  0.83468245091668536  0.84448491716772622  0.85434612630967932  0.86358038193757558
  0.87342136819846417  0.88440938997647600  0.89543767826962295  0.90581507345580414
  0.91594063883350552  0.92592252964823418  0.93633678243134377  0.94767493254052393
  0.95966643297018006  0.97302081484804970  0.98602534411197196  1.00000000000000000
 -0.00233340097936600  0.01100538877658407  0.02122197325359567  0.03179391698831872
  0.04199697526317038  0.05289771619600157  0.06415594373812909  0.07584357154598134
  0.08697783724694616  0.09760559267017697  0.10867572896936002  0.12016659345313517
  0.13142862349795092  0.14150407172849133  0.15204483869825944  0.16173622057718218
  0.17073641278619933  0.17947150937641623  0.18893190184235645  0.20000285846218677
  0.21113410243184066  0.22164909061560359  0.23091950717333942  0.23924490614594418
  0.24772219588651345  0.25679143774785168  0.26683411610061530  0.27737036022213263
  0.28758285530097366  0.29834601920772674  0.30994280789515566  0.32197040644005903
  0.33350149427398113  0.34492697730983007  0.35599958042588464  0.36646507723320182
  0.37643291034014936  0.38554904609014617  0.39491013755918331  0.40408664033911501
  0.41471085027520493  0.42527066060793645  0.43567503665347712  0.44609505082648193
  0.45610559958273200  0.46557603821461169  0.47543543111755382  0.48626694364371936
  0.49773053023817559  0.50835167560675432  0.51871517743491413  0.52879699027029503
  0.53956294173492669  0.54860211229634437  0.55795066153124873  0.56705764608921516
  0.57637952047404550  0.58706684285345112  0.59822506010035403  0.60901369433231378
  0.61948048126089805  0.62964498248616452  0.63962901643989556  0.64914970406924677
  0.65943427505064944  0.67056118532048015  0.68246350726009319  0.69361338611775913
  0.70477520784307202  0.71536763088502686  0.72534472988969168  0.73507110752879035
  0.74499958869189753  0.75587532613174901  0.76693752737874865  0.77748105183060690
  0.78731161548200379  0.79812150303873919  0.80935559468129259  0.82153811191878290
  0.83364312082498526  0.84632216512140657  0.85843183670825074  0.87008862532149711
  0.88093670351741715  0.89188060942999392  0.90240479318258926  0.91305280358364616
  0.92329799597901552  0.93375653521268254  0.94459892483683683  0.95626000016955970
  0.96723389498883916  0.97803122363546857  0.98876823525435376  1.00000000000000000
 -0.00090329530154722  0.01227196435331632  0.02518836811828994  0.03821996626297308
  0.05154051715950353  0.06459240250997138  0.07764719924442144  0.09080054932839239
  0.10391762545877875  0.11705723584792661  0.13046497705030766  0.14375997662899284
  0.15754093515812792  0.17221302046415773  0.18703017386242748  0.20102787206542075
  0.21399013924764151  0.22621439739750238  0.23807964945645890  0.25014417432339214
  0.26210090664913832  0.27437737969763143  0.28604430631499023  0.29616617316043009
  0.30492589304612794  0.31333393445687602  0.32229919493505987  0.33264076189759190
  0.34370974255993997  0.35429451483262681  0.36439005914756667  0.37460004615278547
  0.38487314359783614  0.39508553737855484  0.40502715385019095  0.41504069151875378
  0.42471592623808613  0.43419569380603718  0.44332667983356561  0.45259699251312191
  0.46191495921877229  0.47130238424542448  0.48088347901307005  0.49060643609373727
  0.49967357090619841  0.50876055613625770  0.51816286974461967  0.52747278037541967
  0.53639542558766196  0.54494144837129854  0.55361496627221951  0.56359977400497874
  0.57289688345200451  0.58106602786259065  0.58881383503119766  0.59642537083796510
  0.60428143060893758  0.61216632570530327  0.61978560731613042  0.62838542067147174
  0.63777397118959533  0.64799479782058489  0.65829658015103210  0.66773869532647068
  0.67651818849416490  0.68506404940354193  0.69411693173409905  0.70344002298677044
  0.71244790250599233  0.72126003459868382  0.73008372379642317  0.73925083126845104
  0.74885474958902198  0.75740305447503520  0.76655326020905767  0.77536344036560045
  0.78460243276265618  0.79430296846802817  0.80343413468747615  0.81225171848433209
  0.82078834698574221  0.82964186941425555  0.83876765939261921  0.84825514401841973
  0.85798198863995778  0.86838619976538378  0.87888928036356473  0.88921267358584655
  0.89926745785189677  0.90948809729700064  0.92101646193830766  0.93417791815458029
  0.94844326151373815  0.96340842743661559  0.98041729127507005  1.00000000000000000
 -0.00256419867445444  0.01099637510243434  0.02110314325914757  0.03108119927494740
  0.04057691324722518  0.05107146750828129  0.06199884617842155  0.07315030158494372
  0.08396714093472127  0.09482863651291933  0.10562747404242258  0.11603156453781249
  0.12623135072991026  0.13701803986422167  0.14846743275091676  0.16071911643911968
  0.17305564636233078  0.18519110130441896  0.19777890192883515  0.20962978800804896
  0.22089215694237058  0.23132446765676845  0.24168568585021136  0.25215210374396796
  0.26276430381770460  0.27418705623549056  0.28546953544370984  0.29677959001349147
  0.30765143131836525  0.31862566667625886  0.32869162157654574  0.33893861280067356
  0.34813985760842997  0.35766406834662812  0.36706207949681452  0.37751065258897326
  0.38888729881602430  0.40082215547541344  0.41323256749382081  0.42591638068221943
  0.43782865907536878  0.44907037702654540  0.46031558482559498  0.47355134917464609
  0.48651269333889036  0.49856861857688323  0.50917717384073347  0.51996891018466607
  0.53032053651435884  0.54056563984652950  0.54960864666796683  0.55871455434866168
  0.56886213140907071  0.57957964201602463  0.59006960201375436  0.59990987822004371
  0.60964625003653150  0.62033380877698108  0.63106489400314847  0.64256741691436259
  0.65400585427597846  0.66481699500935321  0.67563700650817182  0.68648218211700640
  0.69734220538832115  0.70804231632728498  0.71839547992504782  0.72895255573433637
  0.73961761693547468  0.75103896910018086  0.76222442549038527  0.77271846507677378
  0.78264531645525759  0.79211771106451445  0.80104340803976259  0.80967410483570368
  0.81879230672092340  0.82845456696291209  0.83852025245335915  0.84723743004099983
  0.85505374139408097  0.86312046193021574  0.87186649174409647  0.88156894411521824
  0.89125146048983084  0.90102003000053377  0.91085494264962896  0.92048559920877204
  0.92995144899481186  0.93996393741642192  0.95106177315067009  0.96200081609025079
  0.97174021656187604  0.98097781539792994  0.99073704350971215  1.00000000000000000
  0.04849835547799210  0.60473671996952816  0.68352477024001657  0.73852347950004693
  0.75561782942837252  0.76262711903348446  0.76850364905751789  0.77409885073275131
  0.77948659065862724  0.78471418629578893  0.79015416344199618  0.79599248450381443
  0.80202210537671792  0.80772168480200435  0.81277036212703124  0.81680465445164108
  0.82049621175803777  0.82417783377926779  0.82785865051288587  0.83116828812154298
  0.83417144451465719  0.83712012688296111  0.84019217926452805  0.84339628757611340
  0.84671788590667263  0.85011528886497345  0.85345245970722006  0.85658882661647273
  0.85956718682824174  0.86238398931645943  0.86510523168268116  0.86761973675474069
  0.87014215677412288  0.87270374048087296  0.87524251516736540  0.87764739258740898
  0.88010694145984880  0.88256721310751662  0.88492840360529290  0.88716160694983326
  0.88931023091864081  0.89161898303455844  0.89394023877241935  0.89618585486733016
  0.89830465635127799  0.90052302060628175  0.90272637903106623  0.90494191605451935
  0.90714104810396179  0.90926665078397340  0.91140199219738693  0.91356280372003751
  0.91568216130736246  0.91774800917847199  0.91977299272231972  0.92175987591991249
  0.92364357593660096  0.92551436893501793  0.92735128655726862  0.92919494782451151
  0.93103144395143411  0.93287228604388894  0.93472883366971948  0.93664426216837116
  0.93861602515121334  0.94056100259159359  0.94242320672285262  0.94422997494380345
  0.94601857119541222  0.94777244695023355  0.94954169913296016  0.95131647648776230
  0.95315047559625166  0.95504842889838271  0.95692628295016613  0.95874765933710226
  0.96056857964634912  0.96238864675211366  0.96426897614643492  0.96612323533197475
  0.96798051855005929  0.96980453782569787  0.97162085488463867  0.97347753938907344
  0.97537571021178915  0.97716577280599448  0.97903191964129377  0.98091899054545728
  0.98291278780056512  0.98495710422672933  0.98698894075771970  0.98906928283892070
  0.99119495295597249  0.99348774044683930  0.99641928122043488  1.00000000000000000
 -0.01440891497572504  0.05659375118359268  0.09023652079231560  0.10989928090493263
  0.12299114102444683  0.13315288429479250  0.14135779349870833  0.14851982469907651
  0.15562706449361433  0.16231558297234014  0.16923520368113548  0.17662753986494348
  0.18477181732882594  0.19215432749620648  0.19931648666157670  0.20651310320955896
  0.21358732063088240  0.22038675537776711  0.22666113010319480  0.23207516041675211
  0.23693946828505114  0.24198503069962321  0.24730833696271140  0.25259787469185174
  0.25759410018746270  0.26245867575623633  0.26760100855177532  0.27324225921160084
  0.27866486156464437  0.28390720431054611  0.28903791922468181  0.29436555095524486
  0.29990263671088307  0.30491290603925214  0.30938588590404942  0.31387958241740471
  0.31853418329803174  0.32392410249051240  0.33015248571089351  0.33656812816375548
  0.34317754688708818  0.34959599082071147  0.35584879853087636  0.36202166331831526
  0.36803116170089484  0.37431424078104142  0.38059699976455252  0.38732184063666542
  0.39341515583488179  0.39899510323186094  0.40465142033518292  0.41073302345847157
  0.41717361459720098  0.42354814699711896  0.42958344588925784  0.43559776582268445
  0.44181068283614722  0.44825665529932146  0.45519468863994056  0.46214688060658243
  0.46934679409459429  0.47624458669915415  0.48370747801200803  0.49073563540998877
  0.49794905731989564  0.50492107331707492  0.51176675300648200  0.51890555472083610
  0.52592595326474112  0.53356420522254566  0.54144316024245343  0.54952237012540628
  0.55774465161257125  0.56660851227528108  0.57543474634628777  0.58357855938890923
  0.59185181083326543  0.60045944277805474  0.60985941765992524  0.62016633079986261
  0.63043325601080336  0.64055155968331690  0.65083073399596847  0.66255303621289452
  0.67541149690452851  0.68928919586224646  0.70379278239645049  0.71829928580361657
  0.73354098674357293  0.75003958562604600  0.76745670408568323  0.78665573650671161
  0.81017474842016080  0.83873988672784661  0.88176693689912289  1.00000000000000000
   1.2673358897717093E-006  -1.0000000000000000     
 F F F F F F F F F F F F F F F F F F F F F F F F F F F F F F F F F F F F F F F F F F F F F F F F F F F F F F F F F F F F F F F F F F F F F F F F F F F F F F F F F F F F F F F F F F F F F F F F F F F F F F F F F F F F F F F F F F F F F F F F F F F F F F F F F F F F F F F F F F F F F F F F F F F F F F F F F F F F F F F F F F F F F F F F F F F F F F F F F F F F F F F F F F F F F F F F F F F F F F F F F F F F F F F F F F F F F F F F F F F F F F F F F F F F F F F F F F F F F F F F F F F F F F F F F F F F F F F F F F F F F F F F F F F F F F F F F F F F F F F F F F F F F F F F F F F F F F F F F F F F F F F F F F F F F F F F F F F F F F F F F F F F F F F F F F F F F F F F F F F F F F F F F F F F F F F F F F F F F F F F F F F F F F F F F F F F F F F F F F F F F F F F F F F F F F F F F F F F F F F F F F F F F F F F F F F F F F F F F F F F F F F F F F F F F F F F F F F F F F F F F F F F F F F F F F F F F F F F F F F F F F F F F F F F F F F F F F F F F F F F F F F F F F F F F F F F F F F F F F F F F F F F F F F F F F F F
  <DiscreteSampler_grid>
  grouped_processes
  1 # 1 for a reference and 2 for a running grid.
  10 # Attribute 'min_bin_probing_points' of the grid.
  1 # Attribute 'grid_mode' of the grid. 1=='default',2=='initialization'
  0.0000000000000000 # Attribute 'small_contrib_threshold' of the grid.
  0.5000000000000000 # Attribute 'damping_power' of the grid.
 # binID   n_entries weight   weight_sqr   abs_weight
    19   10   4.886152250784192E-003   1.285319507376259E-004   4.886152250784192E-003
    20   10   4.886152250784190E-003   1.285319507376259E-004   4.886152250784190E-003
    22   10   6.281143333360288E-003   2.162643029759098E-004   6.281143333360288E-003
    23   10   6.281143333360289E-003   2.162643029759101E-004   6.281143333360289E-003
    25   10   4.907230065453561E-003   1.162113850631791E-004   4.907230065453561E-003
    26   10   4.907230065453562E-003   1.162113850631792E-004   4.907230065453562E-003
    28   10   6.295121765623346E-003   1.883195382818485E-004   6.295121765623346E-003
    29   10   6.295121765623342E-003   1.883195382818483E-004   6.295121765623342E-003
    34   10   4.886152250784190E-003   1.285319507376258E-004   4.886152250784190E-003
    35   10   4.886152250784190E-003   1.285319507376259E-004   4.886152250784190E-003
    37   10   6.281143333360287E-003   2.162643029759097E-004   6.281143333360287E-003
    38   10   6.281143333360291E-003   2.162643029759102E-004   6.281143333360291E-003
    40   10   4.907230065453562E-003   1.162113850631791E-004   4.907230065453562E-003
    41   10   4.907230065453564E-003   1.162113850631793E-004   4.907230065453564E-003
    43   10   6.295121765623346E-003   1.883195382818485E-004   6.295121765623346E-003
    44   10   6.295121765623342E-003   1.883195382818483E-004   6.295121765623342E-003
  </DiscreteSampler_grid>
