  0.00000139925850485  0.00000142516013855  0.00000146362644638  0.00000151282111021
  0.00000156880630700  0.00000163160036393  0.00000170422003290  0.00000176760307142
  0.00000183320091161  0.00000190389119934  0.00000197851944205  0.00000207051761218
  0.00000215817891651  0.00000226237734837  0.00000236103552982  0.00000245227718741
  0.00000255494112125  0.00000266253617340  0.00000277416349044  0.00000289150907571
  0.00000302175955347  0.00000317497330368  0.00000333768771594  0.00000349528795350
  0.00000365688181146  0.00000381464355594  0.00000397204087691  0.00000413106320892
  0.00000429190969843  0.00000445455229305  0.00000462524052112  0.00000481446885946
  0.00000502484179150  0.00000522811214193  0.00000544590613229  0.00000569460796386
  0.00000596938496324  0.00000625551938512  0.00000654392138251  0.00000686140255434
  0.00000720301041001  0.00000756510565349  0.00000795390603756  0.00000834936660889
  0.00000873826340733  0.00000915448351531  0.00000959245073278  0.00001004731392735
  0.00001053848536155  0.00001106538795085  0.00001162834887736  0.00001225272507492
  0.00001294001846472  0.00001369198636801  0.00001452593447731  0.00001543664130193
  0.00001637581478008  0.00001742285223046  0.00001855164362742  0.00001984012414417
  0.00002124684737574  0.00002280254762047  0.00002443973980574  0.00002619816846714
  0.00002818115513968  0.00003035066725291  0.00003263867476512  0.00003502839483261
  0.00003759124194209  0.00004048626474649  0.00004371468965895  0.00004754481978312
  0.00005225783118601  0.00005813827819868  0.00006468466749137  0.00007157835176098
  0.00007903895530483  0.00008720147391046  0.00009647454154017  0.00010706028353267
  0.00011925526350327  0.00013464608966670  0.00015306722316044  0.00017340776176616
  0.00019875754794396  0.00023631434006612  0.00028358360465949  0.00033522278932264
  0.00041140326572517  0.00053773642878371  0.00072941766018657  0.00107662383377958
  0.00191289709764255  0.00435428949491107  0.02659467552567057  1.00000000000000000
  0.00000011970016134  0.00000014826416113  0.00000016737302998  0.00000018208570037
  0.00000019448925850  0.00000021131151827  0.00000022863883213  0.00000024446938815
  0.00000025923646365  0.00000027385820055  0.00000029046873214  0.00000030905045993
  0.00000032850139527  0.00000034750073137  0.00000036822180105  0.00000038986025564
  0.00000041340804015  0.00000044427475712  0.00000047561479507  0.00000050714823984
  0.00000053727234318  0.00000056776957989  0.00000060171775734  0.00000063978723875
  0.00000067938253479  0.00000071600040309  0.00000075390939956  0.00000079465176559
  0.00000083897913636  0.00000088316700427  0.00000093641413522  0.00000099198552273
  0.00000105002718643  0.00000111610127383  0.00000119075752624  0.00000127191218383
  0.00000135627049763  0.00000144444503818  0.00000153114011949  0.00000162544401075
  0.00000173166684113  0.00000184988962868  0.00000197805303450  0.00000211482784481
  0.00000226359438421  0.00000242961232925  0.00000261500740227  0.00000280219081274
  0.00000299831811028  0.00000319703376303  0.00000342375073362  0.00000367820852770
  0.00000395346054986  0.00000428411779352  0.00000463757233881  0.00000502563644279
  0.00000545231693923  0.00000591197893772  0.00000642451682020  0.00000699994318168
  0.00000764410852134  0.00000843976895709  0.00000932156751337  0.00001022442258343
  0.00001122506138964  0.00001233125078290  0.00001361132773727  0.00001516309083249
  0.00001696151311061  0.00001913746107793  0.00002151118134156  0.00002413007382597
  0.00002712349855636  0.00003069760749036  0.00003470383545286  0.00003921833920383
  0.00004473053376344  0.00005086073619760  0.00005769106060950  0.00006570590524885
  0.00007535473949435  0.00008740588216675  0.00010154372203187  0.00011830037954596
  0.00013929363675464  0.00016578671150862  0.00019813443817313  0.00023998411837120
  0.00029700465001851  0.00037874656248081  0.00050536434315606  0.00071974866930870
  0.00105811413624184  0.00198665049516780  0.20751821018309963  1.00000000000000000
  0.00000597867703694  0.00001277778332099  0.00001352496015380  0.00001434747387315
  0.00001538785150613  0.00001651980616345  0.00001783122548898  0.00001932433041987
  0.00002082736729359  0.00002231795469116  0.00002373040988522  0.00002520762731108
  0.00002664814623197  0.00002811265918993  0.00002962697870488  0.00003099993872324
  0.00003246951729119  0.00003415120683858  0.00003602091025627  0.00003800588368292
  0.00004002953245757  0.00004211879592543  0.00004445665027305  0.00004697065897847
  0.00004953348418550  0.00005216184983523  0.00005493361420607  0.00005785502040184
  0.00006123236493786  0.00006493126434887  0.00006828727457758  0.00007227488636186
  0.00007611807511410  0.00008055399360826  0.00008554744747712  0.00009097449166085
  0.00009677138805418  0.00010268033613472  0.00010853107119479  0.00011474352262999
  0.00012128441370686  0.00012826273062691  0.00013539023861677  0.00014263304370543
  0.00014994918041679  0.00015813381226436  0.00016670740687356  0.00017653074790223
  0.00018768706166489  0.00019810971288543  0.00021078939063041  0.00022357881275048
  0.00023822600588099  0.00025478317026074  0.00027137571479339  0.00028873489930099
  0.00030661855421069  0.00032700722217514  0.00034931573500621  0.00037162512507916
  0.00039472185299917  0.00041935852284985  0.00044747142371102  0.00047912147744617
  0.00051252599410751  0.00054801820626375  0.00058654642713165  0.00062876240459764
  0.00067729384804341  0.00073417821393728  0.00079942082276558  0.00087281431007338
  0.00095311775255081  0.00104087926231685  0.00113213293138408  0.00122893138680481
  0.00135176474441709  0.00149796305669362  0.00166669502824254  0.00184009401838496
  0.00205001679225970  0.00226866250261647  0.00246863104643725  0.00267539873748981
  0.00295281840580364  0.00327976048845108  0.00361907505295810  0.00407217908193262
  0.00455190017971205  0.00504982347802913  0.00558301523361831  0.00638044057419578
  0.00845944426546660  0.01215640591037251  0.02035967104597119  1.00000000000000000
  0.00000182692602494  0.00000188827810526  0.00000193247617360  0.00000197624361049
  0.00000201882009326  0.00000205796489254  0.00000209720280138  0.00000214059638229
  0.00000219086660194  0.00000224449185781  0.00000230300441746  0.00000236370368530
  0.00000242366721242  0.00000248444872354  0.00000255033071854  0.00000262868319549
  0.00000271460892672  0.00000280391629322  0.00000289255441804  0.00000299606696286
  0.00000311644580554  0.00000324274114294  0.00000337393495030  0.00000350191456280
  0.00000363697454583  0.00000377441158816  0.00000392135058911  0.00000408273803122
  0.00000425501581381  0.00000442971392087  0.00000460796874742  0.00000481040004887
  0.00000504298679968  0.00000529485899737  0.00000557920318664  0.00000588771410382
  0.00000622095836206  0.00000657738822764  0.00000694761072684  0.00000732140987378
  0.00000770155986297  0.00000812433929765  0.00000856472152391  0.00000904177088155
  0.00000955586315295  0.00001008041427761  0.00001064800429073  0.00001127415181305
  0.00001196310926172  0.00001271889570705  0.00001353659097766  0.00001442206561068
  0.00001541169253305  0.00001648580907938  0.00001767016267361  0.00001899251668321
  0.00002032782930732  0.00002170015136608  0.00002322302069583  0.00002499598573681
  0.00002697482998469  0.00002905799881988  0.00003128712004733  0.00003372821898885
  0.00003624317081858  0.00003901894887410  0.00004201150226427  0.00004544515251624
  0.00004937522127404  0.00005385011092290  0.00005851763159033  0.00006414841031955
  0.00007014776992908  0.00007721623765069  0.00008531386423774  0.00009486869881072
  0.00010539513677025  0.00011762899143890  0.00013175475657123  0.00014729870349743
  0.00016626140511816  0.00018859347107872  0.00021527697648167  0.00024477183046692
  0.00027682470445590  0.00031453922822898  0.00036556305595869  0.00043865861110346
  0.00059012219396716  0.00084290354779793  0.00111766180765501  0.00155033945762877
  0.00251523422184883  0.00469993986656194  0.02269461570494962  1.00000000000000000
 -0.00192258777517644  0.00634287152140227  0.01419310752135000  0.02145429839157165
  0.02839140342233917  0.03524888626984880  0.04190769162114427  0.04855578969570181
  0.05532065103749535  0.06215290389145028  0.06911462975869380  0.07629717310630296
  0.08365571508737608  0.09087029910073116  0.09756068275840758  0.10385492171906657
  0.11062966771656275  0.11750021921396542  0.12453041435985245  0.13164035864109019
  0.13889867978087311  0.14666535664220315  0.15440534052189989  0.16187896727629747
  0.16923915056217523  0.17679713339556141  0.18503959514744400  0.19379695334282657
  0.20266653014677372  0.21191554296610640  0.22176529075521559  0.23220146914309397
  0.24242881568474545  0.25236138456293722  0.26246483099160545  0.27291893017032909
  0.28345664812696036  0.29357611560299607  0.30341697199164402  0.31315112674716755
  0.32324403996274231  0.33355342378547426  0.34371334644046725  0.35407856090157513
  0.36502288193678023  0.37641671357226703  0.38723549429988946  0.39779911485755964
  0.40893872011889387  0.42054732085660063  0.43226679733937695  0.44397968782667685
  0.45552206129117706  0.46599426542705696  0.47620523856281188  0.48669385185592834
  0.49785266363042902  0.50898955583888394  0.52029992178707818  0.53256067878687152
  0.54579930965047163  0.55925054037964117  0.57154571865372195  0.58335639658594574
  0.59619380270266842  0.61054774848231552  0.62571205119939444  0.64089249785129376
  0.65596681159865589  0.66986039373129613  0.68274400588823192  0.69570136995352017
  0.70881761274893051  0.72234812427471984  0.73667207159687342  0.75162989007576864
  0.76648650793536999  0.78065642160868987  0.79479488460707381  0.80892251663903081
  0.82290442606586600  0.83554666554721346  0.84775375347094628  0.85905989496182200
  0.87060806138208524  0.88122579741774998  0.89213191501636890  0.90259452631966819
  0.91351783929723440  0.92388337665262177  0.93592856311929096  0.94849391108588188
  0.96205404325584343  0.97549506602079350  0.98812774040329210  1.00000000000000000
 -0.00236917956946483  0.00904087158051988  0.02001594802244296  0.03228701069844222
  0.04513760408954574  0.05705348868025438  0.06762877124069794  0.07801731904283311
  0.08806409582601411  0.09819664371873237  0.10803431663278898  0.11857181869044911
  0.12909415424428614  0.13991604041471056  0.15058951176326113  0.16136414752782080
  0.17264399351884183  0.18404332470028284  0.19540054548376903  0.20613200922120403
  0.21703409319418684  0.22762137145226985  0.23804738519888441  0.24897368497187067
  0.25897982873260655  0.26977896584794658  0.27990308928657809  0.29004398703165712
  0.29979777004853569  0.31015372931049978  0.32191181584512418  0.33381527732469851
  0.34602107802673432  0.35746414762482454  0.36848661791441439  0.37891773947797147
  0.38870748380039616  0.39837690840152040  0.40831720850293185  0.41929367875927231
  0.43013731170858810  0.44034207474958115  0.45022145400192898  0.46021589632653581
  0.47077058114960024  0.48157424771151580  0.49278971780423236  0.50438352024376032
  0.51681553909971478  0.52882650583797852  0.54008478241435587  0.54997680785090963
  0.55985317783465072  0.56942518066840742  0.57891473370890900  0.58857319625172710
  0.59924407870547947  0.61050959694137985  0.62219652300772488  0.63312554572771129
  0.64335363241777244  0.65288656719319926  0.66283268441974064  0.67340939433018998
  0.68513989042580314  0.69673983318129473  0.70831920846081509  0.71890681481248175
  0.72923796293434229  0.73751943606602821  0.74549690544810865  0.75335831440728396
  0.76205832221815784  0.77114506378135206  0.77991640617147606  0.78888741604773971
  0.79924941120573867  0.81158241973964629  0.82321854187603827  0.83417757015526706
  0.84430805388270791  0.85391336903536630  0.86249387397315780  0.87096241250593365
  0.88021965169913741  0.89042871332869677  0.90077711459661469  0.91105939072474040
  0.92120055550638846  0.93199739851001939  0.94305871424296350  0.95505919331059019
  0.96614197536166402  0.97764893459527491  0.98839860289627834  1.00000000000000000
 -0.00282134701344893  0.01035018250816929  0.02051527522951522  0.03005340206985537
  0.03982268845929952  0.04920332813204299  0.05864086036151139  0.06805345445955276
  0.07817678374385874  0.08897868243547186  0.09979756534557563  0.11059771957114563
  0.12147609514473055  0.13239254413389251  0.14309065854684697  0.15341254558212233
  0.16384182840340647  0.17530873980721692  0.18627848437923597  0.19646542958143881
  0.20567602949942010  0.21566282863390041  0.22597135127996965  0.23557026839962625
  0.24539817197553923  0.25514475384361873  0.26552910319817069  0.27560533467358989
  0.28544472604149651  0.29601317048877257  0.30750798003048818  0.31959238508843824
  0.33100764956853890  0.34295349439797929  0.35452068882369653  0.36624940407159268
  0.37838234487464206  0.39012686438507166  0.40189320438680148  0.41384177099334024
  0.42562798024207116  0.43711461099174309  0.44818345213701732  0.45973835319289863
  0.47200734819771389  0.48464975638615199  0.49677139427221234  0.50773823876018331
  0.51817576475928850  0.52889132428557328  0.54041057575666818  0.55205519259064961
  0.56418518886275704  0.57592875843156033  0.58776371833566721  0.59927325987233859
  0.60989071020069485  0.62012088071263505  0.62977220269632261  0.64014278562355376
  0.65121583350108792  0.66293412069242807  0.67366329784259993  0.68365985589079092
  0.69435782741338914  0.70663109487164122  0.71845081300069313  0.72883274005961052
  0.73868436035639484  0.74883120585095886  0.75941373058412043  0.76927099108018471
  0.77884730761255638  0.78912348113244457  0.79997059258476266  0.81110979559497109
  0.82152223102832600  0.83129113940100474  0.84066255923672417  0.84980869320376007
  0.85890574048365997  0.86835984590360960  0.87721526423507823  0.88577699933783605
  0.89408193259997426  0.90278809774633606  0.91218824494993633  0.92192377963317640
  0.93166642074890405  0.94163598276244331  0.95163974396344519  0.96078156451841801
  0.96947847504027118  0.97857874846885806  0.98903133450694081  1.00000000000000000
 -0.00227021457825189  0.00819725372768490  0.01777208358631271  0.02801920018107196
  0.03882628215826062  0.04897714755515716  0.05963593042001648  0.06946685735733511
  0.07896411958150737  0.08781207712196394  0.09628874411568260  0.10549496061916458
  0.11491545225244822  0.12415546629542484  0.13363238221508630  0.14373583146490396
  0.15445690137656179  0.16495892801761181  0.17485854144435942  0.18468086277452378
  0.19475268292159684  0.20586976563998932  0.21690191274910264  0.22782935980022442
  0.23864691892390091  0.24973763486508996  0.26126225716139384  0.27247557834573038
  0.28327856180319666  0.29347556152115456  0.30284525018747094  0.31179768640364169
  0.32112860856911607  0.33129227609417289  0.34234123457329346  0.35395677089514321
  0.36626234032327304  0.37806038048470875  0.38914099580350325  0.40023374222020036
  0.41165277917043352  0.42347405448000380  0.43563204283697038  0.44754446428242095
  0.45830470951785168  0.46817329818968206  0.47762530825499688  0.48729033087739382
  0.49794390024935847  0.50914375945299084  0.51996288428112658  0.52986314910694066
  0.53987059350615274  0.55073979676190721  0.56237908002093351  0.57344553688493949
  0.58432732997122816  0.59532948307590960  0.60587510308904402  0.61552227879228438
  0.62501273505452704  0.63447153266437195  0.64438361349967166  0.65426119493117640
  0.66338823335240416  0.67257811571547932  0.68183969252085863  0.69116625510064622
  0.70077584469275922  0.71041189863584497  0.72064200051735194  0.73165917465638608
  0.74309053403844294  0.75435276150932096  0.76560662398765011  0.77697715577137605
  0.78806923774662618  0.79781959682731107  0.80715268769023663  0.81641747311550561
  0.82585978468648913  0.83483332802227439  0.84382440015881732  0.85324255491800616
  0.86399306876670012  0.87514454094953953  0.88669990238111551  0.89909854393512056
  0.91274357725715194  0.92623138091780965  0.93861343505711170  0.95053346280143014
  0.96263488609002346  0.97497331099527007  0.98760944258065275  1.00000000000000000
 -0.00184992058690274  0.01132977554296351  0.02248800875167074  0.03438299235434268
  0.04627638436321792  0.05819013712128522  0.06895869741941173  0.07916862815698243
  0.08972048179590220  0.10018932338751965  0.11091852428896481  0.12091977253277954
  0.13075677270949992  0.14071562670374260  0.15096557765492677  0.16218683901247205
  0.17328518632355067  0.18466814125094597  0.19526542982103584  0.20606257364731287
  0.21676062925282008  0.22717126836906282  0.23776558915767101  0.24846703022368133
  0.25971001567835200  0.27005711855800979  0.28005026629121077  0.28975828534716186
  0.29882919385722451  0.30741598230784750  0.31649255693818573  0.32622921727962256
  0.33679777602377869  0.34797748487466751  0.35973912778544237  0.37111569364809815
  0.38193496763267154  0.39241000905110529  0.40308285677362382  0.41395827106894922
  0.42459118903289533  0.43499187055895167  0.44546718952306918  0.45572463004395808
  0.46591387289185471  0.47651886630891965  0.48755593849322709  0.49848262333945281
  0.50902170269170066  0.51999835638201930  0.53137331131078225  0.54276957876622967
  0.55335601281508007  0.56409467598813579  0.57522332293616940  0.58663206979073190
  0.59737937575882682  0.60797623450629323  0.61939837593735958  0.63117264051612609
  0.64308896049145292  0.65452794791977920  0.66562267017928745  0.67646955948812226
  0.68733941909024965  0.69793236253965507  0.70869798031466291  0.71994059040623160
  0.73218155411853270  0.74365304459293202  0.75399419451815386  0.76342726657572957
  0.77280436648088435  0.78330377417021080  0.79408566728547747  0.80382686723150809
  0.81273600209527186  0.82200920185304616  0.83140190698315330  0.84195725735579063
  0.85277369063517128  0.86325774391661259  0.87302246263399930  0.88213756439405677
  0.89030875655242603  0.89835275305600037  0.90660872787857183  0.91531491692743749
  0.92524717098968656  0.93533979860562433  0.94492541619135562  0.95573136614890075
  0.96679242170408619  0.97762405465782121  0.98784331609101406  1.00000000000000000
 -0.00240280801294277  0.00984446908860077  0.01988704542631672  0.03063954989952568
  0.04219192122991450  0.05441954959145470  0.06634080744248022  0.07807243334609952
  0.08900742412689790  0.09960864247138808  0.11113546041300179  0.12277335711238155
  0.13406970976394014  0.14493674788350933  0.15546069350567665  0.16561136243135766
  0.17531202131384946  0.18518239768644726  0.19564135695973123  0.20616445259069277
  0.21686457594194924  0.22762354892343228  0.23809323662778428  0.24835009013023807
  0.25815585171974409  0.26805169988694877  0.27775448595241403  0.28706913056346650
  0.29624532692487354  0.30521550870230302  0.31478923790594915  0.32488461054432982
  0.33485610684233497  0.34531167957902847  0.35605652936842286  0.36633799818721202
  0.37666528154418116  0.38710456791054221  0.39768235906367000  0.40796792829450917
  0.41789446519153939  0.42763414134605598  0.43781582722393825  0.44800273043482619
  0.45864291071838248  0.46932923590799425  0.48043967332121557  0.49183054351393379
  0.50394538385782872  0.51586532311817179  0.52702567357171282  0.53693153563190343
  0.54703043304136145  0.55657912023890910  0.56600236604459708  0.57538510951248112
  0.58493281895864813  0.59589186870460698  0.60717059890554526  0.61866240558707430
  0.62918347005531228  0.64018459015072871  0.65061801913979789  0.66128017395789673
  0.67116716284690314  0.68105035458948782  0.69045588658319146  0.69965804730357617
  0.70957551574676292  0.71972230810879567  0.72998372110079723  0.74041031207220520
  0.75108753320371613  0.76273966405443783  0.77499169822339253  0.78743824731403222
  0.79953912252962911  0.81228263778289256  0.82410686875543204  0.83644877923276628
  0.84714110139330001  0.85691362428446483  0.86549179243973051  0.87525824465602176
  0.88530992310201706  0.89560499697188789  0.90537670248261237  0.91424398350077873
  0.92354675700668354  0.93306724407932240  0.94339202358028285  0.95423483308169832
  0.96577699744835399  0.97760888585390726  0.98916788951056800  1.00000000000000000
 -0.00266688490737783  0.01033278819599077  0.02060177432202613  0.03123846039953868
  0.04144145213638029  0.05071972622571719  0.05997496925976398  0.06945319367078363
  0.07886828608386016  0.08830050132492491  0.09723465064248582  0.10614299504553601
  0.11587875351239334  0.12547675375261333  0.13478878391741936  0.14518449609197018
  0.15695734094734617  0.16915366820587557  0.17897638817760003  0.18843348417483363
  0.19824864189739635  0.20852630576827236  0.21887663940492164  0.22974159034283850
  0.24067825119706815  0.25126672701455088  0.26161781294853942  0.27231074621719942
  0.28295232796353331  0.29318865481707018  0.30296721892947287  0.31287604253449725
  0.32368809736040183  0.33440861234049618  0.34339747762893785  0.35176775230193119
  0.36055327338161880  0.37038389429040963  0.37969597587082837  0.38899449126982383
  0.39936755814670832  0.41031249242223949  0.42103427284231415  0.43246729817544333
  0.44482564578986611  0.45792536775699849  0.47089498247065770  0.48266656078180520
  0.49308808153592665  0.50285786601157911  0.51267796988567438  0.52280204276793096
  0.53302033876226962  0.54313795639232620  0.55344835877828513  0.56384197327325603
  0.57450807378376445  0.58611057645279374  0.59793121955436945  0.60921106936397607
  0.62033712261222529  0.63130460273848255  0.64188484454347905  0.65248674958397446
  0.66301012730697317  0.67403652952707671  0.68469330804387252  0.69515395867894914
  0.70619329697885791  0.71735781868056281  0.72801916631686858  0.73807307003606526
  0.74822892716301370  0.75858116428780309  0.76920999557967840  0.78005143326526261
  0.79110130940479162  0.80171118648328921  0.81195056093661999  0.82174901027261005
  0.83153862935556733  0.84231423995007404  0.85425755448603446  0.86717650288275794
  0.87803345024452484  0.88857173247188881  0.89876664584408816  0.90954965305050506
  0.92079851704423510  0.93285924198833037  0.94472927946619567  0.95579415655361755
  0.96670910889419959  0.97805890366839776  0.98938195573393550  1.00000000000000000
  0.39854113979304223  0.40861701253237359  0.41852464598468464  0.45494002113977322
  0.48243860637524649  0.50734186568211759  0.52521343291532308  0.53372104083897665
  0.53956475913704971  0.54517829884266966  0.55135835246483056  0.56004680423594722
  0.57094234752348216  0.58072872422266042  0.58983759994148677  0.59850717472144510
  0.60790257772519596  0.61962520267838983  0.63156742792436082  0.64085781922500185
  0.64873664890590610  0.65638072609044951  0.66454234719750749  0.67274373375042273
  0.67912926101615734  0.68529441359887255  0.69055860288147908  0.69563884336053705
  0.70079616376181075  0.70621315978271382  0.71196100104048854  0.71778581580968459
  0.72330788064942897  0.72908712454111579  0.73567290737912949  0.74216922926699880
  0.74837898250394519  0.75453089322575928  0.76034854730798884  0.76614403282650134
  0.77209020400025108  0.77848695766101350  0.78503362235926577  0.79109778806946063
  0.79630633931859385  0.80117936124706890  0.80617495561540831  0.81163648842734337
  0.81721195560656978  0.82232025468483005  0.82696228754226642  0.83129722267593520
  0.83573347887172067  0.84025143983058570  0.84510635982905624  0.84979278652882084
  0.85433255308353884  0.85847688316295989  0.86251778776513655  0.86628239265449003
  0.87017606224433119  0.87416820709795562  0.87849015044247614  0.88258536343751093
  0.88677334613070780  0.89114115929573090  0.89561803794614536  0.90016486375135052
  0.90455637545200662  0.90895614598598073  0.91309105373602739  0.91689658933980844
  0.92080348854349892  0.92463348572435455  0.92818826549424394  0.93170829359546414
  0.93532959592186815  0.93906889172143337  0.94279888453689642  0.94639736659628093
  0.94982122274626757  0.95296480142940521  0.95605858976436375  0.95921163685116306
  0.96244277762712871  0.96576875923527705  0.96912160420678972  0.97241785073031817
  0.97574139052848718  0.97910186751104766  0.98254409357884120  0.98596280571416284
  0.98934579523201127  0.99281014085215324  0.99638596119578160  1.00000000000000000
 -0.00392010032980241  0.10972601110772948  0.12262425345440549  0.13262308798055289
  0.14086832014475065  0.14800857140757515  0.15437559710900817  0.16037915997461891
  0.16614492600379654  0.17454636373096499  0.18231544427639082  0.19000188966069903
  0.19755001731311864  0.20535685279503521  0.21328868148145341  0.22110307410448579
  0.22896464302107486  0.23664664724989451  0.24403071205122329  0.25116290643499789
  0.25817485461091727  0.26459595084564091  0.27074356743321121  0.27573407115743309
  0.28103959899814623  0.28655360018624632  0.29259370745681240  0.29891043126113082
  0.30497273469872649  0.31076269873064666  0.31654446404524333  0.32247599410868999
  0.32868022742677994  0.33495552355991109  0.34070270425227683  0.34638421826655863
  0.35227168535356856  0.35812192812776583  0.36443910338062424  0.37049613172890561
  0.37671770150418560  0.38297993371825462  0.38932525597719464  0.39544473676574077
  0.40084313828988327  0.40585293449797416  0.41083057248957472  0.41590477097251644
  0.42129623071777939  0.42698169953868992  0.43278040173873067  0.43863075242843169
  0.44435264672640079  0.45002045659591416  0.45557358929532216  0.46135147427330353
  0.46752424495746325  0.47380062608167522  0.48015651126141773  0.48656638571891958
  0.49350315476055434  0.50104070694953595  0.50871264557913709  0.51600385410171012
  0.52309395683407878  0.53010155919720858  0.53702199306052956  0.54410147001632569
  0.55150899519446428  0.55929811590481193  0.56724226921670318  0.57512766482007915
  0.58327806681633299  0.59221547223590532  0.60087579540597291  0.60931994459161687
  0.61750826893029276  0.62685001923096162  0.63646452354681005  0.64639840687873273
  0.65529134864312188  0.66450409531980992  0.67492003968232672  0.68711493429916226
  0.70035594968031489  0.71389742293537728  0.72879035933811120  0.74461119897226491
  0.75940555621192363  0.77315120798682291  0.78763092991661365  0.80454106031793404
  0.82660285344612794  0.85458110464424197  0.89066975895642386  1.00000000000000000
   4.8451586427793262E-005  -1.0000000000000000     
 F F F F F F F F F F F F F F F F F F F F F F F F F F F F F F F F F F F F F F F F F F F F F F F F F F F F F F F F F F F F F F F F F F F F F F F F F F F F F F F F F F F F F F F F F F F F F F F F F F F F F F F F F F F F F F F F F F F F F F F F F F F F F F F F F F F F F F F F F F F F F F F F F F F F F F F F F F F F F F F F F F F F F F F F F F F F F F F F F F F F F F F F F F F F F F F F F F F F F F F F F F F F F F F F F F F F F F F F F F F F F F F F F F F F F F F F F F F F F F F F F F F F F F F F F F F F F F F F F F F F F F F F F F F F F F F F F F F F F F F F F F F F F F F F F F F F F F F F F F F F F F F F F F F F F F F F F F F F F F F F F F F F F F F F F F F F F F F F F F F F F F F F F F F F F F F F F F F F F F F F F F F F F F F F F F F F F F F F F F F F F F F F F F F F F F F F F F F F F F F F F F F F F F F F F F F F F F F F F F F F F F F F F F F F F F F F F F F F F F F F F F F F F F F F F F F F F F F F F F F F F F F F F F F F F F F F F F F F F F F F F F F F F F F F F F F F F F F F F F F F F F F F F F F F F F F F
  <DiscreteSampler_grid>
  grouped_processes
  1 # 1 for a reference and 2 for a running grid.
  10 # Attribute 'min_bin_probing_points' of the grid.
  1 # Attribute 'grid_mode' of the grid. 1=='default',2=='initialization'
  0.0000000000000000 # Attribute 'small_contrib_threshold' of the grid.
  0.5000000000000000 # Attribute 'damping_power' of the grid.
 # binID   n_entries weight   weight_sqr   abs_weight
    19   10   2.034701139242019E-001   3.271303933148454E-001   2.034701139242019E-001
    20   10   2.034701139242019E-001   3.271303933148455E-001   2.034701139242019E-001
    22   10   5.028068818401741E-002   2.019987213075527E-002   5.028068818401741E-002
    23   10   5.028068818401744E-002   2.019987213075529E-002   5.028068818401744E-002
    25   10   2.205263931015169E-001   3.349421343215507E-001   2.205263931015169E-001
    26   10   2.205263931015171E-001   3.349421343215512E-001   2.205263931015171E-001
    28   10   5.494268220665088E-002   2.074319365967860E-002   5.494268220665088E-002
    29   10   5.494268220665088E-002   2.074319365967860E-002   5.494268220665088E-002
    34   10   2.034701139242019E-001   3.271303933148454E-001   2.034701139242019E-001
    35   10   2.034701139242019E-001   3.271303933148455E-001   2.034701139242019E-001
    37   10   5.028068818401744E-002   2.019987213075528E-002   5.028068818401744E-002
    38   10   5.028068818401745E-002   2.019987213075529E-002   5.028068818401745E-002
    40   10   2.205263931015170E-001   3.349421343215510E-001   2.205263931015170E-001
    41   10   2.205263931015171E-001   3.349421343215512E-001   2.205263931015171E-001
    43   10   5.494268220665086E-002   2.074319365967860E-002   5.494268220665086E-002
    44   10   5.494268220665088E-002   2.074319365967860E-002   5.494268220665088E-002
  </DiscreteSampler_grid>
