 -0.00311379110972272  0.01370245352809594  0.02658306267809494  0.03922472537441948
  0.05113856437607905  0.06346432764494998  0.07555211503376064  0.08836183181012855
  0.10076406336901815  0.11290799829682303  0.12417583789592700  0.13418703934657319
  0.14439299598038483  0.15532376316006888  0.16799788281360975  0.18054161854656495
  0.19198287195064612  0.20217627309467670  0.21196233441283266  0.22204524708233900
  0.23248619478103497  0.24358800807272524  0.25522009947989227  0.26667754059902676
  0.27694783147659724  0.28648731552428008  0.29627307009492843  0.30669406067498767
  0.31705997215789750  0.32629882684772032  0.33575243497209667  0.34496951716077834
  0.35536947286973392  0.36534781168563113  0.37483726045085741  0.38498296468130544
  0.39543018159914195  0.40601239952512469  0.41632435162867554  0.42598439102756752
  0.43542189515323865  0.44537020820981299  0.45565987750381132  0.46648247260979347
  0.47757221953634987  0.48903017451914671  0.50171547613906575  0.51526279136391073
  0.52758063174199588  0.53788367764902956  0.54708816731496734  0.55619075166987220
  0.56616449558967030  0.57636678914017314  0.58620529151993350  0.59615603013533613
  0.60562585966815319  0.61449645560634580  0.62340754162772805  0.63294554588372609
  0.64364716089205554  0.65479359646720570  0.66557257966475081  0.67675501589228337
  0.68887341078721698  0.70111594408354416  0.71373743345876584  0.72587960238307980
  0.73711457595918295  0.74765385134395812  0.75756276061696859  0.76789407523979791
  0.77830175249756339  0.78804580462536822  0.79763680999334508  0.80632564713143884
  0.81612176829473004  0.82626524763952391  0.83822508043247201  0.85023513344002233
  0.86066878591298701  0.87051953308304963  0.88061659842315709  0.89085358330588738
  0.90124467533499653  0.91095805643604921  0.92127462894146162  0.93190741670402222
  0.94221642277323070  0.95186489874868707  0.96130606361444937  0.97109507379346827
  0.98080500455104147  0.98790954207101556  0.99416830121001454  1.00000000000000000
  0.00000158719867032  0.00000168192141062  0.00000170202610498  0.00000171873804888
  0.00000173969885002  0.00000179796371397  0.00000184452812129  0.00000187924430844
  0.00000192399875682  0.00000197347398450  0.00000202280678725  0.00000206809491324
  0.00000211770419573  0.00000217250794314  0.00000223559975178  0.00000230476450998
  0.00000237803280527  0.00000245288790806  0.00000252969170763  0.00000261216541173
  0.00000270301651517  0.00000280129781379  0.00000290488040526  0.00000302097995928
  0.00000315288675959  0.00000329529802757  0.00000344591680456  0.00000363189830184
  0.00000382832255877  0.00000403910697775  0.00000424348584350  0.00000445324137384
  0.00000467620500282  0.00000491618260930  0.00000516261979960  0.00000541840204471
  0.00000572605225362  0.00000605157515123  0.00000638735774585  0.00000674862794045
  0.00000711822020025  0.00000751031436911  0.00000795290156397  0.00000841913545480
  0.00000889988667500  0.00000942895210032  0.00001000058275340  0.00001064975697897
  0.00001135094079305  0.00001206432123603  0.00001277822485793  0.00001351388913202
  0.00001429519414196  0.00001526788998735  0.00001627961830578  0.00001742223885730
  0.00001861687540781  0.00001997135267524  0.00002149419105817  0.00002305674007602
  0.00002470990706490  0.00002637558358081  0.00002812112076522  0.00003019315691478
  0.00003258601250439  0.00003543117044575  0.00003893645932565  0.00004287664026035
  0.00004718302361496  0.00005219598156620  0.00005793216487538  0.00006423362484855
  0.00007149794170496  0.00008016629839843  0.00009087502872970  0.00010387495471493
  0.00011926861336743  0.00013817988789749  0.00016044738690557  0.00018406822672188
  0.00021271182786372  0.00025139389165923  0.00030264741583549  0.00036977029376072
  0.00045395097391625  0.00055431175488565  0.00067353996084138  0.00082760264371252
  0.00104649855006412  0.00137419314903398  0.00187615688579666  0.00240865882726941
  0.00338937817562372  0.00545372302374978  0.09719708525707298  1.00000000000000000
  0.00000174231352292  0.00000200145220010  0.00000211700713861  0.00000220542947695
  0.00000231136118398  0.00000242052567818  0.00000253597776332  0.00000267056036718
  0.00000281795673940  0.00000297255228167  0.00000314523775522  0.00000332881863873
  0.00000351643520923  0.00000370866725014  0.00000390430726975  0.00000413496652836
  0.00000438834264583  0.00000463973363789  0.00000489608399446  0.00000514928615855
  0.00000541923826792  0.00000572651635920  0.00000603929603512  0.00000637970947546
  0.00000673738947959  0.00000711680458065  0.00000751443195226  0.00000795949771589
  0.00000843875130009  0.00000894935810796  0.00000952251088655  0.00001009526576400
  0.00001075642635849  0.00001145298612187  0.00001216169397904  0.00001283992515245
  0.00001347912892114  0.00001412455530162  0.00001481433587599  0.00001555954287420
  0.00001633899590284  0.00001725536961936  0.00001820187197603  0.00001923412957101
  0.00002027530898646  0.00002129095974220  0.00002231319041092  0.00002344294372502
  0.00002474707783668  0.00002609471255100  0.00002744964635513  0.00002881276862670
  0.00003023839879263  0.00003180783390445  0.00003370123392429  0.00003575193756310
  0.00003790419518768  0.00004020940800690  0.00004253610415462  0.00004495806989874
  0.00004739686990537  0.00005037592407329  0.00005384791666830  0.00005767214474851
  0.00006198808773464  0.00006660016226387  0.00007224164180408  0.00007864354322502
  0.00008569494185866  0.00009322753343622  0.00010111579820562  0.00011042637325719
  0.00012118671419277  0.00013308499808595  0.00014658169531546  0.00016264732451785
  0.00018339752601599  0.00020562096064860  0.00022785114390034  0.00025336760482996
  0.00028833541976009  0.00033382897869201  0.00038260910674129  0.00044565576634274
  0.00052681737394394  0.00060674286521039  0.00069185417597656  0.00078390280408494
  0.00094080362456336  0.00108049662885535  0.00122040866766837  0.00139827384972891
  0.00165619126973330  0.00231442002205004  0.06728458587864440  1.00000000000000000
  0.00000248730461547  0.00000289344872480  0.00000327754382459  0.00000366785146098
  0.00000404569773555  0.00000443490007197  0.00000488198496901  0.00000540223830765
  0.00000601389437085  0.00000666283512354  0.00000733802343739  0.00000799354368332
  0.00000863059463297  0.00000931222299978  0.00001008032582341  0.00001095726976279
  0.00001188895923592  0.00001288938758697  0.00001400813904521  0.00001516859342892
  0.00001634708123763  0.00001760908559042  0.00001902868951041  0.00002067955004885
  0.00002237564877485  0.00002431069341084  0.00002637673633209  0.00002875141719349
  0.00003119260730144  0.00003374936678514  0.00003637646227772  0.00003934725241995
  0.00004231093951788  0.00004562551147186  0.00004910839103351  0.00005290341502397
  0.00005679490485750  0.00006081268185461  0.00006525493528966  0.00007035185034368
  0.00007573213906052  0.00008111039663387  0.00008724620229319  0.00009375012044361
  0.00010044160458808  0.00010723074446845  0.00011445070409053  0.00012260429853276
  0.00013192041197780  0.00014190452239815  0.00015256724160915  0.00016423180608676
  0.00017676541790223  0.00018929575244819  0.00020144119847499  0.00021462441722557
  0.00022937124806473  0.00024635572104959  0.00026481859953057  0.00028482763242562
  0.00030799583937000  0.00033320037048772  0.00035799116678448  0.00038140459457443
  0.00040401294689832  0.00042950390466080  0.00045943466008336  0.00049662287231137
  0.00054199194470795  0.00058934404314629  0.00063717841373738  0.00067765837246054
  0.00070886712281863  0.00073926352289407  0.00077123709185564  0.00080491425467778
  0.00084326778754479  0.00090459585711465  0.00098201949978160  0.00105799031794515
  0.00113777536361517  0.00122722072675282  0.00133641275481237  0.00147127918773297
  0.00161020819426169  0.00175159086840159  0.00190901844216145  0.00209830086100369
  0.00234482455499280  0.00273350196364243  0.00315881048250968  0.00365317847711803
  0.00428551508528046  0.00494288815437427  0.15105259426036016  1.00000000000000000
 -0.00116696506092428  0.01099886436258057  0.02191121692103790  0.03235712811475491
  0.04249849645642513  0.05217581539056874  0.06184843278091152  0.07173212077670955
  0.08168529799341429  0.09054532171082555  0.09936294792789488  0.10808237073247215
  0.11683218691532377  0.12586404979387697  0.13490613466598492  0.14387516668954739
  0.15257261764338098  0.16074366291123979  0.16868528746021538  0.17686392000693033
  0.18556223699430235  0.19512726312448714  0.20554865346226570  0.21616197486472510
  0.22723876243061422  0.23840044357089402  0.24919939155177886  0.25919928448875235
  0.26894206475591287  0.27946596658662248  0.29024392394493753  0.30071335273906996
  0.31079827000383631  0.32192156859218213  0.33413834669574938  0.34625154043729783
  0.35477988904535346  0.36309182114509608  0.37148170518123713  0.37965190819872147
  0.38863228747079265  0.39743549226520053  0.40638127224088294  0.41632654363306293
  0.42743500915025717  0.43956984575463470  0.45197437793006273  0.46398659581705959
  0.47574422397027516  0.48740729099694829  0.49955793394334369  0.51254591503869273
  0.52498705405700552  0.53695628932836748  0.54966777030768788  0.56265251570061214
  0.57510795014926042  0.58680467335455699  0.59909047922008141  0.61132305577751611
  0.62309912200813766  0.63496543930257965  0.64712647117022959  0.65872020119100483
  0.66946410336835838  0.67997110091903912  0.69000878643518926  0.70028548047781614
  0.71064804145827676  0.72143578029965327  0.73122376979490011  0.74142739448086770
  0.75144764413638820  0.76212882544254612  0.77402481950033342  0.78608886354597263
  0.79729032396056754  0.80747605910297648  0.81757190186899364  0.82832147190659977
  0.83954991870889917  0.85092676634904785  0.86245414009887278  0.87398015027766018
  0.88501719377567356  0.89569821193534704  0.90613286432664364  0.91626826282478868
  0.92577891580297511  0.93574702960319234  0.94609486703243184  0.95733214242258924
  0.96749898033618509  0.97761729436808531  0.98836424746468510  1.00000000000000000
 -0.00209665658491214  0.00918169659690051  0.01884859286131731  0.02916846853686119
  0.03771134330798501  0.04581317190050205  0.05448159014010240  0.06309439944171183
  0.07408616605108483  0.08628681002036706  0.09786666147599660  0.11017304485699693
  0.12230915528337739  0.13353579076533756  0.14409657395302083  0.15324045085157631
  0.16207291375323077  0.17059037947311406  0.17957552881570801  0.18940850180199709
  0.20035093844056209  0.21206186467246763  0.22355156854490890  0.23453159429444501
  0.24518471961099114  0.25546291549317535  0.26605400727512707  0.27757651535847050
  0.28902072980045035  0.29978652029850250  0.30988186710262494  0.31935773414056196
  0.32848740087041639  0.33720487115331377  0.34699282522511488  0.35796479590270758
  0.37009554359884977  0.38270642248448000  0.39491200029040802  0.40615587625939142
  0.41715884862613795  0.42827483526985949  0.43940135720475376  0.45055500010874927
  0.46124677454256358  0.47176188700268240  0.48193062748457088  0.49176031925843705
  0.50242081761458757  0.51341483740182681  0.52460263710048016  0.53549810668472630
  0.54564482241483114  0.55515607580986726  0.56458845613911268  0.57410359101245934
  0.58452590509976687  0.59522829204599914  0.60713123642456934  0.61945930084893108
  0.63147378830949941  0.64275798374121640  0.65410787690568850  0.66555967992284315
  0.67640462579072347  0.68615363063007029  0.69503346294642754  0.70360579994398864
  0.71266448453830433  0.72263970063466754  0.73247167311546946  0.74159185274765271
  0.75045991818530733  0.75940852134766501  0.76866188439866223  0.77896707528997178
  0.79003873083370513  0.80182202899572952  0.81257983812756762  0.82245697663100326
  0.83237906946749340  0.84331618897013638  0.85478374853742645  0.86582471168038377
  0.87656295000508788  0.88688038770518540  0.89700323428338080  0.90705300905835995
  0.91761168870953103  0.92897845789846278  0.94078317866945382  0.95269283863036180
  0.96503235887664862  0.97701181636242251  0.98888383400067992  1.00000000000000000
 -0.00207284160851808  0.00803445701061279  0.01715049010143719  0.02579574793331431
  0.03533201704443532  0.04580068057929601  0.05598445724501264  0.06617528527372368
  0.07556869450468015  0.08449921393020481  0.09313526773653720  0.10222708161296484
  0.11198447655352176  0.12224059682471283  0.13268903626952772  0.14336364690387918
  0.15407590336028351  0.16521004309657114  0.17671448234065784  0.18723677725744495
  0.19706697295936146  0.20677133695275024  0.21727343138777586  0.22829803139518778
  0.23970663301476877  0.25118455793964745  0.26309890457341684  0.27521019467727842
  0.28638823673144070  0.29640013386162606  0.30597956173939034  0.31554839144035446
  0.32559852357601549  0.33609851314690892  0.34662997577093752  0.35749011470098818
  0.36853902175611225  0.37896406685203970  0.38889082222335808  0.39850113607107246
  0.40856316605278392  0.41855958604066124  0.42906638550397780  0.43995335977972311
  0.45162712377265657  0.46353578842563847  0.47526651382136398  0.48637676440287519
  0.49695187154526865  0.50772639479705350  0.51831031166709929  0.52848522717007640
  0.53787846008060747  0.54786226902593205  0.55822995702247258  0.57002793395902207
  0.58186642854327342  0.59088960742011254  0.59886751145007899  0.60713016936708242
  0.61609084460728769  0.62696767524964347  0.63959028558441477  0.65182407691788358
  0.66373135624277280  0.67513181061195626  0.68614959079836768  0.69660207633074656
  0.70661783466795403  0.71695355491459101  0.72810154332812405  0.74022337150611184
  0.75186915015322586  0.76310028098761062  0.77351862001687044  0.78357745619390429
  0.79419594686462769  0.80573369745238577  0.81741002463371515  0.82843353783044482
  0.83907340424254673  0.84914048474202231  0.85838616051298655  0.86748980510511797
  0.87717861748149861  0.88843759802372846  0.90078107571068022  0.91256801796569542
  0.92382783810843316  0.93506253682428220  0.94586653291924505  0.95650540178704446
  0.96728517797147984  0.97832025905877507  0.98914075539391333  1.00000000000000000
 -0.00008661985966628  0.00005824875645869  0.00022686937970379  0.00048669014346506
  0.00068852015903339  0.00081647419182448  0.00094515550045418  0.00107436766819143
  0.00120996542012804  0.00134736736932376  0.00148778443813272  0.00163528135528536
  0.00178622631706524  0.00194107656504640  0.00209443653588976  0.00224683701872400
  0.00239941321597920  0.00255741736532754  0.00272539303207093  0.00289719107209915
  0.00307459691062525  0.00326469357395180  0.00343273241567293  0.00359419971917612
  0.00375292359600971  0.00391263821332969  0.00407065055920348  0.00421300608971811
  0.00436020202446261  0.00451395656370306  0.00460574198315482  0.00469052422284867
  0.00478375741652473  0.00487732268585337  0.00496282093011551  0.00504137283114317
  0.00511494005565348  0.00518584436191273  0.00526178277817092  0.00534139068935559
  0.00543133421187119  0.00552855519230874  0.00562539680793612  0.00572672647919483
  0.00583088675948702  0.00594030526562830  0.00601095557434562  0.00607233498127188
  0.00613393907095687  0.00619518428103552  0.00628408126454243  0.00651877520834664
  0.00672357464506778  0.00689150078725665  0.00706341574850230  0.00723585260449720
  0.00740988469287082  0.00761495270827063  0.00786066249829050  0.00812078350020326
  0.00840483132984712  0.00872271360082672  0.00905384131044755  0.00939332601356456
  0.00972995456501523  0.01005784996819499  0.01038928396057033  0.01071640559681619
  0.01102518783899975  0.01135093309084067  0.01179381439368615  0.01230991444801742
  0.01273946476095800  0.01309454535910009  0.01346493242142477  0.01388374651385145
  0.01420270294238784  0.01464955269941766  0.01513901211736175  0.01563509593172020
  0.01634158748124424  0.01718593356907160  0.01789826736546416  0.01883807113225243
  0.02117989932144782  0.02217471919024795  0.02323500763980148  0.02467894073286211
  0.02648082218862981  0.02842681397994400  0.03402848107350508  0.03515068140588555
  0.03940798030091829  0.04449253171958475  0.14850586160978055  1.00000000000000000
 -0.00276974202776284  0.01103261108519943  0.02215118097554325  0.03345156213032558
  0.04419724862883448  0.05538331550839856  0.06626248782617054  0.07815981424044158
  0.08963455312699509  0.09794613206550473  0.10605381413581891  0.11411899517841423
  0.12382773671230607  0.13544852170058413  0.14723587270881230  0.15753265282307283
  0.16720523586552424  0.17679508716016171  0.18815511480278863  0.19857705594647412
  0.20897770928485002  0.21944485738833042  0.23036115732403281  0.24105502086852509
  0.25149415912028350  0.26188855138301270  0.27199404419288303  0.28201878509826850
  0.29279087679134908  0.30432133750373069  0.31489208117446893  0.32491508355759335
  0.33420637328220820  0.34307818835614456  0.35209270596409020  0.36090535176416488
  0.37061652661413980  0.38048152164927279  0.39059910552072885  0.40035428513958615
  0.40928844244924178  0.41844849903053921  0.42792970989232659  0.43739866517079445
  0.44648147394097792  0.45550045080252638  0.46583957215361232  0.47649215380836502
  0.48694997079669000  0.49590146123213480  0.50393219514544496  0.51190900602864065
  0.52030415832536703  0.52940213251271540  0.53861268404311968  0.54749178539007881
  0.55587158576905060  0.56422813044970221  0.57234835787333083  0.58093012981416725
  0.59021456852574983  0.60012932350351744  0.61066994888748383  0.62189995583026914
  0.63314422333236720  0.64436573470438785  0.65544936233917384  0.66541937392612449
  0.67608900681409423  0.68727153285280473  0.70021246806413584  0.71238280552858158
  0.72446123371692139  0.73650268627455251  0.74893949412255212  0.76100513939037351
  0.77370710034783929  0.78589264281987459  0.79766866922321333  0.80980919657267147
  0.82259713330977335  0.83577669759311102  0.84762622420980227  0.85858032327964517
  0.86888100420749270  0.88022351944366484  0.89274914149081019  0.90488191213923219
  0.91601806166615896  0.92712401834880653  0.93878476986559400  0.95102258131524786
  0.96301354887473933  0.97523377079510010  0.98761592947793042  1.00000000000000000
 -0.00008614000855508  0.00000190011285064  0.00010887293544254  0.00036214877659055
  0.00057583878013494  0.00067163405616653  0.00076890295438544  0.00086959164897417
  0.00097128800269128  0.00107423755503266  0.00118390396298234  0.00129826122063437
  0.00141357918516823  0.00152906770097457  0.00163984751835820  0.00174943276303954
  0.00185325668847952  0.00195521247066194  0.00205007636947108  0.00214506196495456
  0.00224197015615914  0.00233887834736372  0.00244423992404493  0.00255021178896438
  0.00268052602636970  0.00279275708724064  0.00287547852466040  0.00295819996208016
  0.00303962583097620  0.00312071803455737  0.00320273550491033  0.00328981586732127
  0.00337689622973221  0.00348906084930536  0.00362986936317335  0.00376856539072759
  0.00390714994519065  0.00405619078425381  0.00418853673763461  0.00429502295655661
  0.00435623601860001  0.00442038917838406  0.00449140379339344  0.00455730578546971
  0.00461964448989773  0.00467541855220667  0.00473648611450283  0.00479830140747212
  0.00486803580974861  0.00493434214463270  0.00500597431070995  0.00507313174933712
  0.00512385908350878  0.00517044496731437  0.00521229098422019  0.00525528966430420
  0.00530411551225371  0.00535953822915558  0.00542609355240590  0.00547889795135558
  0.00552950725935733  0.00557904656700800  0.00563015319607817  0.00568722472937161
  0.00574552103050572  0.00581055911630778  0.00590125772760549  0.00606731979842554
  0.00615849216892833  0.00624966453943113  0.00634543023357003  0.00644560119087054
  0.00654577214817106  0.00666016236086824  0.00677520546638169  0.00691898196089802
  0.00709142451112993  0.00726511308674351  0.00743457737262935  0.00759854689639213
  0.00783431124437336  0.00809270436785165  0.00862053053974602  0.00888457415788057
  0.00915834145213566  0.00945166713338489  0.00995108372436396  0.01048065276496265
  0.01088202929282898  0.01122478351078591  0.01154793775468088  0.01186296062226009
  0.01331385882651333  0.02367373841265513  0.04166103968973264  1.00000000000000000
 -0.00275011201763516  0.01249920435859248  0.02532070075473741  0.03542166404089260
  0.04656051134481199  0.05695150718960779  0.06849272207125348  0.07984786352022689
  0.09149372210931225  0.10380092980193900  0.11620471924886931  0.12814032064921310
  0.13953483946214959  0.15046327051431044  0.16160956663520193  0.17337955526468651
  0.18449088107087461  0.19489558268115251  0.20530978108558970  0.21562879502019744
  0.22514588099032842  0.23488658233362866  0.24542761815698488  0.25712377143541271
  0.26851728639246436  0.27912451318666925  0.28954367632021039  0.29949985529249284
  0.30865082981775133  0.31743303575035176  0.32607587094282708  0.33553815103821549
  0.34655556741222598  0.35771788576347585  0.36763291212610150  0.37700393117091385
  0.38628295933656692  0.39529307352055765  0.40503043457016064  0.41515830688134603
  0.42606644771114077  0.43665031249427222  0.44723108372485204  0.45836874625425528
  0.46954892584697733  0.47804442315563300  0.48599173826939318  0.49359206221844820
  0.50139352626258915  0.51103938071922639  0.52339692143878280  0.53502164867849644
  0.54560656228724080  0.55580898519938438  0.56673211474254026  0.57866476659750210
  0.59088619173378198  0.60248950122200551  0.61330785394513609  0.62387075682292592
  0.63436203790448009  0.64583514072206893  0.65849324793534092  0.67067676463431858
  0.68056339297957313  0.69003561736081676  0.69960606046825569  0.70963780365883578
  0.71954749399681062  0.72877627810864931  0.73806579180195053  0.74828265475139799
  0.75894467898742257  0.76821007887627868  0.77690228677499784  0.78534335256133059
  0.79499110664356210  0.80548612569421152  0.81655666889292267  0.82717356016882337
  0.83685338678350696  0.84612962339501041  0.85544928196534298  0.86523206380871542
  0.87556399470382607  0.88669328564860461  0.89728233621850084  0.90726555963519351
  0.91715969141681231  0.92746979589466894  0.93882420076359341  0.95072057445785418
  0.96292564025392369  0.97523028495515873  0.98752839682147564  1.00000000000000000
  0.49452631312125139  0.77396305873082383  0.77808576963180165  0.78401311431271326
  0.78782264782975597  0.79072254318907675  0.79343140137885926  0.79645541410872200
  0.79947588206786635  0.80254612578333018  0.80581457910503484  0.80894331938995845
  0.81139316852654220  0.81324710657128019  0.81514681026214442  0.81720426577524008
  0.81967485692480058  0.82266237871819348  0.82557349350294207  0.82827351122914905
  0.83100420088549876  0.83390896939269277  0.83702070142239537  0.84007741683550718
  0.84304681034262019  0.84589249541082512  0.84861148677912057  0.85124448300615541
  0.85389760029154560  0.85669567267789193  0.85941115358538567  0.86196507317141779
  0.86447897386482697  0.86705638112613648  0.86967404371338286  0.87232033239159934
  0.87497400389474767  0.87788652557114222  0.88092428914865739  0.88388298697939816
  0.88672410343978691  0.88936239281157969  0.89192653078325024  0.89444883332552183
  0.89677709487768575  0.89912668469778989  0.90156073796617431  0.90415269174195789
  0.90673833278802074  0.90930163787370843  0.91194171415646264  0.91458676593631827
  0.91715943079288798  0.91965636482248114  0.92192440177597368  0.92438078438477489
  0.92675921215609547  0.92916791464615411  0.93150572063882264  0.93383657240120443
  0.93624638884295086  0.93855265322845405  0.94068566711369261  0.94275467324846751
  0.94473332311304037  0.94663769402638098  0.94851658327712385  0.95031543017482034
  0.95205246465812632  0.95374517541019421  0.95542632280530726  0.95708084626367862
  0.95877649506776519  0.96040899893522458  0.96206315315285729  0.96380047119833046
  0.96561402013161723  0.96744153581799264  0.96927242802341207  0.97105780313982271
  0.97290953203800723  0.97478860380627008  0.97667434166367806  0.97856466486466576
  0.98043373141686219  0.98221518024759202  0.98393197963104762  0.98564646115457999
  0.98741134295949917  0.98924897159754954  0.99116037919235878  0.99294471165717768
  0.99463057331639837  0.99635061328771857  0.99814093109605040  1.00000000000000000
 -0.00498954445538665  0.09077505400959607  0.10825561835453655  0.11834137645380378
  0.12837289839769661  0.13461564631234846  0.13994688671826322  0.14450283797082947
  0.14874976861640296  0.15273431047879224  0.15614618113071646  0.16553103414044751
  0.17374557352299080  0.18207411365282639  0.18909687904668424  0.19566094804926476
  0.20228558196011751  0.20928851490952113  0.21677756478594723  0.22412393161479102
  0.23131597176942834  0.23816927956639011  0.24494931323497315  0.25158711828518288
  0.25813838317270810  0.26473696327160662  0.27142336015914220  0.27801057857716915
  0.28476103167752742  0.29133026368519610  0.29779460521455026  0.30449397495059671
  0.31165003921081230  0.31878216461536668  0.32523327267515462  0.33152202967971950
  0.33720091177003597  0.34302985164300887  0.34885872847055294  0.35482608360985751
  0.36096113561777776  0.36718449068331410  0.37337823284847765  0.37953752178587546
  0.38589973106156644  0.39286180025286088  0.39979878739010927  0.40672286060782997
  0.41368600996731825  0.42045791709942792  0.42687675970092115  0.43291081626682243
  0.43877211771145963  0.44497996752809083  0.45059585135650204  0.45625535495389763
  0.46193238501660044  0.46780151996933839  0.47408346745144908  0.48026459391158111
  0.48625638401735677  0.49228183272229131  0.49874433001980584  0.50552992479707037
  0.51257114798428272  0.51987135501865500  0.52748748731794637  0.53525726280296138
  0.54303786325694936  0.55066833516070690  0.55802053810382146  0.56538961209088456
  0.57289774920560033  0.58133193628961688  0.59027741304403458  0.59882583542504275
  0.60733499834298410  0.61621538702421386  0.62468541876632544  0.63358963199945328
  0.64369904780878595  0.65511504656838238  0.66608043511434367  0.67705875196692356
  0.68836528683973930  0.70060799494609272  0.71268104927581777  0.72517886110547702
  0.73792407472292421  0.75256969836351761  0.76974067882197517  0.78715875222702492
  0.80748237970133319  0.83752802409843485  0.88652973530648493  1.00000000000000000
   3.3357023693482565E-004  -1.0000000000000000     
 F F F F F F F F F F F F F F F F F F F F F F F F F F F F F F F F F F F F F F F F F F F F F F F F F F F F F F F F F F F F F F F F F F F F F F F F F F F F F F F F F F F F F F F F F F F F F F F F F F F F F F F F F F F F F F F F F F F F F F F F F F F F F F F F F F F F F F F F F F F F F F F F F F F F F F F F F F F F F F F F F F F F F F F F F F F F F F F F F F F F F F F F F F F F F F F F F F F F F F F F F F F F F F F F F F F F F F F F F F F F F F F F F F F F F F F F F F F F F F F F F F F F F F F F F F F F F F F F F F F F F F F F F F F F F F F F F F F F F F F F F F F F F F F F F F F F F F F F F F F F F F F F F F F F F F F F F F F F F F F F F F F F F F F F F F F F F F F F F F F F F F F F F F F F F F F F F F F F F F F F F F F F F F F F F F F F F F F F F F F F F F F F F F F F F F F F F F F F F F F F F F F F F F F F F F F F F F F F F F F F F F F F F F F F F F F F F F F F F F F F F F F F F F F F F F F F F F F F F F F F F F F F F F F F F F F F F F F F F F F F F F F F F F F F F F F F F F F F F F F F F F F F F F F F F F F F
  <DiscreteSampler_grid>
  grouped_processes
  1 # 1 for a reference and 2 for a running grid.
  10 # Attribute 'min_bin_probing_points' of the grid.
  1 # Attribute 'grid_mode' of the grid. 1=='default',2=='initialization'
  0.0000000000000000 # Attribute 'small_contrib_threshold' of the grid.
  0.5000000000000000 # Attribute 'damping_power' of the grid.
 # binID   n_entries weight   weight_sqr   abs_weight
    19   10   8.011622620636498E+001   6.390171215376088E+004   8.011622620636498E+001
    20   10   8.011622620636483E+001   6.390171215376064E+004   8.011622620636483E+001
    22   10   9.267136615327404E+001   8.545007345266062E+004   9.267136615327404E+001
    23   10   9.267136615327385E+001   8.545007345266026E+004   9.267136615327385E+001
    25   10   9.903018270091596E+001   9.775512601554487E+004   9.903018270091596E+001
    26   10   9.903018270091583E+001   9.775512601554462E+004   9.903018270091583E+001
    28   10   1.374228150500077E+002   1.883046093310814E+005   1.374228150500077E+002
    29   10   1.374228150500074E+002   1.883046093310807E+005   1.374228150500074E+002
    34   10   8.011622620636498E+001   6.390171215376088E+004   8.011622620636498E+001
    35   10   8.011622620636481E+001   6.390171215376061E+004   8.011622620636481E+001
    37   10   9.267136615327405E+001   8.545007345266065E+004   9.267136615327405E+001
    38   10   9.267136615327385E+001   8.545007345266026E+004   9.267136615327385E+001
    40   10   9.903018270091592E+001   9.775512601554480E+004   9.903018270091592E+001
    41   10   9.903018270091579E+001   9.775512601554455E+004   9.903018270091579E+001
    43   10   1.374228150500077E+002   1.883046093310815E+005   1.374228150500077E+002
    44   10   1.374228150500075E+002   1.883046093310808E+005   1.374228150500075E+002
  </DiscreteSampler_grid>
