  0.00000012517615126  0.00000013650278242  0.00000014523705814  0.00000015218011971
  0.00000016045604553  0.00000016947884257  0.00000017907712350  0.00000018759754821
  0.00000019529530187  0.00000020258720722  0.00000020942576691  0.00000021607496790
  0.00000022227293774  0.00000022901020949  0.00000023656924718  0.00000024739247262
  0.00000025941375586  0.00000027084623903  0.00000028314601021  0.00000029617687521
  0.00000030904728753  0.00000032239119022  0.00000033604783084  0.00000035011552243
  0.00000036445236410  0.00000037908771911  0.00000039419844322  0.00000040921771998
  0.00000042449358220  0.00000044064562687  0.00000045768313961  0.00000047525096663
  0.00000049331293608  0.00000051201774240  0.00000053137049379  0.00000055119730194
  0.00000057147095459  0.00000059137632601  0.00000061217995028  0.00000063797068880
  0.00000067016860925  0.00000070381913107  0.00000073798006163  0.00000077363423808
  0.00000081158661331  0.00000085142612376  0.00000089410960150  0.00000093764210329
  0.00000098555781725  0.00000103253945563  0.00000108374571957  0.00000115070474385
  0.00000122629445167  0.00000130424666812  0.00000138094458964  0.00000146726688416
  0.00000155986201662  0.00000165273042841  0.00000177498196912  0.00000190532729030
  0.00000205872090636  0.00000221946083605  0.00000239553881593  0.00000259154133058
  0.00000280225739835  0.00000302463730200  0.00000326293963785  0.00000349382734203
  0.00000376897029286  0.00000403823176564  0.00000435116839432  0.00000470284830307
  0.00000505482044968  0.00000552206356465  0.00000600454178978  0.00000660931511554
  0.00000729654234621  0.00000814245050015  0.00000917373012305  0.00001037307294704
  0.00001180303913702  0.00001350005403566  0.00001555763541181  0.00001811053631589
  0.00002147108013722  0.00002600843806569  0.00003221221869972  0.00004086674675470
  0.00005293198979846  0.00007068916664422  0.00010492339130187  0.00017232203763167
  0.00036827559583471  0.00115261194948749  0.25809043948369859  1.00000000000000000
  0.00000048580463450  0.00000059150695145  0.00000066138819009  0.00000072932789313
  0.00000081333471523  0.00000091875450753  0.00000102758562859  0.00000114603912816
  0.00000127655459221  0.00000141677743716  0.00000155240147821  0.00000168803421524
  0.00000182414679683  0.00000197299795149  0.00000214608126653  0.00000232569219998
  0.00000256845803745  0.00000284290186733  0.00000312824404557  0.00000341405510505
  0.00000369148733733  0.00000399233855290  0.00000433266479248  0.00000469767708591
  0.00000511366900962  0.00000557520406115  0.00000610566418419  0.00000671733129175
  0.00000733575952794  0.00000795171529383  0.00000854003986282  0.00000921978177964
  0.00000996336098117  0.00001078357442155  0.00001168637061991  0.00001263672733869
  0.00001368378181327  0.00001484844655416  0.00001607757660098  0.00001739138955086
  0.00001875961541226  0.00002025858766230  0.00002177881591912  0.00002356881831443
  0.00002552728541765  0.00002758416166711  0.00002969151752299  0.00003177742515734
  0.00003401575076581  0.00003637055003549  0.00003884334999534  0.00004156724860080
  0.00004462659565383  0.00004791169941202  0.00005143871680287  0.00005532700600079
  0.00005932929353986  0.00006358042064434  0.00006806843933947  0.00007298276865459
  0.00007838344268254  0.00008412366371221  0.00009008087545061  0.00009634083766210
  0.00010270958105727  0.00010926854040405  0.00011626627085710  0.00012329018471196
  0.00013002821519621  0.00013662078526906  0.00014362863451669  0.00015096331776010
  0.00015929673389252  0.00016993836413625  0.00018271130879750  0.00019720707995158
  0.00021254632605609  0.00022803852314302  0.00024439290575248  0.00026463543000803
  0.00028948403001583  0.00032536926422063  0.00036462552164411  0.00041351639064057
  0.00047345363353091  0.00054410716481035  0.00062987384461371  0.00074133210823377
  0.00090195118095410  0.00117192445181119  0.00164537666313197  0.00251439354844651
  0.00389566507942488  0.00714125983457524  0.30498569294945410  1.00000000000000000
  0.00000141112949873  0.00000145169309765  0.00000152558746006  0.00000159413708918
  0.00000165730628076  0.00000172220135385  0.00000179576967451  0.00000186924176945
  0.00000194279991568  0.00000201882831318  0.00000209563779077  0.00000217211316673
  0.00000224815363353  0.00000232196928726  0.00000240180870444  0.00000249446366912
  0.00000259779689436  0.00000270088976782  0.00000280031013452  0.00000289684406073
  0.00000299557160149  0.00000310485732686  0.00000322799402370  0.00000337168272246
  0.00000351720513968  0.00000366005265623  0.00000379939204021  0.00000393901785821
  0.00000408804434691  0.00000425180325135  0.00000442772853420  0.00000459857885926
  0.00000476580363383  0.00000493856056438  0.00000512293578654  0.00000532315414172
  0.00000552998953700  0.00000574838646063  0.00000598785597999  0.00000623925376518
  0.00000651305931167  0.00000680304894337  0.00000707934823713  0.00000736449291520
  0.00000770552884371  0.00000810945574567  0.00000855943558487  0.00000902442066684
  0.00000951881642337  0.00000998954341489  0.00001045511709706  0.00001093191623297
  0.00001143574431252  0.00001198212688196  0.00001264518468506  0.00001338917069322
  0.00001415613462626  0.00001499465607206  0.00001590373173749  0.00001691796613039
  0.00001814969897972  0.00001941049248161  0.00002074005386371  0.00002216486818400
  0.00002364544107366  0.00002522589629664  0.00002689486869268  0.00002870501179857
  0.00003103137132698  0.00003351984864728  0.00003610907923120  0.00003911627696701
  0.00004272465146451  0.00004673362677709  0.00005060937094023  0.00005470737859778
  0.00005947362360279  0.00006553681626135  0.00007248529931694  0.00008024780119454
  0.00008989548481055  0.00010103651045179  0.00011516902056711  0.00013501459494809
  0.00016090522588884  0.00019359476543405  0.00022880379545972  0.00027168772338821
  0.00033898686348665  0.00048583959354136  0.00061773551785701  0.00077496062277700
  0.00097286630154831  0.00142798472332403  0.01084744873587512  1.00000000000000000
  0.00000152823812177  0.00000180287540264  0.00000203861356121  0.00000223771718695
  0.00000243140538213  0.00000262299542310  0.00000280653689759  0.00000297835667575
  0.00000314320386127  0.00000330820480123  0.00000347340376725  0.00000365688440181
  0.00000387064577202  0.00000412778336397  0.00000435392759045  0.00000455863117743
  0.00000476193212932  0.00000496617723941  0.00000516558719990  0.00000540300357189
  0.00000569720151032  0.00000605012199968  0.00000637150783310  0.00000670656398195
  0.00000707002479956  0.00000748201159519  0.00000788178102804  0.00000831357257090
  0.00000879705742806  0.00000930587939681  0.00000989087994015  0.00001050768887453
  0.00001113683140963  0.00001179728175277  0.00001248634283425  0.00001325879075159
  0.00001409730421181  0.00001500993240918  0.00001601851945323  0.00001710474552702
  0.00001824857786580  0.00001946894146885  0.00002072521945020  0.00002190614606356
  0.00002310214025489  0.00002434912495069  0.00002562025920896  0.00002706285912554
  0.00002865918654449  0.00003044427259244  0.00003257839425823  0.00003499402829711
  0.00003761937529327  0.00004041253478361  0.00004348503721242  0.00004690863475651
  0.00005082942978235  0.00005525399758322  0.00006021079657306  0.00006592997110285
  0.00007221182417836  0.00007870222758148  0.00008516042941597  0.00009119322790553
  0.00009686418634269  0.00010311586992264  0.00011036733466427  0.00011809266842174
  0.00012614608777690  0.00013372459658987  0.00014436090814194  0.00015782094810176
  0.00017540471590658  0.00019509528141725  0.00021726163499156  0.00024233218121703
  0.00026844838293932  0.00029629248844603  0.00032565130098193  0.00035840543599172
  0.00039187518435518  0.00043788888504621  0.00048873691876273  0.00053876251633258
  0.00059458374838060  0.00065144224807891  0.00070679481720682  0.00078056184944029
  0.00087013864828016  0.00097222397760211  0.00108730292669276  0.00121684742581607
  0.00140699453610544  0.00197046377134481  0.07353855837846689  1.00000000000000000
 -0.00183986033044573  0.01142683173479439  0.02238919972560278  0.03408098185943120
  0.04488403067942107  0.05589020586815685  0.06559482275172004  0.07510111284960606
  0.08455605972397234  0.09476483211893230  0.10620293140099635  0.11802664854706223
  0.13091288503760273  0.14426988625473486  0.15684979715807748  0.16876432828866164
  0.18087741589969192  0.19287923720545536  0.20372069554691208  0.21467743556704497
  0.22574219235178231  0.23594044518681859  0.24532827878156421  0.25431565187117244
  0.26291715698698731  0.27193155685772291  0.28165278964350293  0.29016842939178955
  0.30032797689628060  0.30954542061438683  0.31831147267610493  0.32772335690873183
  0.33757155752519574  0.34987853526995022  0.36015946223853207  0.37097521176080389
  0.38007090297105472  0.38876165810684310  0.39728999052273867  0.40588633023629717
  0.41446415732399822  0.42212018486287239  0.42928090014255610  0.43741329175787386
  0.44810764287940141  0.46112861218939299  0.47363112262129919  0.48437404982617482
  0.49405371876507120  0.50302863245483431  0.51166893203075259  0.52115099093682327
  0.53085252050628395  0.54173358889382806  0.55296630893434762  0.56406637319458008
  0.57421658154555189  0.58382190471433115  0.59390844076977012  0.60453338967026393
  0.61605816944768388  0.62880890490639652  0.64160906998155764  0.65297805341079007
  0.66330216021170141  0.67292814379310906  0.68271745683120466  0.69323160972398279
  0.70407541591406475  0.71503566300648969  0.72553759194816991  0.73605251203466537
  0.74767654259895433  0.75887006334498042  0.76922654712131566  0.77967758879367843
  0.78968291037224236  0.79913994821508560  0.80829155664073771  0.81746515003408149
  0.82643491966162197  0.83575231514042558  0.84542597248889761  0.85627925500599467
  0.86824417277479227  0.88025709306662003  0.89173447449340326  0.90354258115420927
  0.91560795882713852  0.92756031478213652  0.93923138231054848  0.95148637868101449
  0.96469897920354664  0.97694295478525595  0.98870953190574129  1.00000000000000000
 -0.00239726823730219  0.00979166092044213  0.01965113387645186  0.03100059273084051
  0.04239274966503758  0.05394130067600049  0.06548100916870084  0.07726016198506970
  0.08876892600410645  0.10089007649783706  0.11341422527086700  0.12540561247699827
  0.13669112645159123  0.14888294078235265  0.16104725997788033  0.17221790288156505
  0.18400279691657501  0.19618158650541626  0.20920026646904830  0.22113287860755232
  0.23252697818212684  0.24292876636247079  0.25250194208255222  0.26152908013458637
  0.26978485441179345  0.27766420355624299  0.28603003891322282  0.29452575915592444
  0.30290428838422806  0.31133983954285011  0.31970482752716128  0.32799796886651433
  0.33560767577464057  0.34412314952849432  0.35303790076947711  0.36224794104676156
  0.37125770830723709  0.38070700847575478  0.38987676059777532  0.39732053388535077
  0.40686951274679128  0.41638196435734992  0.42673586941140496  0.43737408265377448
  0.44753446509095696  0.45810187632529337  0.46905735819636662  0.47923627267807994
  0.48852251983874878  0.49766829748654101  0.50695916667836605  0.51678014982256881
  0.52628984873043017  0.53614605834044926  0.54663714893033466  0.55781697909411931
  0.56903794131975338  0.58016546570283334  0.59170057208813176  0.60299840555277406
  0.61501099166685480  0.62696404123414851  0.63951540665435891  0.65142137405552969
  0.66073450623931140  0.67135977074098274  0.68126552515278171  0.69151880346967309
  0.70179561574676974  0.71163310842794958  0.72124936743854640  0.73098367489331040
  0.74086526531120622  0.75116426138661485  0.76185988897706047  0.77325663307182280
  0.78506659827592695  0.79781048527834741  0.81147633091861415  0.82473435883635249
  0.83774420061969201  0.84839113468352689  0.85877216622761654  0.86863460639217072
  0.87955967231709786  0.89133985426220697  0.90364364148022214  0.91599256743727298
  0.92764856291660247  0.93922280038658501  0.94903738533943205  0.95973034040446192
  0.96989253186321944  0.98159955635620466  0.99115976626415592  1.00000000000000000
 -0.00300824226146572  0.01407691165972145  0.02788888956812816  0.04183122797852151
  0.05662295872474772  0.07279830605879457  0.08894105743399193  0.10356396875365813
  0.11892406931810624  0.13491530781474423  0.15045202109944608  0.16396282909317025
  0.17655347675733779  0.19004613673355999  0.20565418087266618  0.22220223053167162
  0.23716197965626473  0.25039447539578552  0.26350448062136750  0.27713912499586074
  0.29125200368638599  0.30520459342939477  0.31880291953572676  0.33247473773035330
  0.34724372800350184  0.36143756167311936  0.37438673382239818  0.38650366930542257
  0.39816108024752100  0.41018312704580412  0.42183590760313938  0.43428575165801225
  0.44694014759697398  0.46192198053429090  0.47664155728997137  0.49102848606279675
  0.50409196923993560  0.51613411823689015  0.52772926894150529  0.53980655716905002
  0.55205332949261798  0.56445751762327723  0.57691701304393639  0.58900879835009712
  0.60082830404416121  0.61210196893868851  0.62307291938613418  0.63317290943272153
  0.64214011574494023  0.65129196930353861  0.66036282558635728  0.66960355794864079
  0.67861521016552495  0.68752631888409999  0.69853333381747551  0.70976211280911849
  0.72105733938021366  0.73127943403554141  0.74140877829145568  0.75141160883046287
  0.76179383883926521  0.77172847290295554  0.78140243139333765  0.79051305203578703
  0.79962301960875415  0.80816614556399424  0.81578314734940616  0.82303655395895514
  0.83011167529569019  0.83761577209182669  0.84593892027177164  0.85384605504059408
  0.86059252671044417  0.86710576121285754  0.87363533779473201  0.88037685355398709
  0.88844231240767624  0.89657868882635328  0.90503324809484897  0.91307600562524471
  0.92128762234440553  0.92936873893946259  0.93708538144317610  0.94343149387648439
  0.94919137212481253  0.95447326568434643  0.95953458543129433  0.96467633188279278
  0.97015331819047002  0.97587520567530039  0.98060192033788707  0.98469085780494370
  0.98866621554147105  0.99259026220265401  0.99639959307784387  1.00000000000000000
 -0.00194004569613248  0.00709930040595346  0.01595032790473406  0.02608146057711832
  0.03748528874899292  0.04881100460677849  0.06054713680844254  0.07265405828655824
  0.08409832265139454  0.09550645248551445  0.10677893585310905  0.11774911140658190
  0.12904212534795714  0.14107933349085344  0.15355599719195584  0.16678089899298992
  0.17934100826463523  0.19100098255852949  0.20142085716217273  0.21210714371171357
  0.22228845608012707  0.23293946072715255  0.24375342099893876  0.25524271942209409
  0.26639441757780491  0.27700151244175447  0.28738777234748081  0.29763718233190090
  0.30862179842927462  0.32001769723345735  0.33156715048017837  0.34182558795195367
  0.35192678122492349  0.36315490161335245  0.37516774845415224  0.38630264584856078
  0.39686104605232120  0.40728550996357332  0.41720553718856812  0.42728865684422868
  0.43524511666308141  0.44264538799833875  0.44983309153902434  0.45758119685247894
  0.46648865614584312  0.47533968752387351  0.48620763546592854  0.49811709270725069
  0.50920539285437938  0.51998080862768603  0.53095716944399474  0.54121368530731362
  0.54929308779155661  0.55664984190691646  0.56476782121281166  0.57314125635925262
  0.58284820380174840  0.59271361700111302  0.60193294824342003  0.61180875190525918
  0.62211734142403741  0.63245326275724212  0.64413123869947864  0.65758962889894346
  0.66992255370881293  0.67956013415473537  0.68861923338387587  0.69786244679243326
  0.70762443181571510  0.71820418919277806  0.72742730149697099  0.73719198146986287
  0.74691933243510822  0.75736062641557433  0.76815047093725275  0.78052815925072960
  0.79259974564444546  0.80422891957036724  0.81535715798703479  0.82663105702596096
  0.83722673186807695  0.84744502380453202  0.85727600484793642  0.86728952088872613
  0.87780177389153857  0.88867746993065355  0.90027992106228050  0.91122519871898655
  0.92212030782451393  0.93283158159518076  0.94497442498871076  0.95710350150261581
  0.96820211412257351  0.97870584977404340  0.98928700055710239  1.00000000000000000
 -0.00144168327498506  0.00802681269647408  0.01727688774021172  0.02584283866662844
  0.03471169941402705  0.04362483107850066  0.05255469250597775  0.06188109108065593
  0.07209719216536090  0.08178856178586455  0.09004190130603780  0.09757874634523545
  0.10485099497604740  0.11261505113410782  0.12110934120257025  0.13064359049262000
  0.14031986705036695  0.14828062702120559  0.15504338222919473  0.16214139766095911
  0.16955942208204691  0.17688422185015265  0.18402142683969819  0.19093898886540994
  0.19757372669533155  0.20408112694915415  0.21114159684482764  0.22083575770870431
  0.23069324683406872  0.24026300123705691  0.24983856170347440  0.25924369929964353
  0.26915719037623720  0.27936380322932752  0.28946550935152887  0.29942236648450654
  0.30873383837730989  0.31673113521988033  0.32409103165043196  0.33202676697363614
  0.34048780517444127  0.35081522482053745  0.36164979619071463  0.37216263866284033
  0.38326226639064614  0.39489816367474773  0.40634591033323603  0.41749519432650128
  0.42778197075660102  0.43802043772072097  0.44826526423137675  0.45906780891361998
  0.47053576823660576  0.48177794273386632  0.49352878724440707  0.50503640241984116
  0.51567322763599788  0.52557620642440572  0.53484560895353639  0.54424974512693713
  0.55472811139510025  0.56664137067771991  0.57986624128476594  0.59377056390982108
  0.60655640751656947  0.61800375153057896  0.62741197853528186  0.63605848543838694
  0.64579185317023924  0.65610375849468505  0.66732491582922548  0.67931550294436693
  0.69232240092844988  0.70559698870038090  0.71944196810434646  0.73317183984344358
  0.74789985328236896  0.76352782631017579  0.78015777448724455  0.79634862963821507
  0.81011052557609131  0.82298858882220072  0.83521856939161188  0.84583147473421694
  0.85644401496368272  0.86784139315373710  0.88076976990797406  0.89548404489055933
  0.90997420671573759  0.92509825906198162  0.93921106220532424  0.95232998299498162
  0.96473809814219802  0.97656137895719830  0.98844405551085712  1.00000000000000000
 -0.00328249168434379  0.01285723682956368  0.02380851965938427  0.03133783679541299
  0.03954470135230051  0.04776576804801972  0.05631973004750600  0.06522695505680623
  0.07404966213385628  0.08298592333777785  0.09352633039431749  0.10448363429323319
  0.11530782201945447  0.12564607155396629  0.13584229574971535  0.14685078566886089
  0.15813940124977174  0.16863115704740270  0.17792732449152487  0.18734579350312952
  0.19818787959605239  0.20886424395466321  0.21899725089795954  0.22910423989785397
  0.23904649934275349  0.25094108374783741  0.26295497260424849  0.27076344277440412
  0.27920806288017047  0.28743639573659480  0.29622041163171897  0.30529602544144996
  0.31444414183832348  0.32438062745018248  0.33491631279989281  0.34492058352750166
  0.35455768556914596  0.36531916631424793  0.37649737199040667  0.38789529410143536
  0.40029199769663648  0.41277732459255728  0.42345350238199048  0.43335435585631121
  0.44325949571357043  0.45382869306569179  0.46421458811292915  0.47483469703281866
  0.48607389285716368  0.49661167740215562  0.50610861555449371  0.51550160248444177
  0.52558769032594344  0.53720890253985221  0.54966374175858423  0.56170145626982104
  0.57367988632218592  0.58562951436224431  0.59811067576969679  0.61026930032662119
  0.62092250865890974  0.63065994884474341  0.64002961191143926  0.64975907879548866
  0.66094848116951188  0.67310115975596396  0.68508599949213189  0.69483447861415026
  0.70440188650809143  0.71424285665865728  0.72552583230899259  0.73795061447783628
  0.75043843549020173  0.76293769303956604  0.77553406515652346  0.78770124106354000
  0.79961664644614128  0.81138541760323057  0.82302543648659987  0.83461399517332657
  0.84569725865843848  0.85588633747148568  0.86610357806735627  0.87524952174274473
  0.88430714203508543  0.89317107733026901  0.90227693585646040  0.91284098297446659
  0.92469343684404348  0.93760269917954475  0.94927578910844057  0.95956147654312407
  0.96921424200836948  0.97875786085088556  0.98913300877051580  1.00000000000000000
 -0.00308231294564035  0.01152010394240256  0.02352099332611701  0.03523974598406020
  0.04709676235063386  0.05865381233482375  0.07048044801584111  0.08262468799305510
  0.09477831580306934  0.10590968115218578  0.11635357026321526  0.12678537870851106
  0.13735450582143530  0.14824909412082685  0.15991342324544966  0.17172829434153458
  0.18418080612690466  0.19553094307172741  0.20481529149025909  0.21349259760371883
  0.22178598538137495  0.23101256465931774  0.24184603559787032  0.25420642378742098
  0.26748935352023684  0.27997373825778815  0.29129486162794571  0.30013377695393545
  0.30909846343699110  0.31874600885980475  0.32909285652366893  0.33874504322906596
  0.34771296504347965  0.35628393079307535  0.36798609848253400  0.37968055556109570
  0.39240085880129943  0.40552099974631084  0.41780983534624666  0.42898317508382949
  0.43965185546279223  0.45023324730191255  0.45944145496093414  0.46755401479126346
  0.47569887707369929  0.48442230285444648  0.49498697551177062  0.50500401817640939
  0.51478927937949293  0.52600643174317729  0.53557148425757251  0.54501606109533141
  0.55340117184187854  0.56095137390188243  0.56876755181918826  0.57777397034314226
  0.58832179672351781  0.59958355286111298  0.61079207286802140  0.62235074851092020
  0.63487124499262360  0.64771537618726116  0.65736140567204027  0.66673557001715011
  0.67598381055581602  0.68582059823430330  0.69589746962061139  0.70616177681741810
  0.71653477505257113  0.72738941252397882  0.73818378357479375  0.74845044539898753
  0.75889476222490415  0.76964807614527009  0.78195608193995803  0.79380314459054746
  0.80401060787945078  0.81366317051162851  0.82266468441911089  0.83282350741207556
  0.84339138355175880  0.85399300392000754  0.86503114897949440  0.87434648827018580
  0.88391505368533974  0.89320786449141520  0.90282142624475559  0.91293570649369360
  0.92321231087178934  0.93373479587461072  0.94515775360082099  0.95720807119734341
  0.96819936391283723  0.97918602357258433  0.98950378319743593  1.00000000000000000
  0.50665484830961127  0.51613384279888885  0.52359582344630851  0.53232701558859252
  0.54162712087233278  0.55103776966942219  0.56118797091078565  0.57224891682865253
  0.58138263511542021  0.58965603710837666  0.59656929028780048  0.60283761722311191
  0.61009102802023252  0.61803155784473418  0.62418180389460154  0.63103058555908886
  0.63784488964808650  0.64586957360799402  0.65235132982975474  0.65719546591575018
  0.66144981586418383  0.66547900748991340  0.66929922357893057  0.67456588792389749
  0.68030004572494429  0.68616067848062035  0.69215406158420711  0.69778637705427005
  0.70346155570317848  0.70902164618637753  0.71439092141551230  0.71982898384651217
  0.72527038970545310  0.73078974975620503  0.73542876569507087  0.73995760479749095
  0.74452663539887820  0.74944202989105080  0.75490230987920959  0.76014597965594932
  0.76496424995451007  0.76923722611139500  0.77334552300430304  0.77742613366104651
  0.78129872416972035  0.78518523040586963  0.78905055751427389  0.79307836594557535
  0.79720735628667194  0.80155512329850209  0.80614244273129976  0.81091164601180921
  0.81574510867160221  0.82053225626652171  0.82523276686672642  0.82988369680762708
  0.83465338794315624  0.83954117303201625  0.84426873712277861  0.84873636373077788
  0.85301299726354041  0.85717413114645369  0.86146637425909778  0.86558461122347741
  0.86962855196015265  0.87345869857993219  0.87720359298739836  0.88110555397191259
  0.88518179325482360  0.88935167471030074  0.89368374745159240  0.89809436666936104
  0.90267254799483176  0.90717572209684860  0.91156238715572802  0.91598526807369718
  0.92040178767304892  0.92458898308647275  0.92861453435765562  0.93246158221675035
  0.93614028547770745  0.93976978836668701  0.94343793205163495  0.94734569729578055
  0.95107866473083158  0.95453552876764725  0.95800226499958441  0.96159109837669687
  0.96549418417736110  0.96967101345032536  0.97378617177894355  0.97801819077701135
  0.98254815078688407  0.98760805912456173  0.99325715987426344  1.00000000000000000
 -0.01929020710454833  0.11219892168451771  0.14690936828686527  0.17252487739980038
  0.19164090541767098  0.20517816002898082  0.21685445482401830  0.22849520537548737
  0.23763981463983888  0.24598908944665024  0.25415259073271540  0.26236036943194074
  0.27050638765924379  0.27790196064379191  0.28504241703797173  0.29212449045436678
  0.29979697540414330  0.30779601601074696  0.31587130877760744  0.32392570625589923
  0.33224770262839043  0.34037574115780106  0.34886866346306056  0.35636891269346815
  0.36257505212278446  0.36810125599797083  0.37319473816245224  0.37852680204925432
  0.38414660532580985  0.39030557820770073  0.39668606127604666  0.40252196856652694
  0.40784368945453231  0.41281950168879805  0.41807204996766428  0.42378543599715940
  0.42972520259442493  0.43540598297682703  0.44065452910821351  0.44600092408325970
  0.45170733728944268  0.45844106890958647  0.46477379105577088  0.47075047605516090
  0.47630960320981097  0.48213259453286511  0.48837143204764139  0.49526892479167117
  0.50183122900180666  0.50796271367302115  0.51398403836838291  0.52001129362927689
  0.52611121622120249  0.53237625752694628  0.53861609621724216  0.54464145590890889
  0.55063702700292194  0.55668916295666571  0.56330005002243910  0.57040220660761287
  0.57702746151370721  0.58262589737918158  0.58825038037941046  0.59388437154370666
  0.59989731500160159  0.60669380701106390  0.61312445789401460  0.61945164470466696
  0.62573601053195471  0.63214385226301784  0.63921198582401173  0.64687396376489958
  0.65395146951546823  0.66072814470067298  0.66743182258608003  0.67520896364443039
  0.68342046620775332  0.69133767237443267  0.69877636799135223  0.70566881741549636
  0.71399786383106234  0.72236545290148835  0.73123822410817696  0.74165971118238583
  0.75096737503751143  0.76135368369977519  0.77104150791225767  0.78060832486233611
  0.79074750047099196  0.80062334192795626  0.81176241249061942  0.82941249842885623
  0.84281365820213550  0.86319825395231786  0.93159912697615943  1.00000000000000000
   2.2641700698107969E-006  -1.0000000000000000     
 F F F F F F F F F F F F F F F F F F F F F F F F F F F F F F F F F F F F F F F F F F F F F F F F F F F F F F F F F F F F F F F F F F F F F F F F F F F F F F F F F F F F F F F F F F F F F F F F F F F F F F F F F F F F F F F F F F F F F F F F F F F F F F F F F F F F F F F F F F F F F F F F F F F F F F F F F F F F F F F F F F F F F F F F F F F F F F F F F F F F F F F F F F F F F F F F F F F F F F F F F F F F F F F F F F F F F F F F F F F F F F F F F F F F F F F F F F F F F F F F F F F F F F F F F F F F F F F F
  <DiscreteSampler_grid>
  grouped_processes
  1 # 1 for a reference and 2 for a running grid.
  10 # Attribute 'min_bin_probing_points' of the grid.
  1 # Attribute 'grid_mode' of the grid. 1=='default',2=='initialization'
  0.0000000000000000 # Attribute 'small_contrib_threshold' of the grid.
  0.5000000000000000 # Attribute 'damping_power' of the grid.
 # binID   n_entries weight   weight_sqr   abs_weight
    13   10   1.242346700844404E-002   5.263280042303506E-004   1.242346700844404E-002
    16   10   3.162997744798950E-003   3.429500958310542E-005   3.162997744798950E-003
    22   10   1.146507213569800E-002   4.549515789971972E-004   1.146507213569800E-002
    25   10   2.742976786331799E-003   2.668225031123220E-005   2.742976786331799E-003
  </DiscreteSampler_grid>
