  0.00000131084663016  0.00000147955331971  0.00000157067284814  0.00000162954642556
  0.00000169184173885  0.00000175750095992  0.00000183106464615  0.00000190941917872
  0.00000199450276953  0.00000208181449133  0.00000217310079098  0.00000226805889480
  0.00000236162335240  0.00000245377262908  0.00000254787502165  0.00000264912376925
  0.00000275128399743  0.00000285491837889  0.00000297190897544  0.00000309954249059
  0.00000322954607889  0.00000335500359684  0.00000347968424521  0.00000361508930348
  0.00000375497196806  0.00000390512836105  0.00000406743889176  0.00000424273093315
  0.00000442329582935  0.00000460445190301  0.00000479052876571  0.00000498275994793
  0.00000517447939653  0.00000536763897030  0.00000555783413794  0.00000577768854901
  0.00000600227192004  0.00000624229007622  0.00000651315225471  0.00000681935087162
  0.00000714392258211  0.00000745913278937  0.00000777802887996  0.00000813082121395
  0.00000848216650227  0.00000887503607104  0.00000929035626755  0.00000971314318870
  0.00001015278021402  0.00001064172823404  0.00001116403648295  0.00001170848908340
  0.00001228676341221  0.00001290766836034  0.00001354218465539  0.00001418912739229
  0.00001488383614609  0.00001562541253762  0.00001640391610468  0.00001721414648131
  0.00001808533313520  0.00001896794289660  0.00001997059184823  0.00002111227660706
  0.00002235369408641  0.00002388164932722  0.00002557980978932  0.00002740340479431
  0.00002941500609895  0.00003155794755827  0.00003400174631999  0.00003659485617867
  0.00003948221474086  0.00004263641391268  0.00004634558969505  0.00005089098692065
  0.00005640240527386  0.00006288435732252  0.00007039132307847  0.00007907880543532
  0.00008894948653278  0.00010002628586594  0.00011303374888323  0.00012831323216586
  0.00014617950667240  0.00016823120987535  0.00019774695331022  0.00023588161963184
  0.00028867311611807  0.00036705025503133  0.00048175880010170  0.00068872847127574
  0.00104849808449379  0.00188545151027076  0.26759474029836072  1.00000000000000000
 -0.00308469303904738  0.01351806067294545  0.02613146643414816  0.03777233740673233
  0.04852504858685938  0.05882989144572061  0.06924036084324252  0.07910746480074286
  0.08868558961036244  0.09814140014127958  0.10777864407839542  0.11777600820614342
  0.12805266128195805  0.13809015130583480  0.14794943569528701  0.15811607554998203
  0.16851955410340649  0.17861685540445799  0.18979241306043484  0.20157479759492711
  0.21321954753732253  0.22462965777681684  0.23616143162150141  0.24812820886672474
  0.25920346157195540  0.27028860678233529  0.27997345743392504  0.28976848830077573
  0.29919182081308604  0.30927475285538958  0.31859082453241355  0.32783787442302859
  0.33733765031101598  0.34698947527023855  0.35724983037878361  0.36910894879976236
  0.38025015279840413  0.39045786990295073  0.40004982184351928  0.41004191446800908
  0.41929026504242595  0.42810414250396428  0.43710023266649917  0.44660309030095047
  0.45752466672183456  0.46874028584504573  0.47943370075057690  0.48928745256431333
  0.49965167370617652  0.51123150813236362  0.52364735630907477  0.53435680192455381
  0.54432054011726105  0.55402730062468075  0.56426248898099862  0.57482642517183979
  0.58610867241693931  0.59790501478862623  0.60995891718532036  0.62086623018525577
  0.63195622281232533  0.64258254575943630  0.65360934174604934  0.66487790204588426
  0.67628113211935437  0.68767824748419581  0.69913436307799226  0.71115469341547233
  0.72330081807656976  0.73453627613820904  0.74509253035609668  0.75579654899400872
  0.76665751680151140  0.77716077571743281  0.78712904355114777  0.79711262709610975
  0.80768185305716600  0.81840700370811770  0.82909880977879125  0.84034078723973482
  0.85194559859990093  0.86311893935702599  0.87408060704368673  0.88330420275304800
  0.89254766840096422  0.90222030840138301  0.91180496644501541  0.92116286527094327
  0.93007424625551427  0.93931936137360428  0.94938746255034390  0.95996115064355259
  0.97000137678297438  0.98035277347903282  0.99027109333953445  1.00000000000000000
  0.00001268279832806  0.00007234435067027  0.00008853508583305  0.00009899114943844
  0.00010872438238277  0.00011761722466732  0.00012604633039192  0.00013465083136945
  0.00014343519810926  0.00015216849093261  0.00016086656265336  0.00016975299962445
  0.00017879429553014  0.00018768761107444  0.00019636074819454  0.00020532154283420
  0.00021460085227489  0.00022390740659091  0.00023319129968355  0.00024248224116321
  0.00025170347907198  0.00026068425679628  0.00027020599381561  0.00028032308463146
  0.00029078972317958  0.00030166034541582  0.00031267279243067  0.00032379151783437
  0.00033505382571380  0.00034644966213887  0.00035817921235949  0.00037063643250218
  0.00038399214648082  0.00039782688252555  0.00041207501333692  0.00042679002287518
  0.00044223966929768  0.00045794003486756  0.00047373352927232  0.00048918138219894
  0.00050532207805088  0.00052174292253604  0.00053868409970189  0.00055656678109780
  0.00057482000627087  0.00059396157487142  0.00061395252038691  0.00063410615405357
  0.00065492726628904  0.00067645308272273  0.00069925420849146  0.00072264292912058
  0.00074557530110236  0.00076834660120340  0.00079247240615542  0.00081927933757318
  0.00084798221225766  0.00088024766778290  0.00091420030461118  0.00095503006922046
  0.00099443184657323  0.00103287534779533  0.00107294033271186  0.00111666090706496
  0.00115843114380119  0.00120060886373372  0.00124464322070155  0.00129167402725522
  0.00134555666547601  0.00140238617697743  0.00145820286619277  0.00152509570303583
  0.00160236174199380  0.00168973184343333  0.00178179963253825  0.00187244337228023
  0.00196986646300223  0.00209060793912354  0.00221505840331474  0.00236529279402997
  0.00256451579212854  0.00278090091073082  0.00297109905367853  0.00317785757988282
  0.00345508486456291  0.00378854207688702  0.00416895158835366  0.00458578284414199
  0.00503501388784795  0.00553711978928249  0.00628562945904017  0.00740340678875348
  0.00908727853662563  0.01074127321843664  0.27873618766144115  1.00000000000000000
  0.00000158185587962  0.00000166633765659  0.00000176929062464  0.00000186710636956
  0.00000196373079175  0.00000205222315735  0.00000214942247051  0.00000226494492359
  0.00000240017478292  0.00000255326331584  0.00000271712700354  0.00000289469329978
  0.00000308813554325  0.00000329506840610  0.00000351246832633  0.00000373973665454
  0.00000398406446788  0.00000425552661199  0.00000453033056430  0.00000479631028869
  0.00000505256370809  0.00000531519241182  0.00000559776712207  0.00000590237490797
  0.00000623757069968  0.00000661432557086  0.00000702761171944  0.00000749010632335
  0.00000800156220923  0.00000852439407858  0.00000908534955965  0.00000962897842749
  0.00001021156997834  0.00001081954952588  0.00001146749225194  0.00001216458678058
  0.00001290770297276  0.00001368506803931  0.00001449186957627  0.00001533246134403
  0.00001622278345459  0.00001720906208912  0.00001826674313283  0.00001937351854004
  0.00002062404896812  0.00002196112105621  0.00002351241164523  0.00002520501494354
  0.00002692515777800  0.00002874048430419  0.00003066296669827  0.00003279465780665
  0.00003498790529552  0.00003731056280470  0.00003973260316705  0.00004232551933490
  0.00004506553906933  0.00004800909010408  0.00005108460820771  0.00005458130199703
  0.00005865986784246  0.00006307943291742  0.00006767487708043  0.00007256079863857
  0.00007805780078071  0.00008456613022052  0.00009162154526891  0.00009885214279061
  0.00010628439815067  0.00011401921129492  0.00012179376305583  0.00013034161256422
  0.00014052401361399  0.00015256964320514  0.00016583495543804  0.00018058379585295
  0.00019767562191006  0.00021662501520380  0.00023618888693130  0.00025765090456381
  0.00027973177059400  0.00031234016110963  0.00034778519965243  0.00038881674923939
  0.00043608586404323  0.00050320432242255  0.00059227556489376  0.00069713045453681
  0.00083477230062490  0.00104661407869520  0.00131469695328542  0.00172334852406186
  0.00255390365178796  0.00847562037093786  0.02911439708904217  1.00000000000000000
 -0.00173370428751123  0.00903689949800063  0.01880900065959502  0.02937483164140203
  0.04027435557449753  0.05152750625270867  0.06229381276854186  0.07322593483163677
  0.08378466066713933  0.09526143893262387  0.10605732135843847  0.11599043519199324
  0.12621007417077112  0.13644010644762061  0.14865047295962414  0.16181383466914340
  0.17483092496997490  0.18668007020008090  0.19856646590365501  0.20996089474550703
  0.22119161786240735  0.23215514782702859  0.24390945650048834  0.25610654110325187
  0.26804670418518539  0.27982259201081044  0.29168750179506159  0.30328873189449529
  0.31485596512077757  0.32651442573470985  0.33876952832591467  0.35153241056484730
  0.36413815164050656  0.37585439982648200  0.38728987872554160  0.39839496100481225
  0.40913590277780920  0.41988367133674259  0.43110438064946988  0.44312322949856853
  0.45542644225163625  0.46783856032956073  0.48070181003299678  0.49272004767180416
  0.50473380633159926  0.51665112271638369  0.52881749507819331  0.54092619210287296
  0.55255146451764148  0.56369471095344070  0.57389957664402547  0.58405219391939045
  0.59522742277182716  0.60696078956056754  0.61942413279902087  0.63067031878376212
  0.64169356790928422  0.65142640426515153  0.66188074743353442  0.67241754877916404
  0.68321981034017742  0.69449794060794068  0.70604291884585357  0.71643201308387772
  0.72610400358525040  0.73519482136439540  0.74369677257685951  0.75245457151995354
  0.76094393342419508  0.77001473204792248  0.77935325990949411  0.78876878561325192
  0.79864062629314392  0.80947568129840686  0.82047861678021694  0.83079386420469314
  0.84022797941856187  0.84947946383440531  0.85822113917538734  0.86822011037342606
  0.87815734480210228  0.88887819423425951  0.89960851580052281  0.91049504530900605
  0.92128533282166347  0.93176118443172884  0.94053413757923898  0.94773173040871250
  0.95493894749584851  0.96237151374108809  0.96938823569238974  0.97546910010949706
  0.98095454105002799  0.98640754348866233  0.99248116971064615  1.00000000000000000
 -0.00199728701484286  0.00868566049926100  0.01829935560129171  0.02905668821970077
  0.04010347978565778  0.05115988485583983  0.06163488051413243  0.07214916030131860
  0.08294601375175285  0.09377989722425174  0.10423119888640291  0.11415981110141538
  0.12425692750654641  0.13515650476398730  0.14614357046191359  0.15568226692750581
  0.16553097379995302  0.17512352536368642  0.18465384687974906  0.19369458931032507
  0.20294015018329853  0.21262547218705358  0.22369355871122978  0.23481567828223637
  0.24595642372919016  0.25614019933701382  0.26587225946717369  0.27544468896797447
  0.28555792838180771  0.29604763021470826  0.30631637276604801  0.31731131678382429
  0.32868319846473010  0.34095231912104651  0.35285265863000714  0.36432705791559705
  0.37519991039481121  0.38624732043583065  0.39748355180700695  0.40904510757545948
  0.42056680831333343  0.43214734718047904  0.44422041340291468  0.45675045400534159
  0.46953640823282944  0.48107850910255012  0.49222084457426557  0.50295523945819420
  0.51346743350790658  0.52443079266593173  0.53594160162274851  0.54735530324262871
  0.55832922535383211  0.56922474968938874  0.58027117172493059  0.59084175348175072
  0.60039252877988536  0.60963409726848627  0.61906796040611067  0.62938870108644784
  0.64090366964830725  0.65156606788706140  0.66122020606348575  0.67055189847334684
  0.68047438415962802  0.69026000161858303  0.69942336405180061  0.70872254914312693
  0.71875761483709844  0.72960844825022675  0.74050683639121317  0.75104604875341974
  0.76152145464110943  0.77251951201319080  0.78437386719142066  0.79552899909115105
  0.80588132303083748  0.81647408251944142  0.82817912093773771  0.84036634626658535
  0.85201037488310172  0.86308793465346545  0.87379600743672547  0.88420743212530895
  0.89430009393440080  0.90475717038284686  0.91526607232132795  0.92523763003401827
  0.93458507014834646  0.94341347219197502  0.95231177027924574  0.96178338066227376
  0.97118342333882013  0.98056005040936989  0.99023808678938552  1.00000000000000000
 -0.00199570372749684  0.00908106219771144  0.01904993596176068  0.02976928825508299
  0.04077623100412597  0.05134618119926791  0.06150174188724752  0.07208416998584254
  0.08298515637110850  0.09381073651076879  0.10436761863147370  0.11485259104062501
  0.12556509316938169  0.13639914981920262  0.14716475763767786  0.15817410391297901
  0.16961110637638238  0.18022637975599567  0.19079502202260243  0.20140358404630113
  0.21243194006226609  0.22304708962352859  0.23269107021444796  0.24252845303824536
  0.25266297757983802  0.26287286257120335  0.27315081047434692  0.28316652319329805
  0.29320290042683600  0.30376392865590440  0.31430558909025547  0.32579481260203719
  0.33648685124878980  0.34585030094720981  0.35547389515780548  0.36472976471288587
  0.37418018627317262  0.38390261485884680  0.39419541674388781  0.40522026031576219
  0.41694649711673409  0.42789875676222627  0.43895861230749195  0.45002049764135232
  0.46121437356380174  0.47221996072440114  0.48309659519321357  0.49446146841200117
  0.50543825051439850  0.51703436514341139  0.52865076466264127  0.54027527401015008
  0.55146062821282249  0.56233298828230127  0.57216410457223621  0.58213781128543240
  0.59178579567340728  0.60166186557127121  0.61207340659771903  0.62295125063626633
  0.63437157668251809  0.64536154597570528  0.65576018117268520  0.66622824536794412
  0.67674475769905640  0.68707722396875759  0.69588492396699364  0.70428433392760781
  0.71297698968225831  0.72266581392556728  0.73260294862392350  0.74257837975359076
  0.75265606789508410  0.76314831078427514  0.77484564700956793  0.78629017278904645
  0.79817654665619509  0.80906044840596547  0.82002713340877553  0.83199526243504651
  0.84353652191765716  0.85459629231829626  0.86358010857310341  0.87306529538289324
  0.88312298839654635  0.89317226003271921  0.90300029850357577  0.91224353100724287
  0.92170802740696534  0.93223814636601599  0.94251103067052899  0.95337160949653033
  0.96462809921254411  0.97627862071114935  0.98834881130150531  1.00000000000000000
 -0.00170209248804047  0.00751281136497452  0.01579940010448578  0.02436133175802103
  0.03358710574202375  0.04300801034139896  0.05328274418452304  0.06397720913832451
  0.07508607517015806  0.08616723127761745  0.09659809804353821  0.10656248170535057
  0.11630770694419097  0.12688700524251562  0.13829526028276495  0.14963647530003507
  0.16071122334673801  0.17174373971656517  0.18279098203532360  0.19409508231288930
  0.20585595529478118  0.21816475548351491  0.23065360012298999  0.24245150462470438
  0.25368366929762143  0.26459047931307689  0.27613894570858688  0.28830995840374807
  0.30055788430630903  0.31255210533230482  0.32478049645912721  0.33648260314277623
  0.34784863848736497  0.35859627551995288  0.36912417897250788  0.37951828330968029
  0.38948683785165633  0.39937685572633075  0.40898832965142967  0.41842981759592618
  0.42718380182509774  0.43611091623162701  0.44554906137779388  0.45598007281446851
  0.46622437614535273  0.47665469423833556  0.48670322151893758  0.49677470341777324
  0.50708890764709158  0.51715989703686871  0.52724557205650091  0.53777599405118648
  0.54886554614739658  0.56056910791464676  0.57165691901588078  0.58196393894435428
  0.59209151066355081  0.60197479615872695  0.61252078265586296  0.62340726665349488
  0.63496441809045312  0.64604360255694226  0.65666048042232195  0.66709413082330837
  0.67720839124112542  0.68834174071363241  0.69913424296707916  0.71030014903496386
  0.72094188130673265  0.73105724038764974  0.73876469594840211  0.74787059258842492
  0.75810423706989738  0.76797670108228000  0.77801342902679249  0.78811624720331352
  0.80005573630224947  0.81314475358408411  0.82579074430703547  0.83769446729746500
  0.84858077986585223  0.85911848548059722  0.86990925897809646  0.88086182652989131
  0.89176354642894706  0.90239982133547081  0.91267374855822281  0.92262907823086338
  0.93208035152109248  0.94185639124956422  0.95187839176875300  0.96247252478495093
  0.97249061559184047  0.98202226978450824  0.99110141722503786  1.00000000000000000
 -0.00325097897474661  0.01464308441589523  0.02891163526084682  0.04270714496148533
  0.05573257979046337  0.06786625864921431  0.07935576828139441  0.09082715432110680
  0.10323380119955336  0.11621883755082593  0.13026288035635195  0.14499510171303928
  0.16035827024038110  0.17457128857468263  0.18762590988325045  0.20024335039519833
  0.21254965314040231  0.22523900477985856  0.23909069518112996  0.25231000480403643
  0.26464641196532251  0.27705950338128915  0.29009536237086608  0.30333166591110322
  0.31504190616539973  0.32732474806596817  0.33980769612965533  0.35299854654517054
  0.36612867675398841  0.37937963929190205  0.39267764858468851  0.40565080952534072
  0.41795223072511761  0.42920392003318747  0.44053103938239169  0.45237761163358597
  0.46494391880960462  0.47649736418938521  0.48776841635499230  0.49901042670083601
  0.51048555456327882  0.52183781557075826  0.53380571398310117  0.54511532367651472
  0.55631117541834907  0.56740146748971398  0.57847438493388992  0.58944721634733155
  0.60029581051364855  0.61107408631727922  0.62100715875661727  0.63098269635409110
  0.64132975135488535  0.65314599679611296  0.66504219261207476  0.67692741009440560
  0.68868591946803948  0.69968507397139124  0.70979962950623054  0.71954376949410626
  0.72977423963664978  0.74061455297191525  0.75059381136784142  0.75922338702333658
  0.76744339382562576  0.77560211484428887  0.78425530783210207  0.79334438848587041
  0.80194401193999376  0.81059422274639115  0.81951735633630185  0.82845192751293872
  0.83744620239569689  0.84610985943300032  0.85462629512212585  0.86284406194990926
  0.87074793607707202  0.87862456606025607  0.88614249972339343  0.89382748957140157
  0.90143013773164327  0.90868907604927762  0.91540078214431830  0.92219312350514004
  0.92834532664508185  0.93461936592186878  0.94144790914530396  0.94845651184927926
  0.95590951772443733  0.96337033112995463  0.97040769462590226  0.97715458749102424
  0.98307822931016253  0.98870709948871327  0.99443530166942828  1.00000000000000000
 -0.00280582182209122  0.01016577618170607  0.02120972502405376  0.03304287739446515
  0.04413149471126833  0.05516985938733739  0.06651636322032708  0.07854257424007530
  0.09046306547714797  0.10143285296257182  0.11145900637684261  0.12096761200382725
  0.13060097050340805  0.14061334156722061  0.15188484772737343  0.16374854848004528
  0.17547812138563393  0.18649014926425489  0.19699442329322167  0.20709418688689210
  0.21779312063150755  0.22858715924659798  0.23910184043379110  0.24922739641020694
  0.25915300213855469  0.26957711915318444  0.28041432895714441  0.29113875334915990
  0.30149864499089019  0.31188532840121730  0.32243805268135906  0.33339589770691996
  0.34395290438624126  0.35451202727782494  0.36541052985614209  0.37645555906225370
  0.38751282813085747  0.39858286991420638  0.40910826737048883  0.41912825354761202
  0.42887979562366635  0.43920175320516824  0.45012216180347858  0.46111066840188181
  0.47212737895622603  0.48356124239417092  0.49484279120140745  0.50526558817030087
  0.51545462632414762  0.52590181063047547  0.53669849459266816  0.54780042632684689
  0.55848076281662051  0.57021628561855564  0.58240737881271887  0.59503707975804210
  0.60748081865952019  0.61939777576751920  0.63036693019411871  0.64107027923923798
  0.65153637417250065  0.66225548238184107  0.67194164904579434  0.68161144160661347
  0.69143785306896655  0.70170217181186556  0.71232771553570917  0.72365400481276232
  0.73404516434650391  0.74448217170951081  0.75393858742116959  0.76332833612303208
  0.77331347974850750  0.78256469213126045  0.79179889351654897  0.80093591211701853
  0.81108419321102498  0.82222595707570145  0.83337555654167927  0.84240617362491454
  0.85041264937627148  0.85828770982541980  0.86637083091787792  0.87459234023807952
  0.88272622915252119  0.89118388801945370  0.90071282470354330  0.91171600809001185
  0.92314425896129981  0.93477090349641034  0.94636278912207283  0.95731450964451081
  0.96784032553930388  0.97788848510869286  0.98900920469874398  1.00000000000000000
 -0.00294912126905456  0.01151935761287381  0.02290858940312160  0.03380003156527124
  0.04505709628804826  0.05721078429682365  0.06957576816421049  0.08176570978312545
  0.09312973471879869  0.10359696488579545  0.11394481025940845  0.12469838220782921
  0.13580395355160849  0.14681986408241371  0.15792406025558314  0.16921674201566850
  0.18011065665906742  0.18999716372378905  0.19967590127056992  0.20934783401067536
  0.21987972878432832  0.23059919890563271  0.24072621471850394  0.25090624284221069
  0.26097837994985329  0.27073622831102628  0.28033826872572987  0.29035967558175985
  0.30125886779552397  0.31271896786196468  0.32410052059253092  0.33506636890976732
  0.34554992139398372  0.35560238865104615  0.36593276836266336  0.37632213883125198
  0.38657177666155312  0.39719737336149913  0.40770229734746327  0.41860205445453696
  0.42982582333668540  0.44140470711094709  0.45282089248116691  0.46361085834464089
  0.47420212047104859  0.48467759038266839  0.49530207352684075  0.50592367345455880
  0.51669047064942430  0.52771566763339617  0.53827390141830089  0.54862712737996422
  0.55913554637278451  0.57018098470813872  0.58194758677206904  0.59389565426027380
  0.60558591051564270  0.61688334402104805  0.62774796680451483  0.63864838914051481
  0.64898554181577561  0.65881128968875602  0.66862354006783720  0.67890825885806949
  0.68979034936085359  0.70061448362636813  0.71131624754847211  0.72238422270610270
  0.73318600431604497  0.74292692075831956  0.75340655493631170  0.76339417746544058
  0.77275847234520689  0.78164892549368203  0.79059208422755589  0.79984360325602633
  0.80924405688304646  0.81838635760020939  0.82722689160672302  0.83602902350437514
  0.84506326823843469  0.85365900947842999  0.86255903046284421  0.87130815635941217
  0.88201692305891133  0.89384304629342493  0.90468807817459784  0.91513876078079459
  0.92459629946161481  0.93381498584356126  0.94356832033861060  0.95391989375502428
  0.96499161275200585  0.97647036767311635  0.98807587303964439  1.00000000000000000
  0.25817367621823484  0.71437115461129552  0.73985693684948584  0.74671376225132569
  0.75419853507589996  0.76239302818923638  0.76984909268737345  0.77548194125376224
  0.78132034946173634  0.78662817961560028  0.79134232077581945  0.79540006681683362
  0.79981964041989528  0.80464843680808840  0.80949813784600155  0.81401742145055800
  0.81821708676003024  0.82216270409186487  0.82605463241668109  0.83010248379133822
  0.83412991933360681  0.83780715528082383  0.84134839625353730  0.84477752357994440
  0.84799074784749018  0.85114201840596249  0.85419466814471734  0.85701901701887118
  0.85977034672172403  0.86238041170577973  0.86513263466888568  0.86781115717519697
  0.87053356503309720  0.87323651389456558  0.87580227264376320  0.87818408898119615
  0.88046264605604196  0.88263247160878378  0.88490585618351569  0.88723182202025719
  0.88956933458982779  0.89194006661360536  0.89417256791307975  0.89630279877950436
  0.89839519337301055  0.90047640651754235  0.90267315531591819  0.90497945675011426
  0.90730661404944246  0.90952495552669776  0.91161203157647042  0.91364778784995015
  0.91563345447282862  0.91765599708226353  0.91977356295889812  0.92181248600926247
  0.92389771547951804  0.92595601259787752  0.92800907691162549  0.93003895229372557
  0.93199282861252297  0.93388252081419720  0.93576629984338755  0.93763519012003338
  0.93945173657905612  0.94125514908839580  0.94304606988359829  0.94478762727229137
  0.94645271195774749  0.94812544648927199  0.94982946835741777  0.95155300330978343
  0.95328709387726940  0.95516161483925510  0.95700028283429517  0.95886582632908957
  0.96070103999526613  0.96253787334882823  0.96439219942224574  0.96625338929022686
  0.96814464755553320  0.96998570540086249  0.97188929505654553  0.97377650874914912
  0.97567813224855848  0.97748924322819830  0.97926673641781348  0.98105287206731140
  0.98292473860350860  0.98488950722053936  0.98697129737258771  0.98912434389968673
  0.99133604117826457  0.99370968799301140  0.99652784378453074  1.00000000000000000
 -0.01668297712101001  0.12592365366622960  0.15604594012060485  0.17616943809984764
  0.19293198349491381  0.20728348913162303  0.22091783150991254  0.23404496399076227
  0.24669583683928764  0.25841850518873277  0.26932331653018665  0.27985533789589567
  0.28974487191815118  0.29899249613729895  0.30785185693984829  0.31626146292672991
  0.32413991253594526  0.33145820174877261  0.33841322885917730  0.34510158923077799
  0.35169889004623589  0.35840939675670308  0.36528620714394822  0.37228701241183249
  0.37908986089377761  0.38562863605109543  0.39213417915406934  0.39857552412871622
  0.40505459260761556  0.41133852342747512  0.41758546515414130  0.42384161424508288
  0.43013250975956874  0.43642060323222770  0.44237823653671182  0.44813732122896099
  0.45365089034661032  0.45906235776161208  0.46454769942266916  0.47010792480993141
  0.47575899619996936  0.48151652440488163  0.48702133901324818  0.49233325197869221
  0.49773659241809343  0.50321961920848524  0.50891390810299408  0.51458200298083390
  0.52019649552234248  0.52580368952914869  0.53127139952470026  0.53695815443510309
  0.54252305138768442  0.54846492935188562  0.55470488096119286  0.56102779731788344
  0.56718647982743076  0.57308078898975123  0.57888555096505234  0.58477003392033722
  0.59068829530693645  0.59667029932309679  0.60287831222476707  0.60958409164694727
  0.61678550755778172  0.62426583876242547  0.63157332657499654  0.63905077401311083
  0.64624418989575538  0.65331334021924470  0.66018693851898891  0.66722349417997584
  0.67472429011597157  0.68285169297661719  0.69071430154509428  0.69781735981618054
  0.70432427796219377  0.71062944082184842  0.71699463822962228  0.72363884029772729
  0.73028429914612336  0.73725802479524860  0.74475305241184908  0.75346337815382258
  0.76222524139376868  0.77061510159565283  0.77927646075989820  0.78899745039072799
  0.79862961717425629  0.80872096223388312  0.81961751613389389  0.83230325891726165
  0.84793644057563256  0.86538959551180128  0.89134788387652697  1.00000000000000000
   1.3980670243083537E-005  -1.0000000000000000     
 F F F F F F F F F F F F F F F F F F F F F F F F F F F F F F F F F F F F F F F F F F F F F F F F F F F F F F F F F F F F F F F F F F F F F F F F F F F F F F F F F F F F F F F F F F F F F F F F F F F F F F F F F F F F F F F F F F F F F F F F F F F F F F F F F F F F F F F F F F F F F F F F F F F F F F F F F F F F F F F F F F F F F F F F F F F F F F F F F F F F F F F F F F F F F F F F F F F F F F F F F F F F F F F F F F F F F F F F F F F F F F F F F F F F F F F F F F F F F F F F F F F F F F F F F F F F F F F F
  <DiscreteSampler_grid>
  grouped_processes
  1 # 1 for a reference and 2 for a running grid.
  10 # Attribute 'min_bin_probing_points' of the grid.
  1 # Attribute 'grid_mode' of the grid. 1=='default',2=='initialization'
  0.0000000000000000 # Attribute 'small_contrib_threshold' of the grid.
  0.5000000000000000 # Attribute 'damping_power' of the grid.
 # binID   n_entries weight   weight_sqr   abs_weight
    13   10   5.766162442947731E-001   3.093636150195649E+000   5.766162442947731E-001
    16   10   7.639555008600698E-001   5.445413021991770E+000   7.639555008600698E-001
    22   10   4.550450439253431E-001   1.881384676893912E+000   4.550450439253431E-001
    25   10   5.563262812046796E-001   2.796924339777684E+000   5.563262812046796E-001
  </DiscreteSampler_grid>
