  0.00000013449097231  0.00000016380562473  0.00000018327470114  0.00000020732406790
  0.00000023633826329  0.00000026360657911  0.00000029084518931  0.00000031360586904
  0.00000034092365074  0.00000037005983127  0.00000039873612461  0.00000043196433794
  0.00000047108346824  0.00000051126107898  0.00000055079487877  0.00000058342087963
  0.00000061161023957  0.00000063802695728  0.00000066656581670  0.00000069992408042
  0.00000074089885552  0.00000079078475978  0.00000084499816261  0.00000088713464963
  0.00000093446789949  0.00000099995914732  0.00000106379177668  0.00000113189002278
  0.00000122451666609  0.00000132120205434  0.00000143669306438  0.00000156598672529
  0.00000170691221104  0.00000187027512285  0.00000205735585254  0.00000225678755690
  0.00000245773853391  0.00000266263536799  0.00000288706601593  0.00000314346277757
  0.00000343513146124  0.00000374762218081  0.00000408284584263  0.00000446304839926
  0.00000490125167635  0.00000540856173716  0.00000601378565732  0.00000667308906420
  0.00000738473755934  0.00000818255339630  0.00000899152564040  0.00000995430513892
  0.00001100600793318  0.00001234133696943  0.00001401984440722  0.00001586549193625
  0.00001802323782651  0.00002038361861446  0.00002317561529117  0.00002625898794849
  0.00002949607434131  0.00003337900648811  0.00003796420599076  0.00004333443551012
  0.00004964617039487  0.00005600239817689  0.00006366999827631  0.00007263377149181
  0.00008384410880382  0.00009754112823746  0.00011584412415312  0.00013730780120113
  0.00016159471118370  0.00019184340696464  0.00022957098603103  0.00026456051424942
  0.00029620912629869  0.00032638167805771  0.00036614619580349  0.00040960933287545
  0.00047869345645185  0.00055841478919541  0.00065711801301008  0.00076996656228840
  0.00094308859576832  0.00114568449498491  0.00132334271599977  0.00150128717580840
  0.00172578881187266  0.00213870386098390  0.00275463034463683  0.00376730113430786
  0.00528949047098132  0.00798628453771856  0.03897031992833824  1.00000000000000000
  0.00000099497567262  0.00000322117402129  0.00000376434174475  0.00000418331240786
  0.00000458138375230  0.00000505118520687  0.00000553274057120  0.00000604142909082
  0.00000663900748308  0.00000738284361185  0.00000816180538153  0.00000903665230281
  0.00001005907307048  0.00001117113505639  0.00001235621016030  0.00001365044724813
  0.00001504239418402  0.00001645382994999  0.00001807120446069  0.00001976126497636
  0.00002159552399982  0.00002354597424052  0.00002571590701562  0.00002830374101370
  0.00003119851272350  0.00003460053502180  0.00003814275136348  0.00004194730438184
  0.00004641327464492  0.00005136926801231  0.00005662913639090  0.00006220947232342
  0.00006804301493861  0.00007403870018954  0.00008035406894458  0.00008721029239100
  0.00009492616377432  0.00010374814852124  0.00011291064764166  0.00012247188506106
  0.00013265611109522  0.00014282908463180  0.00015303532389703  0.00016522026334239
  0.00017738965763525  0.00019103479393710  0.00020529409703850  0.00022052186961080
  0.00023686034007223  0.00025466948058194  0.00027358035314318  0.00029556489248221
  0.00032087679729743  0.00034545982521663  0.00037065754796326  0.00039855475278721
  0.00042854647284692  0.00045925766851342  0.00048983551711177  0.00052325777546493
  0.00056393806170794  0.00061553473517390  0.00067607632751856  0.00073314154578354
  0.00077064855524835  0.00081424656500597  0.00086140722651096  0.00091056468511494
  0.00096058768403490  0.00101054819666732  0.00105750806056274  0.00110351082231172
  0.00117310252841875  0.00126931857400071  0.00138545420741004  0.00151700228584455
  0.00166268613326567  0.00183142669286317  0.00201908430794705  0.00218503234296417
  0.00227020632714346  0.00234434727494429  0.00241880289766884  0.00249391410404606
  0.00256902531042329  0.00264413651680051  0.00274668099066356  0.00284940767241132
  0.00295213435415908  0.00315264272166396  0.00339090671782070  0.00487904129417421
  0.00748312990524125  0.01098299680167861  0.07716927977807507  1.00000000000000000
  0.00000181284944222  0.00000187381250599  0.00000193005767556  0.00000198589407624
  0.00000206581285774  0.00000212564246270  0.00000219318971417  0.00000226756056945
  0.00000234246966961  0.00000245283511349  0.00000254485687248  0.00000266540383802
  0.00000277981768661  0.00000290422063343  0.00000306352264910  0.00000321151544526
  0.00000334648353209  0.00000348032207865  0.00000361653826233  0.00000375806106808
  0.00000390562523012  0.00000406649057941  0.00000423803694570  0.00000441673913450
  0.00000460185454783  0.00000478913105497  0.00000497196487911  0.00000515511377109
  0.00000533549302233  0.00000555847164624  0.00000580849016003  0.00000607322117738
  0.00000634384941967  0.00000662576062801  0.00000692458628622  0.00000724756186314
  0.00000758910086183  0.00000797759106515  0.00000834342406569  0.00000871724801550
  0.00000911567944678  0.00000953579143537  0.00000995761549743  0.00001044788997794
  0.00001095024292332  0.00001142225867385  0.00001193101205936  0.00001246134286614
  0.00001301505089543  0.00001363192382164  0.00001429176232294  0.00001500621451784
  0.00001576798298712  0.00001653636447168  0.00001738949935570  0.00001831676304182
  0.00001935582913713  0.00002052299063960  0.00002176365296954  0.00002310295733243
  0.00002451889793097  0.00002592474784974  0.00002724364709393  0.00002868766453566
  0.00003023237505143  0.00003197488561575  0.00003440056506337  0.00003723364821401
  0.00004016023029749  0.00004335131401142  0.00004698112935466  0.00005127747947894
  0.00005676941830188  0.00006171949353344  0.00006663233782155  0.00007221793135416
  0.00007814656459876  0.00008434883187518  0.00009107355438498  0.00010342438133313
  0.00011974066319601  0.00013735506955981  0.00015528099589402  0.00017502891412884
  0.00019780781053476  0.00022928216844121  0.00027310669942487  0.00032763805555557
  0.00039128143314630  0.00047568553932675  0.00060954726635783  0.00082239456495305
  0.00112887753379748  0.00201325946966634  0.04149100795673004  1.00000000000000000
  0.00000193494888213  0.00000252580719786  0.00000284146712102  0.00000310635330508
  0.00000339621307771  0.00000368338849704  0.00000393339208187  0.00000418132124553
  0.00000445069376421  0.00000479279903279  0.00000519582615626  0.00000560862984716
  0.00000603274134901  0.00000650493526742  0.00000703801585863  0.00000760805375133
  0.00000817950972543  0.00000876813437982  0.00000939698007429  0.00001001272686653
  0.00001062460394263  0.00001125452406747  0.00001190552301033  0.00001263145912400
  0.00001343398803079  0.00001426891302142  0.00001516837198070  0.00001607400115840
  0.00001704764119049  0.00001814004694511  0.00001926702122465  0.00002034010523826
  0.00002134793462499  0.00002233028927986  0.00002340319347276  0.00002478506047050
  0.00002618033886554  0.00002781603211871  0.00002961992697842  0.00003150276779024
  0.00003343604201324  0.00003531364734624  0.00003742821152378  0.00003980001211513
  0.00004248712306702  0.00004563743685088  0.00004900916983739  0.00005248811981246
  0.00005649792056371  0.00006094348322905  0.00006595203171187  0.00007142436743336
  0.00007703231562454  0.00008320313945914  0.00009011235425649  0.00009801766192768
  0.00010671128212481  0.00011599104085094  0.00012516879277261  0.00013337862928167
  0.00014161189808921  0.00015070332453700  0.00016093909138187  0.00017044854793111
  0.00017853266037548  0.00018750897670741  0.00019675675948073  0.00021149289100381
  0.00022965907047186  0.00024857527745752  0.00026757503294742  0.00028802037853672
  0.00031176688412085  0.00032868270761446  0.00034687880191072  0.00036965542808870
  0.00039629929511080  0.00042511578538070  0.00048635046089808  0.00057187555551135
  0.00069445992486047  0.00081767109582048  0.00092769577400503  0.00103976213173747
  0.00117855413349736  0.00137007079058938  0.00160911871726344  0.00189567455369764
  0.00227123001842429  0.00281544428882981  0.00401419597492390  0.00488816614542341
  0.00555439787416006  0.00669689567774371  0.03234277293177862  1.00000000000000000
 -0.00161294562340675  0.00986603593636096  0.02069594583535791  0.03237458273607945
  0.04359127043305830  0.05325412201899831  0.06292896831729726  0.07286032763212394
  0.08205535432687046  0.09101768697856077  0.10077178755616897  0.11221320816899029
  0.12486982743017266  0.13637249123851342  0.14723575965194496  0.15819406025713761
  0.16871717285883089  0.17852553772170432  0.18870242024052836  0.19927776743038161
  0.21043818690324870  0.22181123110208556  0.23392167408811282  0.24607071346712164
  0.25614879063826940  0.26617052547575093  0.27649087614180012  0.28745621002790239
  0.29975771569490228  0.31203163632948294  0.32413132971125558  0.33594974328975336
  0.34665499781843062  0.35652117739137412  0.36575554941059957  0.37521160495748213
  0.38409205937615842  0.39409422286948131  0.40372461510361851  0.41362268309112865
  0.42266789883642414  0.43131045641847293  0.43977105748444317  0.44993018014946334
  0.46139917718477791  0.47376126739423952  0.48554785249783361  0.49668209702284072
  0.50719329684983838  0.51754942258713699  0.52882428920734481  0.54035407030488314
  0.54996747105914112  0.55800422780287096  0.56608147362936856  0.57410017107711364
  0.58304473250279465  0.59167057880116192  0.60052210399485495  0.61069021592667372
  0.62277709525305514  0.63348836510399065  0.64329822258571845  0.65196719070758447
  0.65970283663217066  0.66695779024397239  0.67475130885897294  0.68309595066841133
  0.69209953848532213  0.70439652059386770  0.71712400676519972  0.72954796924321796
  0.74083403242629908  0.75116012255007503  0.76159287868475922  0.77314225211568433
  0.78538978655108127  0.79787076302742266  0.81045309208089344  0.82209321251633871
  0.83224185707373599  0.84109537995220296  0.84999301388287263  0.86035911526339326
  0.87214781576430456  0.88545082065069858  0.89791121126450146  0.90942022853437177
  0.91962394533731517  0.92849102275169604  0.93779218284283050  0.94709096227395873
  0.95878334476450722  0.97130901218940024  0.98499371222042054  1.00000000000000000
 -0.00285717328060257  0.00562253776620994  0.01407308453633547  0.02245466385420362
  0.03395255633650308  0.04555126207658921  0.05563214931018466  0.06629814903053330
  0.07803917346336517  0.08881603855685909  0.10052439574043709  0.11271353779372328
  0.12510704093576025  0.13650358214008237  0.14693011830603558  0.15454828729962641
  0.16310543625479507  0.17117659382252171  0.17932756156190130  0.18805283547728785
  0.19617054337693698  0.20353274085256567  0.21122578266613984  0.21946095838100452
  0.22832438415369719  0.23739352965686383  0.24730279668490601  0.25692123188406152
  0.26665522890558579  0.27758930974403906  0.29005378549963873  0.30076915059431863
  0.31137726053729503  0.32149951779017721  0.33201652371132717  0.34296246651159706
  0.35428832418774397  0.36756637260380698  0.38101632056386447  0.39436008209790280
  0.40755428717906306  0.41953211393540846  0.42950358582226916  0.43786229261817156
  0.44570514816794804  0.45415889283570443  0.46431188773756499  0.47516081826044032
  0.48586194016131112  0.49581491848731485  0.50702387303972452  0.51859746340217439
  0.52809596816518112  0.53689779765758072  0.54572340269286879  0.55508803989476585
  0.56737457909255995  0.57858302208244050  0.59000428753708811  0.60064898922045118
  0.61138740247045731  0.62240074842747140  0.63340956061059139  0.64412966918044412
  0.65486785031475148  0.66576263246812006  0.67653852494569555  0.68764540917439587
  0.69902509573307514  0.71046622650284319  0.72174708863014092  0.73303585712630248
  0.74459600161732875  0.75627778616618901  0.76775343363915005  0.77928130325610723
  0.79149525798342990  0.80357983901422592  0.81454121348175934  0.82484284403684860
  0.83555589430883526  0.84679152905374555  0.85790017950468977  0.86815960571964246
  0.87895680323000325  0.89005126181194638  0.90159934261613162  0.91274700633728978
  0.92351198370596865  0.93416914690335606  0.94475229498379421  0.95576785825818633
  0.96659947070450591  0.97821253266102570  0.98859819340689969  1.00000000000000000
 -0.00273421525259117  0.00975201636882688  0.02056312367821312  0.03096826202734708
  0.04194819053711988  0.05349835200356661  0.06588758261554745  0.07806485684833367
  0.08941863212893601  0.09898478297472010  0.10847074097492573  0.11877181959923133
  0.12970365075273432  0.14265786040451842  0.15540463483533662  0.16542998581722035
  0.17487409513058588  0.18440491672187950  0.19451045801839015  0.20507615024337711
  0.21515664485673205  0.22545182216841886  0.23565275677375905  0.24636051876317713
  0.25545821871551855  0.26446698732750135  0.27419528756100991  0.28662126238148689
  0.29967599416638435  0.31233590919415527  0.32522766405373654  0.33690148664305314
  0.34693188034610145  0.35563400163834746  0.36445550822829453  0.37350089211629284
  0.38230066854441680  0.39046083555965072  0.39764493244950905  0.40487244798720051
  0.41275793366908636  0.42115602298445243  0.42952285258175915  0.43810607231384002
  0.44806913149684041  0.45882455054188193  0.47015952058534688  0.48274279532370173
  0.49563067807777317  0.50826356565700725  0.52011548555760623  0.53041119130926540
  0.53988357633334316  0.54922436688903120  0.55888353919854850  0.56898873734781652
  0.57941199912011010  0.59016903782366381  0.60140760726570364  0.61269875081850345
  0.62287627349532215  0.63196972035475074  0.64108501446211685  0.65088460896530076
  0.66317294212995748  0.67607461779353162  0.68844482244665850  0.69822154557358096
  0.70777698617173479  0.71690966863825212  0.72715426116076376  0.73837188108291596
  0.74970788117204179  0.76155553345800120  0.77218330723246265  0.78216167738084896
  0.79195863190888904  0.80179440269275049  0.81219554446534714  0.82368821399822667
  0.83589771051850470  0.84822032797403324  0.86013956118147017  0.87082542463217116
  0.88087975530866525  0.89129211527438712  0.90263538709869062  0.91468198015548230
  0.92541256356799217  0.93537297211560322  0.94517545817335191  0.95546862080309503
  0.96660572497752317  0.97820907231318299  0.98916091956526775  1.00000000000000000
 -0.00010331815743136  0.00006377899170044  0.00031174287237382  0.00064543571109107
  0.00079457787028556  0.00094788583772247  0.00110552630734693  0.00126842210147330
  0.00143578314783146  0.00160446347986968  0.00176976557242057  0.00194167922229447
  0.00211652117671541  0.00229036812032685  0.00248436047449182  0.00268872613039726
  0.00289518965844983  0.00307717181891834  0.00324022960839618  0.00339268648761583
  0.00355411922061700  0.00372458817100151  0.00390419493591504  0.00408718596387714
  0.00426915817760796  0.00445090765473907  0.00452349874258663  0.00459608983043419
  0.00466954723347450  0.00474926731467612  0.00482898739587773  0.00491093492570893
  0.00500796253536167  0.00510499014501440  0.00520318109088488  0.00539226171505741
  0.00555642107402848  0.00570761015700672  0.00587675601712861  0.00603646290191316
  0.00620794200507676  0.00636829721019337  0.00651883280804145  0.00666379771581993
  0.00680432619779058  0.00696257471323608  0.00717276794680562  0.00745500776399207
  0.00772811286283570  0.00797491986957356  0.00821095036349876  0.00842859720390340
  0.00861682656048450  0.00879528198714606  0.00901215702318759  0.00916621672425615
  0.00930459790104461  0.00944452116551105  0.00958705680020703  0.00976937838158189
  0.01004978073704465  0.01026060057906697  0.01044984837703693  0.01062656865193855
  0.01079984290653342  0.01098012155627707  0.01118608297947333  0.01139204440266959
  0.01161110323426653  0.01183633368388288  0.01226251014851039  0.01279643670639445
  0.01316800027612725  0.01351387756464766  0.01388828898344867  0.01425763597044524
  0.01468556258281336  0.01515909175981267  0.01557516815540208  0.01600473020560210
  0.01629879347444292  0.01662068654915125  0.01704261212400025  0.01793947941649243
  0.01867203290999801  0.01934103579784484  0.01962719515471644  0.01997448996400632
  0.02021386142303901  0.02044866518654201  0.02094101002173539  0.02613356683950630
  0.03122747784990628  0.03522661034592819  0.51319447046091937  1.00000000000000000
 -0.00161110878359703  0.00667312388142502  0.01367863030268470  0.02101443990465538
  0.02911764392080914  0.03787187104164080  0.04702361827590559  0.05471327747929772
  0.06153272605297407  0.06923248554996785  0.07845405562100666  0.08817956216953232
  0.09810668522004330  0.10762790738157778  0.11677040100145382  0.12623666951810272
  0.13548276009878280  0.14491134932076877  0.15459619551367920  0.16517736414372799
  0.17728553622356186  0.19047940808541231  0.20384989945042387  0.21675696790358329
  0.22854546573017889  0.23904533885173010  0.24939156735465060  0.26060233414795475
  0.27300634462318046  0.28647267495646100  0.30040035507210189  0.31401837086267792
  0.32624817120004734  0.33717630578551205  0.34763508210658789  0.35865303771893214
  0.37075050762566764  0.38232827458763224  0.39351629336399035  0.40483778930031344
  0.41479577892162961  0.42375601661128315  0.43264897748357772  0.44185880070353462
  0.45163132278334467  0.46039096323379136  0.46847988925382394  0.47676358360749593
  0.48517963410051562  0.49431815620595015  0.50423363860769310  0.51482221823486229
  0.52595267897399511  0.53666653992314584  0.54667972502369422  0.55651434142894352
  0.56708661772072699  0.57895823955860204  0.59114030592563471  0.60286976294206951
  0.61420349218777570  0.62561053193179583  0.63658077251841338  0.64813976342941770
  0.65896626807199898  0.66978843233890195  0.68114087573107751  0.69349614259326653
  0.70521635137267591  0.71584548458925223  0.72536377736738633  0.73449780734796255
  0.74384436602126103  0.75316831098237635  0.76334424012082247  0.77361389173191153
  0.78495866535815462  0.79706638777759620  0.80850839004321196  0.82040549037799770
  0.83228406720844939  0.84458621658907063  0.85550443424601563  0.86629829466640806
  0.87625246021722025  0.88687403223075489  0.89706207784766978  0.90752985766005367
  0.91719818508979900  0.92832429619808798  0.94010973844367951  0.95354184941477715
  0.96705147872941466  0.97953724652941299  0.99013580096290776  1.00000000000000000
 -0.00006968957309003  0.00003521934428990  0.00014620273237143  0.00034319627364495
  0.00051076097771400  0.00059425847011597  0.00067886651761850  0.00076497804367138
  0.00084907212847416  0.00092910304352522  0.00099327064952946  0.00105743825553369
  0.00113013165568396  0.00120314517780867  0.00127345347014278  0.00134252709306092
  0.00141783606099889  0.00150921477021135  0.00160285758512479  0.00169927468464555
  0.00179683759103567  0.00189514303927211  0.00199648462120630  0.00209865208426257
  0.00220235080368222  0.00231135424815759  0.00243831473876176  0.00256469819386711
  0.00269343494667266  0.00282660976765318  0.00295152923556728  0.00306044871678235
  0.00316274101347296  0.00325989163865421  0.00335978798390147  0.00346249904805428
  0.00358644733776587  0.00372239870496172  0.00383128330544431  0.00392526052021884
  0.00400749336684258  0.00409097204583347  0.00417680863483558  0.00427190045031455
  0.00437969133377977  0.00451290705064711  0.00469495925792496  0.00491350765552224
  0.00512802867519070  0.00523519666443396  0.00532198494057200  0.00539372042087192
  0.00547218661613779  0.00555572857852025  0.00564340593656460  0.00573362678327550
  0.00581986115034549  0.00590805246509629  0.00600233646034563  0.00604842211991139
  0.00609450656548613  0.00614039584008206  0.00618628511467798  0.00623464928255337
  0.00628332483861626  0.00644012033616873  0.00666692479912226  0.00676229940661194
  0.00686876382652774  0.00697522824644354  0.00707665613342501  0.00717110700092972
  0.00722830207421453  0.00728549714749934  0.00734250602107269  0.00739928015117105
  0.00745605428126941  0.00751652475366699  0.00757808877643096  0.00768822009765791
  0.00782829609763397  0.00791923834972439  0.00797287343433725  0.00802443949738835
  0.00807600510084429  0.00812748249503461  0.00817895988922494  0.00823212310629386
  0.00831274503435956  0.00839336696242526  0.00859072018151151  0.01013474652179684
  0.01130092079167942  0.01926817776601090  0.34059268108400836  1.00000000000000000
 -0.00206663884816379  0.01024306141876985  0.02051546702361083  0.03093076937265454
  0.04072740556048039  0.05087590494721664  0.06110902499132288  0.07223209218336436
  0.08346431659844721  0.09480319708236704  0.10596205101144089  0.11535782100785466
  0.12347238287992071  0.13114762886154849  0.13940679345780807  0.14916556164667216
  0.15968469094545631  0.17018869190993693  0.17946788635895683  0.18828989138032062
  0.19666631050499270  0.20537897931623078  0.21367434705553259  0.22121396985744735
  0.22960870847536646  0.24096576368404840  0.25299027470433505  0.26512393530025941
  0.27779510983364591  0.29029452854030929  0.30203698413944230  0.31254198103950726
  0.32359599655553528  0.33410076755191814  0.34412040344438660  0.35409017008655330
  0.36389534573765320  0.37317231560916847  0.38297117560617738  0.39342004085325505
  0.40439107982790834  0.41515905253924273  0.42511227502347332  0.43554161725195473
  0.44604575511379241  0.45746185621244267  0.46928131343794327  0.47990862586493077
  0.48978933356889542  0.49969355264751752  0.51018307207145075  0.52227351851208881
  0.53433885861590091  0.54620194704052927  0.55659766411076572  0.56370845054308605
  0.57055125381444660  0.57752633213577409  0.58544419364668376  0.59569884641730475
  0.60743732902322178  0.61841126440729632  0.62782166101686987  0.63640161651015814
  0.64537791667655620  0.65441182353809335  0.66563851642236316  0.67736408930421677
  0.68927295211332074  0.70156036474457328  0.71394051626671695  0.72583886108431483
  0.73643663360499911  0.74649038102254806  0.75700913645163848  0.76779398794602260
  0.77879399841811381  0.78861950209154985  0.79871576712249648  0.80973987732147035
  0.82373100814071132  0.83847874270788236  0.85246269028164545  0.86449024427561127
  0.87554483655499804  0.88655652664464124  0.89849311371916107  0.91171562795575367
  0.92402629067794961  0.93573707519406712  0.94625332607793267  0.95599071951528725
  0.96549009520294971  0.97482204308717457  0.98641117750345941  1.00000000000000000
  0.47577802138879099  0.52353675395715171  0.53410739940006935  0.54724091361239358
  0.55892907225267585  0.58169368994843651  0.59078388992395292  0.59948054465764955
  0.60770860035102758  0.61646651266852015  0.62746459808917876  0.63758320367935473
  0.64610806606044358  0.65335842500167929  0.65999037208909639  0.66597932732944198
  0.67150051131934352  0.67744044869493014  0.68510287997481911  0.69229623666229345
  0.69867251945635811  0.70465741617354394  0.71149622631136289  0.71902025333948683
  0.72556577685376455  0.73134621961500168  0.73702115193114592  0.74250089121951857
  0.74779197183497736  0.75291070144625938  0.75828300405594184  0.76370507698564449
  0.76922588218307386  0.77473988624457724  0.78016083606039011  0.78552673284390551
  0.79072869032909965  0.79579371652288389  0.80048465719884088  0.80506483393228268
  0.80990001901052644  0.81549587210093410  0.82158617350032781  0.82759037195218577
  0.83333203900314878  0.83851596037890386  0.84343034060675515  0.84804279754912237
  0.85269494068589047  0.85721396304430364  0.86158700115847597  0.86606891319024848
  0.87065867800239849  0.87539429165534854  0.87921158241176522  0.88278921710874825
  0.88632134138186303  0.88994150191986465  0.89369653764837076  0.89756309724620276
  0.90152539989497049  0.90572360627115289  0.90969503882620251  0.91329228428033593
  0.91677154056439003  0.92002395835138706  0.92315033059802554  0.92633500607450525
  0.92953843834126471  0.93276905840274682  0.93587254734991443  0.93885437782379788
  0.94173527285851688  0.94453691952442176  0.94731342194527146  0.95013867472708424
  0.95299087850809583  0.95592243982792025  0.95888999643827499  0.96154377498636145
  0.96426606608363175  0.96702736643459375  0.96966162654563914  0.97209917006930102
  0.97436468246428443  0.97653399444400113  0.97865314853083973  0.98071089463209227
  0.98316561391533708  0.98567577714036103  0.98801990937697259  0.99021515960772866
  0.99248265875342889  0.99470594067330143  0.99712290986872920  1.00000000000000000
 -0.01647344203669315  0.12131120349150690  0.17442954758932969  0.21024852399334276
  0.23920955278183018  0.26163583821577119  0.28113968280045626  0.29984486127382920
  0.31754667410781229  0.33347477807797066  0.34729791725956172  0.36138574643354643
  0.37468194427310297  0.38725382934799391  0.39900526984659151  0.41018232209847461
  0.42062539371171398  0.43055265514681434  0.44006170048672905  0.44989024220693524
  0.46027108417894891  0.46995024892865056  0.47929247435801176  0.48899917552463051
  0.49863462513660833  0.50786033458968893  0.51608131559286197  0.52339173319780519
  0.53042860269376746  0.53776127769882276  0.54598432579867984  0.55412305228403336
  0.56206576302421107  0.56989753040786839  0.57766480345107873  0.58467531440981269
  0.59027307565081288  0.59477079642832908  0.59923952714812223  0.60350480912562310
  0.60800345471383521  0.61305608783782983  0.61829812012981022  0.62373222741117618
  0.62920051784278441  0.63475434210945714  0.63984206133945232  0.64461439259566800
  0.64996588375158360  0.65591018355061037  0.66192700536759930  0.66750022212092031
  0.67271517972491457  0.67802148226514836  0.68334445818601930  0.68907416951126144
  0.69487279314636685  0.70068118908522548  0.70659467362395811  0.71281225548010219
  0.71927111590576909  0.72525712816454257  0.73096933630669192  0.73666336073127925
  0.74234396331567942  0.74808235670312351  0.75434238018816147  0.76011973234666941
  0.76634082077634347  0.77202943502804533  0.77766066927234223  0.78353443046584337
  0.78947035928878051  0.79616700452132716  0.80323639553977233  0.80944704980401472
  0.81467392611218448  0.81928523590150082  0.82379946351694489  0.82800387072137827
  0.83169170687514671  0.83504367281418301  0.83839204464075368  0.84156068624081193
  0.84472932784087029  0.84762431688254380  0.85030877404327221  0.85363276873814864
  0.86064973937564571  0.86745975194214797  0.87360250655188987  0.87898056903113386
  0.88524841374768060  0.89284438470746119  0.90314239528358076  1.00000000000000000
   4.8509201250827531E-007  -1.0000000000000000     
 F F F F F F F F F F F F F F F F F F F F F F F F F F F F F F F F F F F F F F F F F F F F F F F F F F F F F F F F F F F F F F F F F F F F F F F F F F F F F F F F F F F F F F F F F F F F F F F F F F F F F F F F F F F F F F F F F F F F F F F F F F F F F F F F F F F F F F F F F F F F F F F F F F F F F F F F F F F F F F F F F F F F F F F F F F F F F F F F F F F F F F F F F F F F F F F F F F F F F F F F F F F F F F F F F F F F F F F F F F F F F F F F F F F F F F F F F F F F F F F F F F F F F F F F F F F F F F F F
  <DiscreteSampler_grid>
  grouped_processes
  1 # 1 for a reference and 2 for a running grid.
  10 # Attribute 'min_bin_probing_points' of the grid.
  1 # Attribute 'grid_mode' of the grid. 1=='default',2=='initialization'
  0.0000000000000000 # Attribute 'small_contrib_threshold' of the grid.
  0.5000000000000000 # Attribute 'damping_power' of the grid.
 # binID   n_entries weight   weight_sqr   abs_weight
    13   10   2.432174818786200E-002   1.960360610246444E-003   2.432174818786200E-002
    14   10   2.432174818786203E-002   1.960360610246449E-003   2.432174818786203E-002
    16   10   5.643927131397579E-003   1.152940938929424E-004   5.643927131397579E-003
    17   10   5.643927131397587E-003   1.152940938929428E-004   5.643927131397587E-003
    22   10   2.432174818786200E-002   1.960360610246443E-003   2.432174818786200E-002
    23   10   2.432174818786203E-002   1.960360610246449E-003   2.432174818786203E-002
    25   10   5.643927131397579E-003   1.152940938929424E-004   5.643927131397579E-003
    26   10   5.643927131397588E-003   1.152940938929429E-004   5.643927131397588E-003
    31   10   2.432174818786200E-002   1.960360610246443E-003   2.432174818786200E-002
    32   10   2.432174818786203E-002   1.960360610246449E-003   2.432174818786203E-002
    34   10   5.643927131397581E-003   1.152940938929425E-004   5.643927131397581E-003
    35   10   5.643927131397591E-003   1.152940938929430E-004   5.643927131397591E-003
    40   10   2.432174818786200E-002   1.960360610246443E-003   2.432174818786200E-002
    41   10   2.432174818786203E-002   1.960360610246449E-003   2.432174818786203E-002
    43   10   5.643927131397579E-003   1.152940938929424E-004   5.643927131397579E-003
    44   10   5.643927131397588E-003   1.152940938929429E-004   5.643927131397588E-003
    49   10   2.432174818786199E-002   1.960360610246443E-003   2.432174818786199E-002
    50   10   2.432174818786203E-002   1.960360610246449E-003   2.432174818786203E-002
    52   10   5.643927131397579E-003   1.152940938929424E-004   5.643927131397579E-003
    53   10   5.643927131397588E-003   1.152940938929429E-004   5.643927131397588E-003
    58   10   2.432174818786199E-002   1.960360610246441E-003   2.432174818786199E-002
    59   10   2.432174818786201E-002   1.960360610246447E-003   2.432174818786201E-002
    61   10   5.643927131397579E-003   1.152940938929424E-004   5.643927131397579E-003
    62   10   5.643927131397587E-003   1.152940938929428E-004   5.643927131397587E-003
  </DiscreteSampler_grid>
