 Process in group number            1
 A PDF is used, so alpha_s(MZ) is going to be modified
 Old value of alpha_s from param_card:   0.13000000000000003     
  ****************************************
 
       NNPDFDriver version 1.0.3
   Grid: NNPDF23_lo_as_0130_qed_mem0.grid
  ****************************************
 New value of alpha_s from PDF nn23lo1:  0.13000000000000000     
 Warning! ptj set to xqcut=   15.000000000000000       to improve integration efficiency
 Note that this might affect non-radiated jets,
 e.g. from decays. Use cut_decays=F in run_card.
 Warning! mmjj set to xqcut=   15.000000000000000       to improve integration efficiency
 Note that this might affect non-radiated jets,
 e.g. from decays. Use cut_decays=F in run_card.
 Define smin to   2425.0000000000000     
 Define smin to   2425.0000000000000     
 Define smin to   2425.0000000000000     
 Define smin to   2425.0000000000000     
 Define smin to   2425.0000000000000     
 Define smin to   2425.0000000000000     
 Define smin to   2425.0000000000000     
 Define smin to   2425.0000000000000     
 Define smin to   2425.0000000000000     
 Define smin to   2425.0000000000000     
 Define smin to   2425.0000000000000     
 Define smin to   2425.0000000000000     
 *****************************************************
 *               MadGraph/MadEvent                   *
 *        --------------------------------           *
 *          http://madgraph.hep.uiuc.edu             *
 *          http://madgraph.phys.ucl.ac.be           *
 *          http://madgraph.roma2.infn.it            *
 *        --------------------------------           *
 *                                                   *
 *          PARAMETER AND COUPLING VALUES            *
 *                                                   *
 *****************************************************

  External Params
  ---------------------------------
  
 mdl_MB =    4.7000000000000002     
 mdl_MT =    173.00000000000000     
 mdl_MTA =    1.7769999999999999     
 mdl_MZ =    91.188000000000002     
 mdl_MH =    125.00000000000000     
 aEWM1 =    132.50700000000001     
 mdl_Gf =    1.1663900000000000E-005
 aS =   0.13000000000000003     
 mdl_ymb =    4.7000000000000002     
 mdl_ymt =    173.00000000000000     
 mdl_ymtau =    1.7769999999999999     
 mdl_WT =    1.4915000000000000     
 mdl_WZ =    2.4414039999999999     
 mdl_WW =    2.0476000000000001     
 mdl_WH =    6.3823389999999999E-003
  Internal Params
  ---------------------------------
  
 mdl_conjg__CKM3x3 =    1.0000000000000000     
 mdl_conjg__CKM1x1 =    1.0000000000000000     
 mdl_CKM3x3 =    1.0000000000000000     
 mdl_complexi =                (0.0000000000000000,1.0000000000000000)
 mdl_MZ__exp__2 =    8315.2513440000002     
 mdl_MZ__exp__4 =    69143404.913893804     
 mdl_sqrt__2 =    1.4142135623730951     
 mdl_MH__exp__2 =    15625.000000000000     
 mdl_aEW =    7.5467711139788835E-003
 mdl_MW =    80.419002445756163     
 mdl_sqrt__aEW =    8.6872153846781555E-002
 mdl_ee =   0.30795376724436879     
 mdl_MW__exp__2 =    6467.2159543705357     
 mdl_sw2 =   0.22224648578577766     
 mdl_cw =   0.88190334743339216     
 mdl_sqrt__sw2 =   0.47143025548407230     
 mdl_sw =   0.47143025548407230     
 mdl_g1 =   0.34919219678733299     
 mdl_gw =   0.65323293034757990     
 mdl_vev =    246.21845810181637     
 mdl_vev__exp__2 =    60623.529110035903     
 mdl_lam =   0.12886910601690263     
 mdl_yb =    2.6995554250465490E-002
 mdl_yt =   0.99366614581500623     
 mdl_ytau =    1.0206617000654717E-002
 mdl_muH =    88.388347648318430     
 mdl_I1x33 =          (2.69955542504654901E-002,0.0000000000000000)
 mdl_I2x33 =               (0.99366614581500623,0.0000000000000000)
 mdl_I3x33 =               (0.99366614581500623,0.0000000000000000)
 mdl_I4x33 =          (2.69955542504654901E-002,0.0000000000000000)
 mdl_ee__exp__2 =    9.4835522759998875E-002
 mdl_sw__exp__2 =   0.22224648578577769     
 mdl_cw__exp__2 =   0.77775351421422245     
  Internal Params evaluated point by point
  ----------------------------------------
  
 mdl_sqrt__aS =   0.36055512754639896     
 mdl_G__exp__2 =    1.6336281798666927     
  Couplings of sm
  ---------------------------------
  
        GC_10 =  -0.12781E+01   0.00000E+00
        GC_11 =   0.00000E+00   0.12781E+01
        GC_12 =   0.00000E+00   0.16336E+01
         GC_1 =  -0.00000E+00  -0.10265E+00
         GC_2 =   0.00000E+00   0.20530E+00
         GC_3 =  -0.00000E+00  -0.30795E+00
        GC_50 =  -0.00000E+00  -0.28804E+00
        GC_58 =  -0.00000E+00  -0.27437E-01
        GC_59 =   0.00000E+00   0.82310E-01

 Collider parameters:
 --------------------

 Running at P P   machine @    13000.000000000000       GeV
 PDF set = nn23lo1
 alpha_s(Mz)= 0.1300 running at 2 loops.
 alpha_s(Mz)= 0.1300 running at 2 loops.
 Renormalization scale set on event-by-event basis
 Factorization   scale set on event-by-event basis


 getting user params
Enter number of events and max and min iterations: 
 Number of events and iterations         1000           5           3
Enter desired fractional accuracy: 
 Desired fractional accuracy:   0.10000000000000001     
Enter 0 for fixed, 2 for adjustable grid: 
Suppress amplitude (0 no, 1 yes)? 
 Using suppressed amplitude.
Exact helicity sum (0 yes, n = number/event)? 
 Explicitly summing over helicities
Enter Configuration Number: 
Running Configuration Number:   18
 Not subdividing B.W.
 Attempting mappinvarients           1           7
 Determine nb_t
 T-channel found:            3
 Completed mapping           7
 about to integrate           13        1000           7           3          13           1
 Using non-zero grid deformation.
 13 dimensions   1000 events 13 invarients  7 iterations  1 config(s),  (0.99)
 Using h-tuple random number sequence.
 Error opening grid
 Using Uniform Grid!          28
 Using uniform alpha   1.0000000000000000     
 Grid defined OK
 Masses: 0.000E+00 0.000E+00 0.000E+00 0.000E+00 0.000E+00 0.000E+00 0.000E+00
 Set CM energy to      13000.00
 Mapping Graph          18  to config          18
 Determine nb_t
 T-channel found:            3
Setting grid   1    0.75740E-07   1
Setting grid   2    0.13314E-05   1
Setting grid   3    0.13314E-05   1
Setting grid   4    0.13314E-05   1
 Transforming s_hat 1/s           12   2.5000000000000005E-005   2425.0000000000000        168999999.99999997     
Using random seed offsets    18 :      4
  with seed                   24
 Ranmar initialization seeds       31076        9401
  Particle       3       4       5       6       7
      Et >    10.0    10.0    15.0    15.0    15.0
       E >     0.0     0.0     0.0     0.0     0.0
     Eta <     2.5     2.5     5.0     5.0     5.0
   xqcut:      0.0     0.0    15.0    15.0    15.0
d R # 3  >    -0.0     0.4     0.0     0.0     0.0
d R # 4  >    -0.0    -0.0     0.0     0.0     0.0
d R # 5  >    -0.0    -0.0    -0.0     0.0     0.0
d R # 6  >    -0.0    -0.0    -0.0    -0.0     0.0
s min # 3>     0.0     0.0     0.0     0.0     0.0
s min # 4>     0.0     0.0     0.0     0.0     0.0
s min # 5>     0.0     0.0     0.0   225.0   225.0
s min # 6>     0.0     0.0     0.0     0.0   225.0
xqcutij # 3>     0.0     0.0     0.0     0.0     0.0
xqcutij # 4>     0.0     0.0     0.0     0.0     0.0
xqcutij # 5>     0.0     0.0     0.0    15.0    15.0
xqcutij # 6>     0.0     0.0    15.0     0.0    15.0
 
 ********************************************
 * You are using the DiscreteSampler module *
 *      part of the MG5_aMC framework       *
 *         Author: Valentin Hirschi         *
 ********************************************
 
 RESET CUMULATIVE VARIABLE
 Iteration  1   Mean: 0.7139E+00 Abs mean: 0.7139E+00   Fluctuation:  0.946E-01   0.494E+02     0.7%
  1    0.7139E+00 0.7139E+00 +- 0.9462E-01      4.19
 Writing out events   1.4035293149564702E-002   4.1915349336637222     
 Relative summed weights:
  0.1072E-01  0.1982E-01  0.1049E-01  0.7252E-02  0.6933E-03  0.1044E-02  0.1932E-02  0.1245E-02  0.0000E+00  0.0000E+00  0.0000E+00  0.0000E+00  0.9758E-01  0.8208E-01  0.0000E+00  0.0000E+00  0.3642E-02  0.1147E-01  0.7844E-03  0.6542E-03  0.0000E+00  0.0000E+00  0.1747E-02  0.2147E-02
  0.2233E-01  0.8309E-02  0.2289E-02  0.7470E-04  0.0000E+00  0.0000E+00  0.0000E+00  0.0000E+00  0.2320E-01  0.2352E-01  0.8139E-01  0.1741E-01  0.0000E+00  0.0000E+00  0.8172E-03  0.1807E-01  0.0000E+00  0.0000E+00  0.0000E+00  0.0000E+00  0.0000E+00  0.0000E+00  0.0000E+00  0.0000E+00
  0.5446E-01  0.5099E-01  0.2546E-03  0.2173E-02  0.0000E+00  0.0000E+00  0.0000E+00  0.0000E+00  0.2973E-01  0.4527E-01  0.1545E-01  0.6613E-02  0.0000E+00  0.0000E+00  0.1874E-02  0.1453E-02  0.0000E+00  0.0000E+00  0.0000E+00  0.0000E+00  0.0000E+00  0.0000E+00  0.0000E+00  0.0000E+00
  0.1591E-01  0.9567E-02  0.4798E-03  0.6684E-02  0.1983E-01  0.4045E-02  0.9380E-03  0.8979E-02  0.0000E+00  0.0000E+00  0.0000E+00  0.0000E+00  0.3033E-01  0.7373E-01  0.0000E+00  0.0000E+00  0.2922E-02  0.2786E-01  0.1094E-02  0.6773E-03  0.0000E+00  0.0000E+00  0.1148E-01  0.2811E-02
  0.0000E+00  0.0000E+00  0.0000E+00  0.0000E+00  0.1025E-02  0.5707E-03  0.2827E-01  0.1272E-03  0.0000E+00  0.0000E+00  0.0000E+00  0.0000E+00  0.0000E+00  0.0000E+00  0.0000E+00  0.0000E+00  0.0000E+00  0.0000E+00  0.0000E+00  0.0000E+00  0.1688E-01  0.1097E-01  0.0000E+00  0.0000E+00
  0.0000E+00  0.0000E+00  0.0000E+00  0.0000E+00  0.3977E-02  0.6404E-02  0.6029E-03  0.0000E+00  0.0000E+00  0.0000E+00  0.0000E+00  0.0000E+00  0.0000E+00  0.0000E+00  0.0000E+00  0.0000E+00  0.0000E+00  0.0000E+00  0.0000E+00  0.0000E+00  0.1675E-01  0.3810E-01  0.0000E+00  0.0000E+00
 Relative number of events:
  0.1846E-01  0.1846E-01  0.5831E-02  0.8746E-02  0.3887E-02  0.4859E-02  0.1944E-02  0.1944E-02  0.0000E+00  0.0000E+00  0.0000E+00  0.0000E+00  0.5248E-01  0.6511E-01  0.0000E+00  0.0000E+00  0.1361E-01  0.1749E-01  0.5831E-02  0.4859E-02  0.0000E+00  0.0000E+00  0.9718E-03  0.6803E-02
  0.2332E-01  0.1458E-01  0.2915E-02  0.1944E-02  0.0000E+00  0.0000E+00  0.0000E+00  0.0000E+00  0.5345E-01  0.3596E-01  0.2235E-01  0.1652E-01  0.0000E+00  0.0000E+00  0.6803E-02  0.1361E-01  0.0000E+00  0.0000E+00  0.0000E+00  0.0000E+00  0.0000E+00  0.0000E+00  0.0000E+00  0.0000E+00
  0.2235E-01  0.1652E-01  0.3887E-02  0.3887E-02  0.0000E+00  0.0000E+00  0.0000E+00  0.0000E+00  0.3984E-01  0.5442E-01  0.1944E-01  0.1846E-01  0.0000E+00  0.0000E+00  0.9718E-02  0.3887E-02  0.0000E+00  0.0000E+00  0.0000E+00  0.0000E+00  0.0000E+00  0.0000E+00  0.0000E+00  0.0000E+00
  0.1652E-01  0.2527E-01  0.3887E-02  0.4859E-02  0.6803E-02  0.8746E-02  0.9718E-03  0.1944E-02  0.0000E+00  0.0000E+00  0.0000E+00  0.0000E+00  0.5442E-01  0.5734E-01  0.0000E+00  0.0000E+00  0.1069E-01  0.1361E-01  0.3887E-02  0.2915E-02  0.0000E+00  0.0000E+00  0.3887E-02  0.6803E-02
  0.0000E+00  0.0000E+00  0.0000E+00  0.0000E+00  0.7775E-02  0.3887E-02  0.3887E-02  0.1944E-02  0.0000E+00  0.0000E+00  0.0000E+00  0.0000E+00  0.0000E+00  0.0000E+00  0.0000E+00  0.0000E+00  0.0000E+00  0.0000E+00  0.0000E+00  0.0000E+00  0.3693E-01  0.3401E-01  0.0000E+00  0.0000E+00
  0.0000E+00  0.0000E+00  0.0000E+00  0.0000E+00  0.4859E-02  0.3887E-02  0.1944E-02  0.0000E+00  0.0000E+00  0.0000E+00  0.0000E+00  0.0000E+00  0.0000E+00  0.0000E+00  0.0000E+00  0.0000E+00  0.0000E+00  0.0000E+00  0.0000E+00  0.0000E+00  0.3401E-01  0.2915E-01  0.0000E+00  0.0000E+00
 Events:
          19          19           6           9           4           5           2           2           0           0           0           0          54          67           0           0          14          18           6           5           0           0           1           7
          24          15           3           2           0           0           0           0          55          37          23          17           0           0           7          14           0           0           0           0           0           0           0           0
          23          17           4           4           0           0           0           0          41          56          20          19           0           0          10           4           0           0           0           0           0           0           0           0
          17          26           4           5           7           9           1           2           0           0           0           0          56          59           0           0          11          14           4           3           0           0           4           7
           0           0           0           0           8           4           4           2           0           0           0           0           0           0           0           0           0           0           0           0          38          35           0           0
           0           0           0           0           5           4           2           0           0           0           0           0           0           0           0           0           0           0           0           0          35          30           0           0
 Iteration  2   Mean: 0.4409E+00 Abs mean: 0.4409E+00   Fluctuation:  0.439E-01   0.432E+02     2.8%
  2    0.4409E+00 0.4409E+00 +- 0.4391E-01      4.45
 Relative summed weights:
  0.5987E-01  0.1245E-01  0.9548E-02  0.4451E-02  0.2747E-02  0.3701E-02  0.3003E-02  0.5685E-03  0.0000E+00  0.0000E+00  0.0000E+00  0.0000E+00  0.6553E-01  0.4604E-01  0.0000E+00  0.0000E+00  0.9173E-02  0.1182E-01  0.4294E-02  0.3738E-02  0.0000E+00  0.0000E+00  0.1265E-02  0.4262E-02
  0.1301E-01  0.2602E-01  0.3419E-02  0.6243E-03  0.0000E+00  0.0000E+00  0.0000E+00  0.0000E+00  0.3030E-01  0.4349E-01  0.7151E-02  0.1654E-01  0.0000E+00  0.0000E+00  0.2977E-02  0.5287E-02  0.0000E+00  0.0000E+00  0.0000E+00  0.0000E+00  0.0000E+00  0.0000E+00  0.0000E+00  0.0000E+00
  0.1305E-01  0.4333E-01  0.2561E-02  0.4183E-03  0.0000E+00  0.0000E+00  0.0000E+00  0.0000E+00  0.2833E-01  0.5423E-01  0.2089E-01  0.1381E-01  0.0000E+00  0.0000E+00  0.2504E-02  0.4562E-02  0.0000E+00  0.0000E+00  0.0000E+00  0.0000E+00  0.0000E+00  0.0000E+00  0.0000E+00  0.0000E+00
  0.7592E-02  0.8963E-02  0.1698E-02  0.5564E-02  0.3274E-02  0.4934E-02  0.2912E-02  0.3422E-03  0.0000E+00  0.0000E+00  0.0000E+00  0.0000E+00  0.3804E-01  0.7917E-01  0.0000E+00  0.0000E+00  0.3354E-01  0.2854E-01  0.2471E-02  0.2868E-02  0.0000E+00  0.0000E+00  0.6766E-03  0.1421E-02
  0.0000E+00  0.0000E+00  0.0000E+00  0.0000E+00  0.2781E-01  0.5461E-02  0.3138E-03  0.6334E-03  0.0000E+00  0.0000E+00  0.0000E+00  0.0000E+00  0.0000E+00  0.0000E+00  0.0000E+00  0.0000E+00  0.0000E+00  0.0000E+00  0.0000E+00  0.0000E+00  0.1723E-01  0.2533E-01  0.0000E+00  0.0000E+00
  0.0000E+00  0.0000E+00  0.0000E+00  0.0000E+00  0.4316E-02  0.2758E-01  0.1772E-02  0.4046E-03  0.0000E+00  0.0000E+00  0.0000E+00  0.0000E+00  0.0000E+00  0.0000E+00  0.0000E+00  0.0000E+00  0.0000E+00  0.0000E+00  0.0000E+00  0.0000E+00  0.2413E-01  0.6804E-01  0.0000E+00  0.0000E+00
 Relative number of events:
  0.2244E-01  0.2098E-01  0.3902E-02  0.4878E-02  0.3902E-02  0.6829E-02  0.3415E-02  0.1463E-02  0.0000E+00  0.0000E+00  0.0000E+00  0.0000E+00  0.6146E-01  0.6390E-01  0.0000E+00  0.0000E+00  0.1463E-01  0.1366E-01  0.4390E-02  0.6341E-02  0.0000E+00  0.0000E+00  0.2439E-02  0.3415E-02
  0.2049E-01  0.2390E-01  0.2439E-02  0.1951E-02  0.0000E+00  0.0000E+00  0.0000E+00  0.0000E+00  0.5122E-01  0.3951E-01  0.1610E-01  0.1854E-01  0.0000E+00  0.0000E+00  0.7805E-02  0.8293E-02  0.0000E+00  0.0000E+00  0.0000E+00  0.0000E+00  0.0000E+00  0.0000E+00  0.0000E+00  0.0000E+00
  0.2098E-01  0.1951E-01  0.2927E-02  0.1951E-02  0.0000E+00  0.0000E+00  0.0000E+00  0.0000E+00  0.3463E-01  0.3463E-01  0.2293E-01  0.2390E-01  0.0000E+00  0.0000E+00  0.5366E-02  0.3415E-02  0.0000E+00  0.0000E+00  0.0000E+00  0.0000E+00  0.0000E+00  0.0000E+00  0.0000E+00  0.0000E+00
  0.2146E-01  0.1707E-01  0.4878E-02  0.2439E-02  0.7805E-02  0.4878E-02  0.2927E-02  0.2439E-02  0.0000E+00  0.0000E+00  0.0000E+00  0.0000E+00  0.5659E-01  0.6341E-01  0.0000E+00  0.0000E+00  0.1317E-01  0.1268E-01  0.5854E-02  0.6341E-02  0.0000E+00  0.0000E+00  0.2927E-02  0.4390E-02
  0.0000E+00  0.0000E+00  0.0000E+00  0.0000E+00  0.9756E-02  0.9756E-02  0.9756E-03  0.2439E-02  0.0000E+00  0.0000E+00  0.0000E+00  0.0000E+00  0.0000E+00  0.0000E+00  0.0000E+00  0.0000E+00  0.0000E+00  0.0000E+00  0.0000E+00  0.0000E+00  0.3415E-01  0.2976E-01  0.0000E+00  0.0000E+00
  0.0000E+00  0.0000E+00  0.0000E+00  0.0000E+00  0.6829E-02  0.8293E-02  0.4390E-02  0.1463E-02  0.0000E+00  0.0000E+00  0.0000E+00  0.0000E+00  0.0000E+00  0.0000E+00  0.0000E+00  0.0000E+00  0.0000E+00  0.0000E+00  0.0000E+00  0.0000E+00  0.3268E-01  0.3171E-01  0.0000E+00  0.0000E+00
 Events:
          46          43           8          10           8          14           7           3           0           0           0           0         126         131           0           0          30          28           9          13           0           0           5           7
          42          49           5           4           0           0           0           0         105          81          33          38           0           0          16          17           0           0           0           0           0           0           0           0
          43          40           6           4           0           0           0           0          71          71          47          49           0           0          11           7           0           0           0           0           0           0           0           0
          44          35          10           5          16          10           6           5           0           0           0           0         116         130           0           0          27          26          12          13           0           0           6           9
           0           0           0           0          20          20           2           5           0           0           0           0           0           0           0           0           0           0           0           0          70          61           0           0
           0           0           0           0          14          17           9           3           0           0           0           0           0           0           0           0           0           0           0           0          67          65           0           0
 Iteration  3   Mean: 0.5701E+00 Abs mean: 0.5701E+00   Fluctuation:  0.492E-01   0.160E+03     3.4%
  3    0.5701E+00 0.5701E+00 +- 0.4920E-01      5.46
 Relative summed weights:
  0.1982E-01  0.2084E-01  0.1635E-02  0.7202E-02  0.3092E-02  0.5548E-02  0.2877E-03  0.8722E-03  0.0000E+00  0.0000E+00  0.0000E+00  0.0000E+00  0.5264E-01  0.5118E-01  0.0000E+00  0.0000E+00  0.6386E-02  0.9615E-02  0.3196E-02  0.1429E-02  0.0000E+00  0.0000E+00  0.9476E-03  0.3126E-02
  0.1449E-01  0.3038E-01  0.4980E-02  0.4964E-02  0.0000E+00  0.0000E+00  0.0000E+00  0.0000E+00  0.4228E-01  0.4269E-01  0.2956E-01  0.1298E-01  0.0000E+00  0.0000E+00  0.7561E-02  0.1343E-01  0.0000E+00  0.0000E+00  0.0000E+00  0.0000E+00  0.0000E+00  0.0000E+00  0.0000E+00  0.0000E+00
  0.1437E-01  0.1651E-01  0.1686E-02  0.1971E-02  0.0000E+00  0.0000E+00  0.0000E+00  0.0000E+00  0.3686E-01  0.5887E-01  0.2452E-01  0.1986E-01  0.0000E+00  0.0000E+00  0.6376E-02  0.1359E-01  0.0000E+00  0.0000E+00  0.0000E+00  0.0000E+00  0.0000E+00  0.0000E+00  0.0000E+00  0.0000E+00
  0.1325E-01  0.1393E-01  0.4641E-02  0.1889E-02  0.2320E-02  0.7134E-02  0.1193E-02  0.1004E-02  0.0000E+00  0.0000E+00  0.0000E+00  0.0000E+00  0.4547E-01  0.1342E+00  0.0000E+00  0.0000E+00  0.9002E-02  0.8135E-02  0.1339E-01  0.2622E-02  0.0000E+00  0.0000E+00  0.2226E-02  0.3126E-02
  0.0000E+00  0.0000E+00  0.0000E+00  0.0000E+00  0.3928E-02  0.8231E-02  0.1113E-02  0.1017E-02  0.0000E+00  0.0000E+00  0.0000E+00  0.0000E+00  0.0000E+00  0.0000E+00  0.0000E+00  0.0000E+00  0.0000E+00  0.0000E+00  0.0000E+00  0.0000E+00  0.5104E-01  0.2352E-01  0.0000E+00  0.0000E+00
  0.0000E+00  0.0000E+00  0.0000E+00  0.0000E+00  0.1024E-01  0.4702E-02  0.2211E-02  0.1709E-03  0.0000E+00  0.0000E+00  0.0000E+00  0.0000E+00  0.0000E+00  0.0000E+00  0.0000E+00  0.0000E+00  0.0000E+00  0.0000E+00  0.0000E+00  0.0000E+00  0.2298E-01  0.2158E-01  0.0000E+00  0.0000E+00
 Relative number of events:
  0.2326E-01  0.2229E-01  0.3392E-02  0.2908E-02  0.6300E-02  0.6300E-02  0.7269E-03  0.1212E-02  0.0000E+00  0.0000E+00  0.0000E+00  0.0000E+00  0.6518E-01  0.6033E-01  0.0000E+00  0.0000E+00  0.1260E-01  0.1284E-01  0.6058E-02  0.4604E-02  0.0000E+00  0.0000E+00  0.2665E-02  0.3877E-02
  0.2011E-01  0.2787E-01  0.5331E-02  0.4604E-02  0.0000E+00  0.0000E+00  0.0000E+00  0.0000E+00  0.3828E-01  0.4410E-01  0.1623E-01  0.1817E-01  0.0000E+00  0.0000E+00  0.6300E-02  0.8723E-02  0.0000E+00  0.0000E+00  0.0000E+00  0.0000E+00  0.0000E+00  0.0000E+00  0.0000E+00  0.0000E+00
  0.1938E-01  0.1987E-01  0.4362E-02  0.3635E-02  0.0000E+00  0.0000E+00  0.0000E+00  0.0000E+00  0.4289E-01  0.3586E-01  0.2278E-01  0.2447E-01  0.0000E+00  0.0000E+00  0.7512E-02  0.8723E-02  0.0000E+00  0.0000E+00  0.0000E+00  0.0000E+00  0.0000E+00  0.0000E+00  0.0000E+00  0.0000E+00
  0.2253E-01  0.2035E-01  0.3150E-02  0.4119E-02  0.7512E-02  0.6785E-02  0.2665E-02  0.2908E-02  0.0000E+00  0.0000E+00  0.0000E+00  0.0000E+00  0.5864E-01  0.6155E-01  0.0000E+00  0.0000E+00  0.1284E-01  0.1405E-01  0.5331E-02  0.5815E-02  0.0000E+00  0.0000E+00  0.3150E-02  0.3150E-02
  0.0000E+00  0.0000E+00  0.0000E+00  0.0000E+00  0.6542E-02  0.7512E-02  0.1696E-02  0.2423E-02  0.0000E+00  0.0000E+00  0.0000E+00  0.0000E+00  0.0000E+00  0.0000E+00  0.0000E+00  0.0000E+00  0.0000E+00  0.0000E+00  0.0000E+00  0.0000E+00  0.3029E-01  0.3198E-01  0.0000E+00  0.0000E+00
  0.0000E+00  0.0000E+00  0.0000E+00  0.0000E+00  0.5815E-02  0.4846E-02  0.2181E-02  0.9692E-03  0.0000E+00  0.0000E+00  0.0000E+00  0.0000E+00  0.0000E+00  0.0000E+00  0.0000E+00  0.0000E+00  0.0000E+00  0.0000E+00  0.0000E+00  0.0000E+00  0.2641E-01  0.3102E-01  0.0000E+00  0.0000E+00
 Events:
          96          92          14          12          26          26           3           5           0           0           0           0         269         249           0           0          52          53          25          19           0           0          11          16
          83         115          22          19           0           0           0           0         158         182          67          75           0           0          26          36           0           0           0           0           0           0           0           0
          80          82          18          15           0           0           0           0         177         148          94         101           0           0          31          36           0           0           0           0           0           0           0           0
          93          84          13          17          31          28          11          12           0           0           0           0         242         254           0           0          53          58          22          24           0           0          13          13
           0           0           0           0          27          31           7          10           0           0           0           0           0           0           0           0           0           0           0           0         125         132           0           0
           0           0           0           0          24          20           9           4           0           0           0           0           0           0           0           0           0           0           0           0         109         128           0           0
 Accuracy:    0.125   0.100   0.059   4.536
 Found          210  events.
 Wrote           16  events.
 Actual xsec   0.55351844801359673     
 Correct abs xsec   0.55351844801359673     
 Event xsec   0.55351844801359684     
 Events wgts > 1:            1
 % Cross section > 1:    1.6317730902604133E-008   2.9480012746031003E-006
 Iteration  4   Mean: 0.6882E+00 Abs mean: 0.6882E+00   Fluctuation:  0.598E-01   0.371E+03     4.0%
  4    0.6882E+00 0.6882E+00 +- 0.5984E-01      7.78
 Relative summed weights:
  0.2356E-01  0.1978E-01  0.5488E-02  0.3303E-02  0.2005E-02  0.3228E-02  0.1839E-02  0.6594E-03  0.0000E+00  0.0000E+00  0.0000E+00  0.0000E+00  0.5958E-01  0.5981E-01  0.0000E+00  0.0000E+00  0.1959E-01  0.1262E-01  0.3343E-02  0.3190E-02  0.0000E+00  0.0000E+00  0.1689E-02  0.2051E-02
  0.1425E-01  0.3905E-01  0.1520E-02  0.1936E-02  0.0000E+00  0.0000E+00  0.0000E+00  0.0000E+00  0.8816E-01  0.3997E-01  0.1235E-01  0.1625E-01  0.0000E+00  0.0000E+00  0.3956E-02  0.1406E-01  0.0000E+00  0.0000E+00  0.0000E+00  0.0000E+00  0.0000E+00  0.0000E+00  0.0000E+00  0.0000E+00
  0.1255E-01  0.1164E-01  0.1087E-02  0.4370E-02  0.0000E+00  0.0000E+00  0.0000E+00  0.0000E+00  0.4296E-01  0.3949E-01  0.2579E-01  0.2946E-01  0.0000E+00  0.0000E+00  0.2896E-02  0.3702E-02  0.0000E+00  0.0000E+00  0.0000E+00  0.0000E+00  0.0000E+00  0.0000E+00  0.0000E+00  0.0000E+00
  0.1301E-01  0.1527E-01  0.1906E-02  0.1802E-02  0.3195E-02  0.7208E-02  0.3634E-02  0.4975E-03  0.0000E+00  0.0000E+00  0.0000E+00  0.0000E+00  0.5071E-01  0.4660E-01  0.0000E+00  0.0000E+00  0.9964E-02  0.9157E-02  0.2962E-02  0.3419E-02  0.0000E+00  0.0000E+00  0.2792E-02  0.3177E-02
  0.0000E+00  0.0000E+00  0.0000E+00  0.0000E+00  0.2843E-02  0.3163E-02  0.5898E-03  0.1474E-02  0.0000E+00  0.0000E+00  0.0000E+00  0.0000E+00  0.0000E+00  0.0000E+00  0.0000E+00  0.0000E+00  0.0000E+00  0.0000E+00  0.0000E+00  0.0000E+00  0.2833E-01  0.1550E-01  0.0000E+00  0.0000E+00
  0.0000E+00  0.0000E+00  0.0000E+00  0.0000E+00  0.5248E-02  0.3152E-02  0.6999E-01  0.1326E-02  0.0000E+00  0.0000E+00  0.0000E+00  0.0000E+00  0.0000E+00  0.0000E+00  0.0000E+00  0.0000E+00  0.0000E+00  0.0000E+00  0.0000E+00  0.0000E+00  0.2366E-01  0.4225E-01  0.0000E+00  0.0000E+00
 Relative number of events:
  0.2593E-01  0.1850E-01  0.3895E-02  0.4017E-02  0.5234E-02  0.6573E-02  0.1826E-02  0.1217E-02  0.0000E+00  0.0000E+00  0.0000E+00  0.0000E+00  0.5904E-01  0.5600E-01  0.0000E+00  0.0000E+00  0.1193E-01  0.1096E-01  0.6939E-02  0.5721E-02  0.0000E+00  0.0000E+00  0.3408E-02  0.3652E-02
  0.2386E-01  0.2362E-01  0.2800E-02  0.3165E-02  0.0000E+00  0.0000E+00  0.0000E+00  0.0000E+00  0.4066E-01  0.4443E-01  0.1595E-01  0.1996E-01  0.0000E+00  0.0000E+00  0.6939E-02  0.9251E-02  0.0000E+00  0.0000E+00  0.0000E+00  0.0000E+00  0.0000E+00  0.0000E+00  0.0000E+00  0.0000E+00
  0.1899E-01  0.2045E-01  0.2678E-02  0.4504E-02  0.0000E+00  0.0000E+00  0.0000E+00  0.0000E+00  0.3956E-01  0.4212E-01  0.2386E-01  0.2252E-01  0.0000E+00  0.0000E+00  0.6330E-02  0.7304E-02  0.0000E+00  0.0000E+00  0.0000E+00  0.0000E+00  0.0000E+00  0.0000E+00  0.0000E+00  0.0000E+00
  0.2240E-01  0.2069E-01  0.3408E-02  0.2435E-02  0.8764E-02  0.9251E-02  0.2435E-02  0.1461E-02  0.0000E+00  0.0000E+00  0.0000E+00  0.0000E+00  0.6257E-01  0.6001E-01  0.0000E+00  0.0000E+00  0.1509E-01  0.1010E-01  0.7791E-02  0.4869E-02  0.0000E+00  0.0000E+00  0.4017E-02  0.4382E-02
  0.0000E+00  0.0000E+00  0.0000E+00  0.0000E+00  0.6817E-02  0.6086E-02  0.1582E-02  0.1582E-02  0.0000E+00  0.0000E+00  0.0000E+00  0.0000E+00  0.0000E+00  0.0000E+00  0.0000E+00  0.0000E+00  0.0000E+00  0.0000E+00  0.0000E+00  0.0000E+00  0.3457E-01  0.2836E-01  0.0000E+00  0.0000E+00
  0.0000E+00  0.0000E+00  0.0000E+00  0.0000E+00  0.5113E-02  0.6086E-02  0.2191E-02  0.1217E-02  0.0000E+00  0.0000E+00  0.0000E+00  0.0000E+00  0.0000E+00  0.0000E+00  0.0000E+00  0.0000E+00  0.0000E+00  0.0000E+00  0.0000E+00  0.0000E+00  0.3177E-01  0.3116E-01  0.0000E+00  0.0000E+00
 Events:
         213         152          32          33          43          54          15          10           0           0           0           0         485         460           0           0          98          90          57          47           0           0          28          30
         196         194          23          26           0           0           0           0         334         365         131         164           0           0          57          76           0           0           0           0           0           0           0           0
         156         168          22          37           0           0           0           0         325         346         196         185           0           0          52          60           0           0           0           0           0           0           0           0
         184         170          28          20          72          76          20          12           0           0           0           0         514         493           0           0         124          83          64          40           0           0          33          36
           0           0           0           0          56          50          13          13           0           0           0           0           0           0           0           0           0           0           0           0         284         233           0           0
           0           0           0           0          42          50          18          10           0           0           0           0           0           0           0           0           0           0           0           0         261         256           0           0
 Accuracy:    0.099   0.100   0.049   4.164
 Finished due to accuracy    9.9064983135423695E-002  0.10000000000000001     

 -------------------------------------------------------------------------------
 Accumulated results:   Integral =  0.5955E+00
                        Std dev  =  0.2891E-01
                       Cross sec =  0.5955E+00
             Chi**2 per DoF.     =      4.1641
 -------------------------------------------------------------------------------
 Found          427  events.
 Wrote           24  events.
 Actual xsec   0.57715251391459943     
 Correct abs xsec   0.57715251391459943     
 Event xsec   0.57715251391459943     
 Events wgts > 1:            0
 % Cross section > 1:    0.0000000000000000        0.0000000000000000     
-------------------------------------------------
---------------------------
 Results Last   3 iters: Integral =   0.5772E+00
                     Abs integral =   0.5772E+00
                          Std dev =   0.3011E-01
                  Chi**2 per DoF. =      6.5458
-------------------------------------------------
---------------------------
 Status  0.10000000000000001                5           7

ls status:
events.lhe
ftn26
input_app.txt
results.dat
run1_app.log
