  0.00000012529223125  0.00000013629125164  0.00000014996789635  0.00000016233662365
  0.00000018080600976  0.00000019889355739  0.00000021743319398  0.00000023688518687
  0.00000026319266518  0.00000029536215501  0.00000032493212243  0.00000035200444466
  0.00000037880600575  0.00000040719788007  0.00000043870427732  0.00000047483778291
  0.00000051906690813  0.00000057255382160  0.00000063189346230  0.00000069379972814
  0.00000074962355436  0.00000080011229395  0.00000085027781060  0.00000090263535671
  0.00000096062177412  0.00000103237989864  0.00000110306833608  0.00000117445725126
  0.00000125153996015  0.00000133346271629  0.00000142837789513  0.00000153726027926
  0.00000165372338776  0.00000178388866968  0.00000193820361950  0.00000213008825466
  0.00000234727073087  0.00000258616651903  0.00000285047864100  0.00000314817655771
  0.00000348312606530  0.00000386783759735  0.00000432215984195  0.00000481181790095
  0.00000537199829810  0.00000599362850489  0.00000669409364978  0.00000748449634330
  0.00000835159730156  0.00000935418616849  0.00001058910215704  0.00001208545138317
  0.00001382725384169  0.00001578834704738  0.00001786431577138  0.00002027601474545
  0.00002307133317406  0.00002649944215452  0.00003068800020245  0.00003600952360424
  0.00004207046873317  0.00004869822783894  0.00005571748307469  0.00006349006508929
  0.00007254708966337  0.00008390858745678  0.00009859594461655  0.00011521857154469
  0.00013391227616058  0.00015585039521029  0.00018079789627011  0.00020609623649326
  0.00023656031899163  0.00027553230700839  0.00031924756310498  0.00036344747016931
  0.00040693559344315  0.00045114214315212  0.00050137044962652  0.00056236594999575
  0.00065063868552109  0.00080368960750063  0.00098484094076993  0.00117260950452420
  0.00137429437939641  0.00158413446458236  0.00181442251654891  0.00210634576095785
  0.00247267971463154  0.00291326438907023  0.00372284615902797  0.00439889477933040
  0.00541308988878043  0.00666586209192211  0.14618620268195237  1.00000000000000000
  0.00000169512769129  0.00000183484224522  0.00000195063705796  0.00000203755778868
  0.00000211295000621  0.00000219599687184  0.00000227542055513  0.00000235324596544
  0.00000243869467840  0.00000253540925513  0.00000265099680380  0.00000276910966928
  0.00000287951803461  0.00000299399224958  0.00000310710616034  0.00000323421929152
  0.00000335457812590  0.00000349559443767  0.00000363947296504  0.00000377602167362
  0.00000391073601788  0.00000404813629287  0.00000420514836095  0.00000437666924246
  0.00000454267627843  0.00000472560427338  0.00000493463807401  0.00000515538299673
  0.00000536794080587  0.00000555724589935  0.00000575148735741  0.00000595535817256
  0.00000615607979245  0.00000639144444498  0.00000667324831606  0.00000698865896860
  0.00000730324971597  0.00000761989229682  0.00000796539820108  0.00000832857580911
  0.00000869076808211  0.00000907480795328  0.00000947677051697  0.00000990401497098
  0.00001037324799835  0.00001088965041374  0.00001143295713614  0.00001197564869873
  0.00001251626071458  0.00001304747138133  0.00001356455939450  0.00001415650702868
  0.00001490565725642  0.00001576697624543  0.00001675494011214  0.00001779421150656
  0.00001882423999276  0.00001983246301724  0.00002083316531470  0.00002184966886765
  0.00002290279496655  0.00002403980666691  0.00002525412808418  0.00002657227815319
  0.00002806261751193  0.00002967514065030  0.00003139701920430  0.00003345231126955
  0.00003590563984899  0.00003862282222925  0.00004139174035828  0.00004430224121428
  0.00004758498040044  0.00005176030747194  0.00005672865308154  0.00006269078603329
  0.00006965574594291  0.00007660403205080  0.00008412219513576  0.00009211056108432
  0.00010306690873453  0.00011689579489773  0.00013312229524405  0.00015229661584289
  0.00017853401092574  0.00021412224508246  0.00025880560402816  0.00030893957040654
  0.00037658195852731  0.00050101928305376  0.00066669637840664  0.00086941090484439
  0.00138029303498907  0.00264903338086687  0.05777160479111021  1.00000000000000000
  0.00000113616575410  0.00000222545444224  0.00000270982026964  0.00000286989074278
  0.00000308456269372  0.00000331241184638  0.00000357507646889  0.00000381544070257
  0.00000411055665711  0.00000446932627448  0.00000487508794567  0.00000531138178812
  0.00000574898577256  0.00000618487097029  0.00000664913580135  0.00000717035718911
  0.00000776991919918  0.00000842924355897  0.00000915411026810  0.00000985531747956
  0.00001061247119151  0.00001143163925844  0.00001233413926333  0.00001346694345574
  0.00001464581091564  0.00001595704423376  0.00001742507185921  0.00001889519920773
  0.00002052403985871  0.00002222814920100  0.00002420092049008  0.00002632847543985
  0.00002868611287080  0.00003128550121301  0.00003418730936724  0.00003736334187811
  0.00004075321337591  0.00004425488734577  0.00004815332796581  0.00005234527528543
  0.00005683844316605  0.00006191211248732  0.00006731425942684  0.00007299989976412
  0.00007885804902899  0.00008527529065797  0.00009256718870141  0.00010091594750218
  0.00011019063701620  0.00012020183011860  0.00013120040854929  0.00014245171241140
  0.00015435832999441  0.00016721974968328  0.00018194668676832  0.00020063096230897
  0.00022272684007384  0.00024498503015636  0.00026517439042413  0.00028460056312190
  0.00030627407002657  0.00032926239321847  0.00035396519600487  0.00037556487975249
  0.00039889094202287  0.00042615894093111  0.00045327442714901  0.00047618898211235
  0.00049894055817342  0.00052398636270236  0.00055179229095978  0.00058577904631246
  0.00063164076489533  0.00068145570730063  0.00072863750187748  0.00077410359646643
  0.00081296365360755  0.00084615898363907  0.00090934690977930  0.00095866301847576
  0.00100983659696688  0.00106599725242937  0.00115225139701744  0.00127332353176576
  0.00142567666572783  0.00162249864950258  0.00191229371481494  0.00230278754804237
  0.00293943739660939  0.00352969917166190  0.00389775420877244  0.00443999491783294
  0.00517076920994674  0.00740169288841206  0.02424768830003456  1.00000000000000000
  0.00000173440746034  0.00000255916892834  0.00000282133155020  0.00000305481016107
  0.00000326814636755  0.00000348119736459  0.00000370835146709  0.00000397385582654
  0.00000431778444510  0.00000465009725139  0.00000499274182666  0.00000534507469574
  0.00000570164315813  0.00000607851524619  0.00000643918108659  0.00000686190494884
  0.00000726704702747  0.00000772131226108  0.00000818462836452  0.00000868236274405
  0.00000921727156050  0.00000979030275626  0.00001041486867355  0.00001110661593602
  0.00001180251308342  0.00001247723859270  0.00001315664107750  0.00001380052099895
  0.00001446594991262  0.00001515841762324  0.00001590943384077  0.00001676148524299
  0.00001753062685536  0.00001828472393621  0.00001903866698915  0.00001989408267113
  0.00002092990520794  0.00002205647171519  0.00002336357471524  0.00002478345315696
  0.00002629898997049  0.00002795336241112  0.00002968899669932  0.00003141636707919
  0.00003319249840191  0.00003510187971281  0.00003698025976951  0.00003919592173528
  0.00004158754433017  0.00004400328867848  0.00004711877957699  0.00005026705001713
  0.00005362239813468  0.00005708097742626  0.00006074896619266  0.00006489810999876
  0.00006947682821198  0.00007436633524285  0.00007887965905056  0.00008368315674288
  0.00008892555061370  0.00009532929070850  0.00010253112065658  0.00011024211159266
  0.00011799549298307  0.00012612093512772  0.00013500149414819  0.00014495773664536
  0.00015590025969933  0.00016788625341684  0.00018063395159181  0.00019641868602037
  0.00021324934597673  0.00023321989116901  0.00025688504385809  0.00028467378079118
  0.00031691827350913  0.00035244325405211  0.00039248628456482  0.00043430442896288
  0.00048109322358680  0.00053025949536849  0.00058624176123399  0.00066335999079399
  0.00076206625824512  0.00088174369859648  0.00099374219599561  0.00108518209909257
  0.00118584500646603  0.00129909032741574  0.00143315077259074  0.00179586883693163
  0.00259349648054909  0.00366656953658570  0.01943251129945441  1.00000000000000000
 -0.00154686329498991  0.00901795970468938  0.01862238810759174  0.02974015762672200
  0.03982555477740568  0.05058544975132979  0.06070360039534727  0.07050112286570047
  0.08047192523347227  0.09081816604006232  0.10259477380888365  0.11542750708807456
  0.12784818985119639  0.13926073947319115  0.14987866718216514  0.16041705644335205
  0.17109804393152314  0.18221680235474555  0.19420908733838696  0.20632949547385349
  0.21773576148998702  0.22819853161262865  0.23778555878765789  0.24780897925357148
  0.25748067536064306  0.26727743040567004  0.27673684863249515  0.28662380555566952
  0.29745892709153471  0.30889141958412303  0.32121841344106228  0.33325131107423694
  0.34466410737626541  0.35609918691460801  0.36718121676820958  0.37789073437342124
  0.38824140478421559  0.39851914737559874  0.40943852915644074  0.42079655300689667
  0.43252332247444403  0.44443826241754930  0.45618499008112401  0.46799812643943112
  0.47948969807753711  0.49025799568660849  0.50089665679290596  0.51154110275214304
  0.52351319359669191  0.53641689399482917  0.54762208623981823  0.55792762772273030
  0.56789671633397310  0.57796483269650833  0.58761988414756328  0.59763146146579849
  0.60823376827907083  0.61802836758176960  0.62687604967583210  0.63507508115198119
  0.64428154058373244  0.65438816050077608  0.66580946880509684  0.67638308150761473
  0.68668410381995815  0.69485394731334815  0.70323068077161055  0.71076154021651061
  0.71849421524545143  0.72695786845012489  0.73553628351612732  0.74496551009023393
  0.75396572722321942  0.76368094792920527  0.77470908388941684  0.78828626731162743
  0.80199969176321961  0.81442751122093138  0.82587353385630113  0.83628180852823020
  0.84685154526265516  0.85608158678794499  0.86514305371601274  0.87486727935469644
  0.88560870153929439  0.89661823313681310  0.90626928185085398  0.91622453743326693
  0.92715152318001826  0.93949854409213240  0.94883162589139580  0.95840302762299401
  0.96747409655358163  0.97660209272092069  0.98831177115105873  1.00000000000000000
 -0.00260734329294637  0.01067207922450269  0.01988650968338949  0.02981237859266692
  0.04026157461103088  0.05204746294510683  0.06460480521843896  0.07513364730621118
  0.08483031079519583  0.09445806167021964  0.10476787919470387  0.11538206012226498
  0.12533173106783899  0.13440272485248922  0.14362807845263459  0.15345623580170373
  0.16378583321967707  0.17422058925852857  0.18469111187621803  0.19534421572766369
  0.20602056530176593  0.21688604309396331  0.22723791465030241  0.23760157859662315
  0.24816011925278908  0.25957509344753499  0.27131815004243826  0.28303719672407734
  0.29401652877390033  0.30521422482911947  0.31645408012069298  0.32758424512211981
  0.33814138691768253  0.34914130333949794  0.36031111002928906  0.37095646794639303
  0.38108788996955750  0.39103596994512152  0.40188054941067264  0.41346752023497357
  0.42449718564497235  0.43435762783484594  0.44278349545771778  0.45122791075536145
  0.46004281286369469  0.46842325267179419  0.47602138676354511  0.48404530893654829
  0.49348909169678512  0.50541478246648563  0.51805635774210568  0.52826043291875835
  0.53778292056408794  0.54696397298973121  0.55722188657654881  0.56789251853625278
  0.57885500821899516  0.58994717322884915  0.60184255001722753  0.61364759912203426
  0.62524784100055109  0.63655426924528857  0.64765924439742018  0.65923399652936876
  0.67130564665803549  0.68411053336629091  0.69614707615781168  0.70764677643244689
  0.71903598388865664  0.73064319483254259  0.74214236312643844  0.75333621309746479
  0.76343243015498663  0.77265735470744723  0.78110432984207734  0.78989810101482982
  0.80044187623180485  0.81264555225174284  0.82502665370764217  0.83632917383445549
  0.84652930913736935  0.85734877152845301  0.86815198939148241  0.87887183488237608
  0.88947524642204934  0.89979016392616396  0.91056538955331623  0.92077171119616941
  0.93075637125729993  0.94046307872671664  0.94952704518581121  0.95881154103385768
  0.96847671300449001  0.97883987366944492  0.98957871067076797  1.00000000000000000
 -0.00259662801719645  0.01112628163990979  0.01969042714745059  0.02834009929159335
  0.03630390413901289  0.04432672375229475  0.05402661220937763  0.06515171619502726
  0.07617791631300264  0.08668697361301526  0.09716865236242425  0.10823931924033781
  0.11957277901951079  0.13111962128731755  0.14302232020472400  0.15442657618064090
  0.16561892131466083  0.17721736289175882  0.18937361735935720  0.20182176225725407
  0.21395291671962557  0.22556253624886385  0.23692841385076513  0.24834931308604369
  0.26021072810288037  0.27150565068113280  0.28184063003382076  0.29149825896666443
  0.30108243498382053  0.31127584899342320  0.32291840753099099  0.33517266805178475
  0.34527360914979505  0.35499685603202868  0.36517399991747951  0.37615873126052785
  0.38746780674359654  0.39933943101323355  0.41196700064417630  0.42393711405276568
  0.43500135945881629  0.44561854219829455  0.45655268910021590  0.46765079261632914
  0.47795126252595688  0.48788164566107783  0.49824762795851701  0.50913021815887294
  0.51955683082657500  0.52936288509690255  0.53928885381625191  0.54979009995168693
  0.56003419354591399  0.56931436123742851  0.57811284238857208  0.58780260534727136
  0.59932985212821210  0.61119853737251628  0.62221502547757912  0.63248938497540530
  0.64264127525010728  0.65277042629467807  0.66213013487388639  0.67140173685614069
  0.68076235061257362  0.69212146167827515  0.70410592977232667  0.71655783912265758
  0.72694115732669273  0.73658375905806917  0.74603016937243227  0.75687224180021484
  0.76828196179308672  0.77919586024042653  0.78877513268155419  0.79837623559665283
  0.80700264810143141  0.81586491036457098  0.82489540046391874  0.83434615187747463
  0.84513440529683959  0.85701025324244362  0.86861299434277150  0.87960850717965844
  0.89022413133835887  0.90091418587495242  0.91171183798188138  0.92281035849673332
  0.93303352109099191  0.94244372763441986  0.95134357074150411  0.96004495474435458
  0.96871782085996072  0.97790075011584554  0.98740333012028825  1.00000000000000000
 -0.00011136862515637  0.00021056439507304  0.00051044694939288  0.00075580048868426
  0.00092062282787763  0.00108815603859719  0.00123536986155362  0.00136758962226756
  0.00148874620101965  0.00161051053717210  0.00172889823800697  0.00183636599691671
  0.00195671501343509  0.00208300350764246  0.00221199721116149  0.00235159199678990
  0.00249540870936618  0.00262240549298991  0.00273776998200041  0.00284871206803074
  0.00296460410211381  0.00309235217711009  0.00323238500966451  0.00338135177192209
  0.00352770331348483  0.00367364579820338  0.00380851651848572  0.00394045065396242
  0.00408476898597834  0.00422633065429130  0.00436761384474155  0.00452529090298064
  0.00470195697820137  0.00489587908093474  0.00510166930757032  0.00531007891787150
  0.00552994879894485  0.00572572080155399  0.00589970982432599  0.00608030462214657
  0.00624332565437418  0.00640900017257510  0.00658756356407450  0.00684229017167234
  0.00713773052800287  0.00740738613603826  0.00775090578686908  0.00816222757758796
  0.00867452873733079  0.00916913687310180  0.00961585497908728  0.00998403938705341
  0.01013994762293278  0.01019116110512189  0.01024237458731100  0.01029166766735948
  0.01034078654687888  0.01039005326262794  0.01043969875293602  0.01048934424324410
  0.01058838239159407  0.01071264351253618  0.01083871215147491  0.01100733978809916
  0.01118617242497271  0.01129433326692319  0.01141480849369531  0.01153569128194287
  0.01182224366270324  0.01220649579311797  0.01268277695254961  0.01319097335643634
  0.01382567681394121  0.01547370015288969  0.01609320628523506  0.01631178336415088
  0.01647206039097757  0.01664887850092811  0.01684262339026571  0.01707239884080367
  0.01735155214778555  0.01778174787736578  0.01843069490112084  0.01909293235800725
  0.01999369500135353  0.02120937637643232  0.02252967406278650  0.02320939172342026
  0.02513388976010924  0.02850874663886557  0.02985393725393896  0.03141613076457295
  0.03350297677778704  0.03568962649964748  0.16139406751623664  1.00000000000000000
 -0.00246203547934853  0.01104553438362530  0.02305273695076882  0.03445643706396883
  0.04527437702176361  0.05509746515754973  0.06472030048377037  0.07387033675915942
  0.08238268338297772  0.09060023403827319  0.09948658339698360  0.10922767957459663
  0.12050865653442418  0.13174587263664508  0.14305306478975865  0.15291374410105268
  0.16252855768406574  0.17247499867725272  0.18345133483356760  0.19535911678799023
  0.20669064656994329  0.21764168320063909  0.22825842375788222  0.23880563543832009
  0.24943124284373308  0.26033708291522384  0.27184978182659786  0.28380943025551864
  0.29503213880334744  0.30458985724997939  0.31346029125425945  0.32207664316578338
  0.33186898444909907  0.34259047089012984  0.35289247399101792  0.36260905270364446
  0.37154299827191417  0.38118866296924320  0.39138523505348188  0.40172161938646062
  0.41168591113020320  0.42197823084190667  0.43220695577755924  0.44150170012516948
  0.45051717760017185  0.45987700849800123  0.46947833624380514  0.47901581996463921
  0.48885818929593211  0.49912655866552341  0.50968282452249525  0.52021179218264013
  0.53076060432551753  0.54156839094699349  0.55254528219872978  0.56336479826613584
  0.57406673983231515  0.58510183355228496  0.59715987860835729  0.60932640324985698
  0.62106993768898056  0.63222767271914959  0.64352796579854721  0.65589748208149079
  0.66881472917789830  0.68142805072306911  0.69216952054992820  0.70198114955729063
  0.71177671436612233  0.72158305696842251  0.73216428820150092  0.74119332206257249
  0.75008019712186680  0.75961636267782251  0.77012528992796758  0.78345954592165656
  0.79682788121897952  0.80954772237322303  0.82173500536006472  0.83330634919522228
  0.84439761254887558  0.85559419177708407  0.86667498122824738  0.87718092736219599
  0.88847376967366809  0.90049282610663461  0.91190165874526563  0.92250740385726704
  0.93313769316625184  0.94469084438772211  0.95505882693387911  0.96415489591714953
  0.97220636021830897  0.98091691135852332  0.99039201664382182  1.00000000000000000
 -0.00008082150556504  0.00013696832877676  0.00033963928791543  0.00049448721278692
  0.00061097776709926  0.00069297004650121  0.00076785489138144  0.00084184266977973
  0.00091680885201283  0.00099069027585506  0.00106144700184132  0.00113247853474867
  0.00120380902636541  0.00127611662375135  0.00134879850736176  0.00142240668363037
  0.00150151197736513  0.00159125986370905  0.00166214746347640  0.00173183170217423
  0.00180124464939392  0.00186930003365543  0.00193456163245502  0.00201152388166277
  0.00210602546126479  0.00220306768127793  0.00230705860089607  0.00242794816461256
  0.00259832246835938  0.00274404244714002  0.00288449416937874  0.00301945140547376
  0.00315400107520148  0.00328786947354022  0.00342290665517238  0.00355577265981784
  0.00367097481286079  0.00378308790892804  0.00388978423771035  0.00398563395337599
  0.00406820155082856  0.00414312567523678  0.00422821643346258  0.00429910442404852
  0.00434940696717986  0.00440061412135447  0.00445313995386328  0.00450211387563464
  0.00454687156254693  0.00461974253030247  0.00471308220410571  0.00479508119856170
  0.00487767028040543  0.00496755192824834  0.00506748315815047  0.00517429107802424
  0.00528420194137499  0.00542354239864268  0.00574350720269564  0.00610512723425906
  0.00634492741733557  0.00666521566340680  0.00746932291893414  0.00765781332887770
  0.00784073986999781  0.00802366641111792  0.00850710018268035  0.00870760284402357
  0.00890233154638940  0.00951399544602656  0.00970716128997194  0.01015400957829105
  0.01136030185270832  0.01260831853005830  0.01283853849276346  0.01311411381807873
  0.01339939153155560  0.01430245165412134  0.01434449173014313  0.01438653180616493
  0.01442857188218672  0.01447061195820851  0.01451265203423031  0.01455469211025210
  0.01459673218627389  0.01463877226229569  0.01468081233831748  0.01472285241433927
  0.01476489249036107  0.01504637092318334  0.01525974066618777  0.01889018329015540
  0.02342764172364415  0.02535217178246326  0.05598003205908207  1.00000000000000000
 -0.00036128474698782  0.01075558506171787  0.01958771921348760  0.03017021741348751
  0.04172595839694102  0.05295334359350749  0.06503310188689460  0.07727543902870870
  0.08939066840672827  0.10074930993482510  0.11218062124882848  0.12216618001657027
  0.13152785687054552  0.14053560442502358  0.14980722255132975  0.16028517426350478
  0.17137445193622289  0.18291005032599039  0.19506057890443251  0.20768696834736372
  0.22056637972643572  0.23200884519048262  0.24279981670695813  0.25374998308311580
  0.26520911922893120  0.27631410866264239  0.28725554964449673  0.29785703800514501
  0.30890661207704212  0.32007591506667504  0.33077731148947770  0.34102827531679741
  0.35148392807278861  0.36247864206418828  0.37388215163979249  0.38435971427193866
  0.39508115835490726  0.40516123567761325  0.41648525821804949  0.42703416912617254
  0.43498763702234494  0.44227256006433024  0.44967850053910119  0.45822187159858807
  0.46843394935331018  0.47855993498493105  0.48724242796072736  0.49500772294476797
  0.50251008583552825  0.51008401927008917  0.51844750215192048  0.52703770290750951
  0.53661054014191911  0.54698884507667167  0.55780324348680299  0.56766032382956499
  0.57770503922832150  0.58683521134481786  0.59666828316334219  0.60762161379941781
  0.61986488814567198  0.63208478778130084  0.64340623532969266  0.65351751082259923
  0.66301302525999939  0.67227423416349996  0.68225878861274558  0.69297743818024160
  0.70401230313157293  0.71552830243988530  0.72822274513097796  0.74105075013809818
  0.75287875228390433  0.76452864467657056  0.77630680390656548  0.78812069356654624
  0.79948961196092139  0.81035721521506199  0.82190378712119283  0.83300358007311026
  0.84362346777313280  0.85353173118259029  0.86368806313476509  0.87483329758928752
  0.88672521429226370  0.89802077373519062  0.90794564864433436  0.91748838488989681
  0.92744901758974052  0.93732612360678236  0.94741628870229311  0.95721399072575175
  0.96775255205968336  0.97826839506516383  0.98913870865008802  1.00000000000000000
  0.53078296781019429  0.56656958248153033  0.57738182162045704  0.58758483199531164
  0.59859657659523013  0.61932858345267161  0.63026990130660099  0.64007187200680804
  0.64949790222953385  0.65737634124697786  0.66549769795315150  0.67281368572024791
  0.67921923229539594  0.68502249769383561  0.69043660726761247  0.69649131059917202
  0.70214061571481001  0.70780671831703112  0.71361780372070716  0.71955598378027419
  0.72503539211195334  0.73088962197438834  0.73729757979895438  0.74302563527490972
  0.74857065121281352  0.75410840071100382  0.75971267722720670  0.76552736566999369
  0.77103753892971971  0.77650080702754598  0.78158365034552590  0.78638594754462388
  0.79094724486710855  0.79560153366799813  0.80040907927522875  0.80511218878586177
  0.80982265391880592  0.81469715001920906  0.81970720730414870  0.82465853388265931
  0.82933590443803329  0.83387532434431400  0.83844377792405511  0.84317152249247118
  0.84776503775070788  0.85204119446045634  0.85612329013773325  0.86017214754250804
  0.86437295398250158  0.86862083257678924  0.87278978886539360  0.87698940825003724
  0.88104936695891134  0.88478070618558591  0.88816422681890372  0.89138458783091612
  0.89459320584073121  0.89799925105502965  0.90127313812830889  0.90449001978825017
  0.90750371605790625  0.91048817960853945  0.91361810946928335  0.91680657588636605
  0.92000473716436704  0.92308744354989170  0.92610390409244070  0.92917040318404220
  0.93227594081997256  0.93538207336608348  0.93843707036230650  0.94137223057873132
  0.94420269112828892  0.94688283959305708  0.94943036856121421  0.95182357470352075
  0.95417240122029134  0.95649750820185009  0.95879005506689197  0.96118502588996613
  0.96345533357384261  0.96576402551622553  0.96811538527337082  0.97051270667637102
  0.97297067918076319  0.97545762975760830  0.97790806800492225  0.98046121756494742
  0.98284164794340945  0.98516337632250928  0.98744530156690768  0.98968690541181159
  0.99196461528553892  0.99443826183255346  0.99709357609238014  1.00000000000000000
 -0.01595767112104851  0.16252004074275869  0.20352370381454826  0.22757239716240193
  0.24941512131180305  0.26977724978572026  0.28599679558700053  0.29964325057919794
  0.31440687845372095  0.33054855638884445  0.34557980554184303  0.35793556711202312
  0.36809991201282344  0.37800443113981969  0.38882851293766263  0.39934107897662002
  0.40985370411214495  0.42048542670098793  0.43210724219053948  0.44292921034678651
  0.45255979504544125  0.46152819264005995  0.47043613907350207  0.47958570567622949
  0.48831959907775901  0.49692674971438217  0.50572954647558754  0.51476378186643557
  0.52313624435447592  0.53076055210122874  0.53781741854586806  0.54480804410366357
  0.55181820729128750  0.55892944138637635  0.56555369810387124  0.57185100602350147
  0.57827576925223967  0.58450633986011635  0.59059846825624041  0.59653676228749553
  0.60204010681614628  0.60730225214414935  0.61284881759381682  0.61882539931220237
  0.62523361989912396  0.63156190846106497  0.63750594293596985  0.64326735890717890
  0.64911974341352863  0.65490509485523496  0.66065750142965907  0.66646487992847814
  0.67268664134658018  0.67951820696040455  0.68504016251753697  0.68965423633041245
  0.69393977782207394  0.69815356033924336  0.70231833357057771  0.70756835949798047
  0.71303398186580991  0.71852878135315090  0.72387309631447638  0.72844025378340138
  0.73282746216448502  0.73727347867178605  0.74219039122175068  0.74761511220117371
  0.75357291953569627  0.75945696677515928  0.76513400063677039  0.77068025380725136
  0.77644969529622276  0.78239124155513717  0.78788238904560171  0.79319136719889272
  0.79843832439222251  0.80383842125643501  0.80998254189496210  0.81679366354844440
  0.82384648338083910  0.83065736835642257  0.83694521834802171  0.84292182171288510
  0.84853990578648275  0.85416138588602331  0.85988837957442588  0.86625770041109329
  0.87333403145185506  0.88076091799825684  0.88779814911901089  0.89560073151087738
  0.90621255102162757  0.92078806853379935  0.94236510261314188  1.00000000000000000
   4.9928206538624182E-007  -1.0000000000000000     
 F F F F F F F F F F F F F F F F F F F F F F F F F F F F F F F F F F F F F F F F F F F F F F F F F F F F F F F F F F F F F F F F F F F F F F F F F F F F F F F F F F F F F F F F F F F F F F F F F F F F F F F F F F F F F F F F F F F F F F F F F F F F F F F F F F F F F F F F F F F F F F F F F F F F F F F F F F F F F F F F F F F F F F F F F F F F F F F F F F F F F F F F F F F F F F F F F F F F F F F F F F F F F F F F F F F F F F F F F F F F F F F F F F F F F F F F F F F F F F F F F F F F F F F F F F F F F F F F
  <DiscreteSampler_grid>
  grouped_processes
  1 # 1 for a reference and 2 for a running grid.
  10 # Attribute 'min_bin_probing_points' of the grid.
  1 # Attribute 'grid_mode' of the grid. 1=='default',2=='initialization'
  0.0000000000000000 # Attribute 'small_contrib_threshold' of the grid.
  0.5000000000000000 # Attribute 'damping_power' of the grid.
 # binID   n_entries weight   weight_sqr   abs_weight
    13   10   5.460743598247616E-002   1.077236775746770E-002   5.460743598247616E-002
    14   10   5.460743598247567E-002   1.077236775746754E-002   5.460743598247567E-002
    16   10   1.360030288393035E-002   6.625585952752654E-004   1.360030288393035E-002
    17   10   1.360030288393023E-002   6.625585952752559E-004   1.360030288393023E-002
    22   10   5.460743598247614E-002   1.077236775746769E-002   5.460743598247614E-002
    23   10   5.460743598247567E-002   1.077236775746754E-002   5.460743598247567E-002
    25   10   1.360030288393035E-002   6.625585952752651E-004   1.360030288393035E-002
    26   10   1.360030288393023E-002   6.625585952752559E-004   1.360030288393023E-002
    31   10   5.460743598247616E-002   1.077236775746770E-002   5.460743598247616E-002
    32   10   5.460743598247567E-002   1.077236775746755E-002   5.460743598247567E-002
    34   10   1.360030288393035E-002   6.625585952752657E-004   1.360030288393035E-002
    35   10   1.360030288393024E-002   6.625585952752562E-004   1.360030288393024E-002
    40   10   5.460743598247616E-002   1.077236775746770E-002   5.460743598247616E-002
    41   10   5.460743598247567E-002   1.077236775746754E-002   5.460743598247567E-002
    43   10   1.360030288393035E-002   6.625585952752651E-004   1.360030288393035E-002
    44   10   1.360030288393023E-002   6.625585952752557E-004   1.360030288393023E-002
    49   10   5.460743598247616E-002   1.077236775746770E-002   5.460743598247616E-002
    50   10   5.460743598247568E-002   1.077236775746755E-002   5.460743598247568E-002
    52   10   1.360030288393035E-002   6.625585952752651E-004   1.360030288393035E-002
    53   10   1.360030288393023E-002   6.625585952752561E-004   1.360030288393023E-002
    58   10   5.460743598247615E-002   1.077236775746769E-002   5.460743598247615E-002
    59   10   5.460743598247567E-002   1.077236775746755E-002   5.460743598247567E-002
    61   10   1.360030288393035E-002   6.625585952752647E-004   1.360030288393035E-002
    62   10   1.360030288393023E-002   6.625585952752556E-004   1.360030288393023E-002
  </DiscreteSampler_grid>
