  0.00000012992934050  0.00000014331967381  0.00000015180630378  0.00000015869955587
  0.00000016757755120  0.00000017818390584  0.00000018891110140  0.00000019622923425
  0.00000020349459453  0.00000021152555420  0.00000021940784916  0.00000022698744841
  0.00000023703996917  0.00000024876640218  0.00000025819725436  0.00000026314617804
  0.00000026910204965  0.00000027641622569  0.00000028234391372  0.00000028780002607
  0.00000029416177531  0.00000030152054130  0.00000031442405411  0.00000033034424688
  0.00000034641285144  0.00000036142093077  0.00000037442929978  0.00000038703375437
  0.00000040054307040  0.00000041228124296  0.00000042329618141  0.00000043828899923
  0.00000045665025844  0.00000047408582045  0.00000049485488636  0.00000052132565034
  0.00000055046663076  0.00000058018022046  0.00000060927089984  0.00000063899025811
  0.00000067089160732  0.00000070360875405  0.00000073549484649  0.00000077310526755
  0.00000081335363958  0.00000085579161347  0.00000091090662227  0.00000097860327539
  0.00000105062339067  0.00000112516409646  0.00000119921304906  0.00000127668616433
  0.00000134617551663  0.00000140730760936  0.00000146706849564  0.00000152143396041
  0.00000157814817660  0.00000166390516364  0.00000174652978637  0.00000183136902140
  0.00000193271235856  0.00000203376776195  0.00000214882899106  0.00000227893647480
  0.00000244748600748  0.00000264256625004  0.00000283313349045  0.00000304264610563
  0.00000326405790842  0.00000353656190943  0.00000382474132347  0.00000412251786422
  0.00000444792315264  0.00000482404770901  0.00000525330558559  0.00000576303030787
  0.00000635132435367  0.00000704880477848  0.00000787523144461  0.00000874345984287
  0.00000977741770059  0.00001102552034996  0.00001277965729349  0.00001503162537580
  0.00001781514585846  0.00002120991581841  0.00002560175344116  0.00003147891565369
  0.00004060436457118  0.00005410737375692  0.00007744533131635  0.00011923944550331
  0.00021211645632543  0.00059022126491960  0.13184278601707736  1.00000000000000000
  0.00000056584262361  0.00000060933621422  0.00000066878226821  0.00000073736027827
  0.00000079967349627  0.00000087135316609  0.00000096785685727  0.00000109020142539
  0.00000125746313006  0.00000147323306901  0.00000171663643763  0.00000194666827498
  0.00000215545154692  0.00000236121750503  0.00000254937739352  0.00000271890421732
  0.00000291222423077  0.00000318150938721  0.00000354734482305  0.00000397711371815
  0.00000442518459917  0.00000486584143904  0.00000537235305009  0.00000573155694555
  0.00000609571814230  0.00000644155603408  0.00000680082349980  0.00000731686191213
  0.00000792368776938  0.00000853993939459  0.00000917479913155  0.00000986273257244
  0.00001061642012471  0.00001144640004463  0.00001231572560229  0.00001313405817208
  0.00001380784779252  0.00001447710035445  0.00001515908015669  0.00001595764462186
  0.00001683154102423  0.00001752704592609  0.00001809052835335  0.00001871298963670
  0.00001936924357276  0.00002002565158399  0.00002082449014647  0.00002173313054379
  0.00002280544698669  0.00002421633698545  0.00002581012219832  0.00002743104298328
  0.00002917291654818  0.00003095864420682  0.00003260287701611  0.00003447340511954
  0.00003641433502107  0.00003863616999837  0.00004127041870029  0.00004391115673328
  0.00004648311383111  0.00004928050000237  0.00005256871671382  0.00005643993225055
  0.00006122445493334  0.00006693171165308  0.00007297243573890  0.00007871328083611
  0.00008427733851904  0.00008983614067688  0.00009579054349507  0.00010258780929947
  0.00010976429216365  0.00011697958796483  0.00012573288650147  0.00013435312194763
  0.00014233371679037  0.00015167919688327  0.00016209109096131  0.00017389379736327
  0.00019010015021053  0.00021207563160509  0.00024028435154574  0.00027568444942154
  0.00031729081219121  0.00037045958217245  0.00043829575199944  0.00052750533216193
  0.00064391273305418  0.00081586693686316  0.00114569982114964  0.00181107479517880
  0.00286644982268807  0.00662988326813307  0.18554027054006936  1.00000000000000000
  0.00000199249793883  0.00000201107655198  0.00000203310378501  0.00000205867950322
  0.00000208811961703  0.00000211814729591  0.00000214842733868  0.00000220064139713
  0.00000226564539197  0.00000233583965699  0.00000240853812209  0.00000248721947813
  0.00000256949878984  0.00000264857021108  0.00000272775811237  0.00000279547409435
  0.00000286329422298  0.00000293782951004  0.00000302865868699  0.00000313659098903
  0.00000323177962078  0.00000331707931084  0.00000339857739847  0.00000347794786493
  0.00000355308106787  0.00000363908386447  0.00000372913608279  0.00000380135328788
  0.00000388458966508  0.00000398144081358  0.00000408829220260  0.00000421389070300
  0.00000432378680713  0.00000443683485651  0.00000455622437698  0.00000469645888936
  0.00000487775393227  0.00000511253581445  0.00000538234740701  0.00000566680210005
  0.00000597687866977  0.00000622453630658  0.00000651229728373  0.00000681340653028
  0.00000715097795572  0.00000750318637453  0.00000790087007585  0.00000827037404752
  0.00000863801119362  0.00000905234677076  0.00000950803581246  0.00001006004305702
  0.00001067838400462  0.00001139077672397  0.00001213446422324  0.00001296337646781
  0.00001372371443238  0.00001434474893053  0.00001497804742842  0.00001565269681637
  0.00001630729456729  0.00001691804731936  0.00001770747862694  0.00001853149202925
  0.00001958883652688  0.00002099593266622  0.00002249816887159  0.00002409462497868
  0.00002576201568054  0.00002775021652133  0.00003030921912708  0.00003295095174285
  0.00003594854354596  0.00003927291973461  0.00004297285829113  0.00004711148359098
  0.00005221862148781  0.00005929562533192  0.00006955810389331  0.00008156627976903
  0.00009410081941289  0.00010625791913435  0.00012324506892797  0.00014519351001334
  0.00017096452523531  0.00020226993625583  0.00025879419967771  0.00033679382912407
  0.00044320408796579  0.00066273071451241  0.00103208271241189  0.00140499040958916
  0.00208737314586268  0.00327446395566517  0.04347294809027354  1.00000000000000000
  0.00000308636531844  0.00000324894684495  0.00000339871866568  0.00000360661680845
  0.00000383845293327  0.00000403386504152  0.00000418500506304  0.00000432593513509
  0.00000447267422665  0.00000461623622067  0.00000476749756688  0.00000492315746638
  0.00000507753290091  0.00000522301861666  0.00000536882817096  0.00000552815189129
  0.00000572219370708  0.00000583920606437  0.00000592369825451  0.00000602007993643
  0.00000611966232149  0.00000621792793705  0.00000636064458557  0.00000672074936385
  0.00000707291161482  0.00000738930958340  0.00000767419277904  0.00000798173535381
  0.00000829357410044  0.00000861488855812  0.00000907910528745  0.00000957417315429
  0.00001010505332588  0.00001069898392704  0.00001134602419392  0.00001203181687567
  0.00001277704359152  0.00001354274575059  0.00001438249902638  0.00001531149273982
  0.00001634293279353  0.00001753572686139  0.00001880624681224  0.00002010725323296
  0.00002151581663204  0.00002301704148629  0.00002459801684657  0.00002623508355044
  0.00002795274800894  0.00002979837933587  0.00003203812929642  0.00003449712767789
  0.00003711457949020  0.00003989606689803  0.00004300414991877  0.00004627381490466
  0.00004996894697992  0.00005398712540496  0.00005878974716761  0.00006308103003597
  0.00006733479208583  0.00007220109081771  0.00007736889201086  0.00008487247535849
  0.00009230820767690  0.00009920451247729  0.00010610451511906  0.00011317759016857
  0.00012001232794409  0.00012670417326078  0.00013702601775391  0.00014895501677874
  0.00016177307782981  0.00017263360063851  0.00018369290681635  0.00019498579336145
  0.00020842169244348  0.00022464020198877  0.00025460564221134  0.00029630197120051
  0.00034117734143124  0.00039722637268019  0.00043958688269639  0.00048534298404473
  0.00053682920056271  0.00059626418638621  0.00069318361737541  0.00080023375095998
  0.00090706525385592  0.00106259235178135  0.00128307001534729  0.00168182050233536
  0.00208034089000583  0.00261670750639181  0.04079004660436641  1.00000000000000000
 -0.00297499266852806  0.01401691613883877  0.02759430411556696  0.04131705647797616
  0.05608368088333705  0.07247360044364115  0.08711174615888360  0.10066453950800917
  0.11320729709059239  0.12691277581954677  0.13838468243934324  0.15056193813574004
  0.16344913464930519  0.17695109226409583  0.18735651759054889  0.19532451533730641
  0.20293144266936708  0.20933185355196879  0.21649845351215513  0.22425295060334280
  0.23219460216639998  0.24066366432101394  0.24906146943362295  0.25762192850171273
  0.26683928586901756  0.27911133498139462  0.29308543203590337  0.30780412609618318
  0.32126748562941920  0.33418890548736851  0.34714448703435907  0.36016163344326985
  0.37384020650544081  0.38854373840429945  0.40251278293546011  0.41383142279961288
  0.42260198493092205  0.43170394879850810  0.44074669523940063  0.45016846126728127
  0.46134819694022994  0.46962411323033754  0.47781054138258422  0.48683872277441931
  0.49739857516749653  0.50953344500272335  0.52218689014660213  0.53238546774690776
  0.54075777853518170  0.54906974278115062  0.55640059170002576  0.56284725820856996
  0.57241785560639802  0.58512475603282488  0.59788638848500208  0.60835767866657409
  0.61693980404340087  0.62513215065377881  0.63441198880388028  0.64430949066864451
  0.65651277138677688  0.66907227409876635  0.68182414097451483  0.69298539077003518
  0.70301060641019164  0.71221767579909656  0.72235641086883806  0.73273895402177858
  0.74434716905831100  0.75688231351131297  0.76700522796246229  0.77310853385613276
  0.77984652214931027  0.78761138668955555  0.79562841046785959  0.80930996308241721
  0.82263329831231569  0.83334944453892323  0.84319180821227269  0.85328994564723326
  0.86330864823617970  0.87316510696552307  0.88446525215424832  0.89588160863983435
  0.90515035726192050  0.91363499790778191  0.92160411884013005  0.92881523184724279
  0.93950880610296117  0.95094224885631962  0.96108127977179036  0.96977403975118814
  0.97681578960082160  0.98448899253237676  0.99233228891940839  1.00000000000000000
 -0.00246819142665199  0.01145034559886166  0.02079941453554606  0.03049093761805156
  0.04005892939385281  0.05064537665804969  0.05922483581903509  0.06665845590342930
  0.07419678441650893  0.08277418778792636  0.09655223448994857  0.11101499453579725
  0.12178739687484517  0.13069998898826743  0.13926323940556742  0.14744487113541221
  0.15627440809486420  0.16757527834070038  0.17904047335227594  0.18745743122813924
  0.19400104509011212  0.20011559648777541  0.20751531152130123  0.21776754200428908
  0.22832878921603014  0.23954051418653968  0.25029089351480016  0.26292727795707821
  0.27656234702350613  0.28723455052807473  0.29539551761171223  0.30334961222415857
  0.31141119499197406  0.31986625402700108  0.33093614944215771  0.34386784478245247
  0.35664385131607623  0.36918145809233455  0.38114081252830367  0.39349589495164572
  0.40763861213931835  0.42246435628741819  0.43796392399595874  0.45376618836252891
  0.46808451464416256  0.48036472731832336  0.49138161037785988  0.50251023376484083
  0.51392783510551932  0.52519852974220804  0.53648131301710555  0.54705756157408858
  0.55598899958533954  0.56597308925931422  0.57647195806055207  0.58576677955496481
  0.59428477616518860  0.60259738177356403  0.61284044306678920  0.62517815557139489
  0.63692440151162677  0.64420747928729083  0.65089657170831827  0.65817224906993721
  0.66541513446714107  0.67677825460992580  0.68753889863275708  0.69732245109876134
  0.70673151215583774  0.71777024173872295  0.72875476623399149  0.73855138508734519
  0.74869499239268289  0.75699941679362337  0.76854701351369692  0.77834108760311904
  0.78905075731559582  0.80082204990700079  0.81308231034433243  0.82536990015870426
  0.83751282771096713  0.84914238480672788  0.85924104691170911  0.86827728090408551
  0.87732755334518930  0.88717017131799103  0.89915186186060225  0.91210610495680577
  0.92359685406584735  0.93472906504160025  0.94525966494444980  0.95691283034328667
  0.96910835387341321  0.98034541790769114  0.99070031494767496  1.00000000000000000
 -0.00154924961027232  0.00625959209914249  0.01363358732487241  0.02100371727443266
  0.02958481151476389  0.03828900337489805  0.04768000451415805  0.05725730108745311
  0.06531131251989881  0.07216839673520360  0.07917308953310687  0.08667654640499903
  0.09502531365929480  0.10328887613210599  0.11064924492903339  0.11758156836821002
  0.12566455846213487  0.13697517059626046  0.14885906230709239  0.15644421506642370
  0.16198730218511431  0.16778184674275054  0.17412041331407979  0.17933844001307106
  0.18545597440278219  0.19451046369907773  0.20384228462265683  0.21584601681785284
  0.22775251393298043  0.23906613878054672  0.24997148184113771  0.26078654421634345
  0.27275508980394003  0.28569993885874995  0.29909179699107646  0.31288168365113272
  0.32751323967244272  0.34331388106978289  0.35595654942739013  0.36695000878852263
  0.37765687030175399  0.38850077265120031  0.40253362828107603  0.41794463114069985
  0.43454957421933421  0.45113419770825181  0.46790866228282990  0.48501820330056000
  0.50098306138720372  0.51549896871598089  0.52880348833467805  0.54081343968115059
  0.55145613706114882  0.56189786387003349  0.57135978956707600  0.58384004364965081
  0.59760366933000364  0.61095580558528872  0.62331003502402083  0.63445059275644700
  0.64600262524512486  0.65684716416959610  0.66661473527386939  0.67566819419807245
  0.68464462561319295  0.69577060051540995  0.70827582244037124  0.72163961523834885
  0.73435339223822471  0.74331938551738552  0.75024054406893559  0.75653155029042751
  0.76403252283754752  0.77255764078977296  0.78265911330242566  0.79562955974229543
  0.81011691825235821  0.82461900020239176  0.83802597302191595  0.85022624488978682
  0.86204412956122911  0.87501764868518161  0.88699111852781876  0.90110839709969881
  0.91584409456996207  0.93006421913838278  0.94469065785579509  0.95808891013046726
  0.96763021390823378  0.97538121059513883  0.98046418260609991  0.98437619628061346
  0.98836103430379907  0.99233803898155259  0.99616901949077619  1.00000000000000000
 -0.00188166451611828  0.01027703289996997  0.02131431856286310  0.03344725952367009
  0.04566433239128620  0.05679188771227839  0.06735456017918476  0.07780335188048708
  0.08847987628866177  0.09906755577883733  0.11083758814417263  0.12337650800416988
  0.13188681103174907  0.14085987420636706  0.15017984868424603  0.15969443163751609
  0.17126038066595226  0.18466813055872830  0.19830652276452435  0.21181356206608645
  0.22518252654803506  0.23746433562780525  0.24771721694384752  0.25653874371895957
  0.26549509084697837  0.27602459951701502  0.28877105341996745  0.30241510270255795
  0.31462737206024310  0.32566943138922344  0.33520179439032388  0.34399948892524540
  0.35266705253825842  0.36214740646101240  0.37117114794647882  0.38050870937936748
  0.38899474212714519  0.39982488879820449  0.41195169907235496  0.42468535736931023
  0.43793094693821494  0.45070977625839415  0.46205515317317836  0.47231182739832084
  0.48247757833247384  0.49275021243114064  0.50420438093047926  0.51518668185371463
  0.52607298735939889  0.53576293294313060  0.54540898682742511  0.55546784499623836
  0.56622690415331778  0.57751332347538487  0.58909299903889256  0.60133187161006574
  0.61365786763558583  0.62350100965108224  0.63322002606998251  0.64303970518580811
  0.65421164729614845  0.66659936462591685  0.67898179216196330  0.69151777310166973
  0.70502333046544707  0.71812385194683448  0.73038077353416841  0.74252186909688223
  0.75578025409597094  0.76936858868334734  0.78197413025902407  0.79176036947029682
  0.80135773451158676  0.81096414158034724  0.81933149715234521  0.82630908679781467
  0.83344341094755803  0.84034788771413105  0.84701156497959673  0.85384366964719727
  0.86163166715648853  0.87053397946364264  0.87913598790911063  0.88802645881320963
  0.89706872806912374  0.90595292863704180  0.91436579094866999  0.92295807857086731
  0.93197362091435809  0.94095848540290716  0.94973547428802230  0.95961280105708036
  0.97106716700758944  0.98212556252078154  0.99119049099304213  1.00000000000000000
 -0.00187452857036818  0.01035883781675654  0.02050654348793610  0.02981677855633667
  0.03877800828327530  0.04845896339909860  0.06039851310589110  0.07525827141690063
  0.09074338202816513  0.10377059082349895  0.11564945139233088  0.12722345825060705
  0.13833689734829421  0.14934144367246549  0.16106191464740097  0.17170113367131790
  0.18352628717869890  0.19517700133293314  0.20593703634344776  0.21731579776616172
  0.22918617288596763  0.24011540082141136  0.25077204356068533  0.26065842954769930
  0.27027139711403658  0.27863072695986185  0.28488846553941205  0.29057491797904644
  0.29658024456325455  0.30462306397404959  0.31558802595845403  0.32866667896203150
  0.34139665342776737  0.35332951263662526  0.36268225393520165  0.37212449783814472
  0.38108382734673818  0.38993333096279420  0.39846984983130340  0.40703958284777492
  0.41561142192458528  0.42464400732994695  0.43543600791576098  0.44491006696593527
  0.45476899687834338  0.46600040720428682  0.47699807454180609  0.48718357431543863
  0.49714740888261111  0.50919549285656618  0.52300246696315300  0.53829532754559350
  0.55268122545399267  0.56680706689893356  0.58036792918150815  0.59337299391552345
  0.60606453458804155  0.61896492816028292  0.63199713492904108  0.64450458814823730
  0.65700630633577350  0.66928273552966699  0.68228483469501988  0.69629547983510265
  0.70894522819595107  0.71823027797936800  0.72655103763457185  0.73464789713905698
  0.74272414801294573  0.75239737884547486  0.76439288803155447  0.77633990123559926
  0.78603926776991040  0.79336466527781524  0.80076549679516795  0.80915912912807342
  0.81673504486063964  0.82121182148778982  0.82829036062570294  0.83663495092316986
  0.84441237280315795  0.85526608136702442  0.86606526790520055  0.87698092380973069
  0.88799687271283245  0.89902673940015698  0.91067953415283975  0.92125591219081293
  0.93116574793774465  0.94037122195889988  0.94943231909203329  0.95747832474223482
  0.96627629819573058  0.97608503631913368  0.98799751774062872  1.00000000000000000
 -0.00004270487154002  0.00002768206713348  0.00010200576546650  0.00022351467597043
  0.00034502358647437  0.00044603160292177  0.00054663596587068  0.00059948034922326
  0.00065390766981358  0.00072029426585660  0.00078467371697397  0.00084796229749978
  0.00091481363535380  0.00097950593368907  0.00104244632180711  0.00112175462949374
  0.00120193527778452  0.00127991340675765  0.00136730844857152  0.00145773528878412
  0.00154895683148055  0.00165827872475890  0.00174948917778878  0.00183495978173516
  0.00191867115225392  0.00199917068664233  0.00207705839124067  0.00216080005289429
  0.00224640523307644  0.00233356325967457  0.00242245385583931  0.00251592406540465
  0.00261833589636432  0.00270315687269273  0.00278629992143825  0.00286516811680296
  0.00294450773758941  0.00302687272261209  0.00311611025844186  0.00322407901093473
  0.00333787009014994  0.00344976408654319  0.00356449960654955  0.00370446833757093
  0.00389997625147807  0.00408637080018148  0.00424931075737714  0.00440735121429781
  0.00453522678293559  0.00463714217008713  0.00474416987917317  0.00485392900226150
  0.00496348095085505  0.00507414163146285  0.00530699400343427  0.00545061541948737
  0.00559167521151871  0.00573068159353609  0.00586640266051486  0.00601213474083767
  0.00615659185053599  0.00629448566373655  0.00642557346708062  0.00655641387705497
  0.00670948553636982  0.00683009739882706  0.00692882258183229  0.00702877838143676
  0.00713120893585237  0.00723332045741236  0.00733386752420250  0.00743639557290691
  0.00763399414702096  0.00783923810521237  0.00804408903983864  0.00834046094939895
  0.00865938243463675  0.00897688644099947  0.00927085667696857  0.00955484805821489
  0.00974855674371557  0.00993156296612790  0.01010088604760656  0.01025994170185238
  0.01054594689058726  0.01084996997594732  0.01160021701620423  0.01217425192902791
  0.01295717694615811  0.01386599208050381  0.01427134882150099  0.01477363223048150
  0.01733003161656762  0.04056360497216661  0.22770783526128230  1.00000000000000000
 -0.00249701478240687  0.01045928932996150  0.01946917586081197  0.02743776071324435
  0.03494811507938228  0.04255644237901953  0.04952972789440491  0.05572837175090326
  0.06149785469245922  0.06721068174464333  0.07444413503589505  0.08422873944709718
  0.09654257206694807  0.10633171347869047  0.11425465808177937  0.12163715690144991
  0.12854742220762516  0.13745299011155371  0.14821649072080240  0.15922647415661054
  0.16961552438819241  0.17955148131469612  0.18890463205520849  0.19751362098556641
  0.20580751645501549  0.21466332522898907  0.22577512544456860  0.23821341607605651
  0.25106872816095449  0.26320932845019512  0.27569198940291922  0.28798751544842865
  0.29815628954345735  0.30704381579698015  0.31628798953394549  0.32704953001576453
  0.33950568151313998  0.35269670789968977  0.36840680089540373  0.38313177764572265
  0.39663473402571575  0.40450508567601817  0.41122757104949664  0.41710073120439417
  0.42336190806719293  0.43309465863770680  0.44578156394902602  0.45900454347669734
  0.47188579162236816  0.48438869006775520  0.49684659876495724  0.51120509635075029
  0.52699150801931549  0.54240547793407112  0.55580152504345681  0.56928890458299009
  0.58073494413964544  0.58953069757155241  0.59798217087296235  0.60677426257842226
  0.61907008206516267  0.63214155737499189  0.64494773835447849  0.65721298005837381
  0.66965137534078667  0.68259318826186288  0.69544334022421805  0.70807327733970638
  0.71975916111336791  0.73166997172472514  0.74394034726241209  0.75688503848776389
  0.76989397119180281  0.78202922211433501  0.79338951344188047  0.80390487252981657
  0.81469683979034679  0.82637849034499711  0.83844302868418885  0.85087275816977603
  0.86290279988955776  0.87484168771706972  0.88617841308946588  0.89673527882572335
  0.90563970396570170  0.91390106485592004  0.92092690294699409  0.92843216698835762
  0.93723497303349057  0.94535205585932802  0.95258235565375404  0.95965127596813993
  0.96744707503031091  0.97643161829811786  0.98819417212497773  1.00000000000000000
  0.48544876163189482  0.54002097036790875  0.55647225348024720  0.56918547446094914
  0.57829203987190092  0.58577514476288228  0.59266110797871185  0.59948403859992516
  0.60714399519635043  0.61569338974916477  0.62408663684117882  0.63216913098275518
  0.63994418003503473  0.64700656071007701  0.65324395318300355  0.66045614959248711
  0.66827325043003760  0.67780923818541305  0.68601098431270890  0.69250606264826897
  0.69894106083479679  0.70526266891906353  0.71110787212044713  0.71612718130194164
  0.72113954287419202  0.72589716230334711  0.73161391480394966  0.73743361758786441
  0.74305868745334236  0.74833989563582248  0.75347016332458616  0.75862748470287933
  0.76391846175547584  0.76892536924286448  0.77361273629225458  0.77817818171746700
  0.78215288978607034  0.78657444638372931  0.78988792041022127  0.79317423579701529
  0.79648299131350653  0.79978259398017870  0.80333435148667798  0.80808941754397656
  0.81324773647757320  0.81839524113252393  0.82272650632117839  0.82706597397616055
  0.83135794326576895  0.83582362235128993  0.84038085661940853  0.84475201725270865
  0.84907469111539546  0.85335567006454360  0.85711498168120626  0.86067325626137825
  0.86418926734892410  0.86822323706320226  0.87261096176333453  0.87620682747738798
  0.87904059094993170  0.88186935721247295  0.88475876228507455  0.88824740014578341
  0.89247525959229990  0.89660115306331623  0.90067005864279126  0.90466312244084846
  0.90873755279615176  0.91278518652712226  0.91691272817428870  0.92112848936130343
  0.92456053976880004  0.92759697805354668  0.93066364272716851  0.93344249044287142
  0.93651298808059991  0.93971788424441582  0.94271926653985916  0.94558961464831404
  0.94877383637487289  0.95190949929341129  0.95489159775209353  0.95789073544973191
  0.96087979943781365  0.96397739506709601  0.96724013216005023  0.97081175197172032
  0.97418308748304450  0.97742981909087123  0.98071748679926019  0.98425134115103419
  0.98748939165091620  0.99115473364117856  0.99549405309055261  1.00000000000000000
  0.03040929084535975  0.11925278805791335  0.14441275218765451  0.16545108543519677
  0.18394620741774628  0.19848692312997290  0.21070393922921274  0.22197141160130551
  0.23343672745404634  0.24350373715435694  0.25310759445913544  0.26257730878877000
  0.27266390910267130  0.28297780399793565  0.29372521604611274  0.30529224518057302
  0.31621062663258265  0.32532024762468503  0.33312366271306060  0.34012550182953477
  0.34701091535289674  0.35440261918471455  0.36164832092611127  0.36951747399381335
  0.37717782947991280  0.38418590061905339  0.39002259121150196  0.39557684213110228
  0.40156243697492366  0.40773628532098255  0.41476444423769404  0.42176814766364323
  0.42844939674533150  0.43473995779613639  0.44035137291648513  0.44572672241116595
  0.45177610820094904  0.45792732508358003  0.46465003451266063  0.47089798944892319
  0.47754970900853144  0.48395474115471782  0.48935296008661888  0.49431432357126659
  0.49868903530515429  0.50279340375699078  0.50673060908942691  0.51043509579552315
  0.51415585009489539  0.51820938364882407  0.52436891022532461  0.53207703784834226
  0.53924459631278043  0.54611942114049683  0.55234781326976534  0.55851838716787761
  0.56488982821701250  0.57200574046858266  0.57861198121994550  0.58421418884079024
  0.58921984788479287  0.59384376497171232  0.59854143443395025  0.60336145858335588
  0.60846972785671183  0.61476777969706864  0.62086461400870185  0.62537948526855314
  0.62946454916471317  0.63310793605655868  0.63668384248939491  0.64164458132927704
  0.64704725612999414  0.65394360878446012  0.66215534259576991  0.67070857568288422
  0.67968435886389322  0.68846100481480121  0.69747516457919778  0.70681133478885860
  0.71349975740823368  0.71845229868455107  0.72366453817185816  0.72959675542318059
  0.73590625671293419  0.74359150064846025  0.75280736290033268  0.76215720495863271
  0.77372529126655243  0.78703171965441554  0.80061987585654204  0.81627644341614425
  0.83489383685369867  0.85446210727013960  0.88581995337941366  1.00000000000000000
   6.3668281585785782E-006  -1.0000000000000000     
 F F F F F F F F F F F F F F F F F F F F F F F F F F F F F F F F F F F F F F F F F F F F F F F F F F F F F F F F F F F F F F F F F F F F F F F F F F F F F F F F F F F F F F F F F F F F F F F F F F F F F F F F F F F F F F F F F F F F F F F F F F F F F F F F F F F F F F F F F F F F F F F F F F F F F F F F F F F F F F F F F F F F F F F F F F F F F F F F F F F F F F F F F F F F F F F F F F F F F F F F F F F F F F F F F F F F F F F F F F F F F F F F F F F F F F F F F F F F F F F F F F F F F F F F F F F F F F F F
  <DiscreteSampler_grid>
  grouped_processes
  1 # 1 for a reference and 2 for a running grid.
  10 # Attribute 'min_bin_probing_points' of the grid.
  1 # Attribute 'grid_mode' of the grid. 1=='default',2=='initialization'
  0.0000000000000000 # Attribute 'small_contrib_threshold' of the grid.
  0.5000000000000000 # Attribute 'damping_power' of the grid.
 # binID   n_entries weight   weight_sqr   abs_weight
    13   10   4.184448619338689E-002   9.819698173859467E-003   4.184448619338689E-002
    16   10   1.049925733437154E-002   6.216307254291816E-004   1.049925733437154E-002
    22   10   4.108611268419866E-002   9.400187378836760E-003   4.108611268419866E-002
    25   10   1.013714773078861E-002   5.699969179561746E-004   1.013714773078861E-002
  </DiscreteSampler_grid>
