  0.00000013222611153  0.00000016654052405  0.00000019978861979  0.00000022972305736
  0.00000026151495928  0.00000029780102430  0.00000034932911604  0.00000041865648347
  0.00000048904951164  0.00000055703113190  0.00000062355649099  0.00000068663329860
  0.00000075469360264  0.00000084006820810  0.00000094410883912  0.00000106498546348
  0.00000120425981906  0.00000136330017512  0.00000154284657039  0.00000175190023124
  0.00000195433795705  0.00000217483224568  0.00000240605495432  0.00000266754413464
  0.00000296238618950  0.00000326672073331  0.00000356657724225  0.00000387925545979
  0.00000423207370366  0.00000463817997545  0.00000506140410974  0.00000553156948590
  0.00000606082017023  0.00000666826786990  0.00000740464199872  0.00000832797434823
  0.00000935612454317  0.00001056845098315  0.00001187181398681  0.00001318928904534
  0.00001454099583674  0.00001607827979282  0.00001792629283933  0.00002009089540486
  0.00002249173259764  0.00002509982082921  0.00002797281888177  0.00003158661227549
  0.00003602302446074  0.00004126243729806  0.00004768450366500  0.00005467920489294
  0.00006183840999732  0.00006936126614293  0.00007763401543984  0.00008742253417502
  0.00009910950901354  0.00011318308088066  0.00012921512841464  0.00014700821275412
  0.00016973757372705  0.00019348464626039  0.00022040952741060  0.00025106207757445
  0.00028538813329530  0.00032286285680183  0.00036391619721492  0.00041657670629854
  0.00046322930691045  0.00051180240717667  0.00056372607927116  0.00062769269984125
  0.00070084656265175  0.00076331182231484  0.00081897292891333  0.00087866301108635
  0.00094311731021838  0.00101749708194613  0.00110874359898700  0.00119292927375161
  0.00128622631346094  0.00141738751688940  0.00162011370583104  0.00192367742647593
  0.00232742191814825  0.00279030235276538  0.00329144527066574  0.00388629142558241
  0.00445694999702200  0.00506644846446849  0.00570375384641574  0.00641084869342140
  0.00759090905576135  0.01025594673901089  0.18026614429879306  1.00000000000000000
  0.00000134424685464  0.00000141856515468  0.00000148654230444  0.00000155515000349
  0.00000162550281974  0.00000169706222483  0.00000177124289126  0.00000185118404004
  0.00000194238645140  0.00000204399896925  0.00000212350903200  0.00000220198113202
  0.00000227944289361  0.00000235816633022  0.00000243577308300  0.00000253719619726
  0.00000264476363854  0.00000273513586507  0.00000280991018822  0.00000288753296921
  0.00000296613449684  0.00000304640919384  0.00000315321184350  0.00000326241419207
  0.00000335966168776  0.00000345296720610  0.00000355344693361  0.00000367068013722
  0.00000380443352830  0.00000394637207951  0.00000409096082593  0.00000424053674693
  0.00000439657945641  0.00000455075682622  0.00000470918392475  0.00000488916887690
  0.00000509380054026  0.00000531513896496  0.00000556615980032  0.00000583263560884
  0.00000611090349046  0.00000638848764651  0.00000673040815018  0.00000711678337564
  0.00000748494946592  0.00000785588608779  0.00000821639029286  0.00000857988908030
  0.00000900407353537  0.00000950685825091  0.00001002046507711  0.00001051741120533
  0.00001102118812191  0.00001155030954842  0.00001214985433794  0.00001279108276335
  0.00001347145419484  0.00001425538766054  0.00001512898598197  0.00001603249622998
  0.00001711988883529  0.00001829746238552  0.00001953717106127  0.00002089422155358
  0.00002243805420486  0.00002417881580575  0.00002600735426108  0.00002809198948387
  0.00003048137182799  0.00003339897139699  0.00003655333344897  0.00004022873346902
  0.00004420244201935  0.00004792881960274  0.00005249870408941  0.00005744736320168
  0.00006318037083769  0.00007083915501637  0.00007951679030739  0.00008872809434408
  0.00009841214491156  0.00010977289089882  0.00012435177290487  0.00014317477835078
  0.00016626905011835  0.00019718111254758  0.00023687151040980  0.00028652574418203
  0.00035635400532838  0.00046671630331127  0.00063378832948818  0.00085690028703391
  0.00129373979171074  0.00257696151786797  0.08115316127304320  1.00000000000000000
  0.00000162438771439  0.00000170354606474  0.00000177006092132  0.00000181736433531
  0.00000187740090034  0.00000194293197768  0.00000199970886695  0.00000205607378701
  0.00000211882203845  0.00000222347687049  0.00000237336086611  0.00000248768267492
  0.00000260925574382  0.00000272948730545  0.00000288821000403  0.00000308308280979
  0.00000329966154249  0.00000350203364774  0.00000372620846118  0.00000397771378247
  0.00000425879504906  0.00000458043030774  0.00000491993588721  0.00000524546129533
  0.00000557857421520  0.00000596210259281  0.00000636220797254  0.00000677890909403
  0.00000721849687207  0.00000764268085416  0.00000806558426287  0.00000853518754218
  0.00000902662485965  0.00000954300103549  0.00001004800309425  0.00001061126320344
  0.00001123808122979  0.00001194415742794  0.00001281670137663  0.00001379833762576
  0.00001490878162905  0.00001604761546527  0.00001716331585263  0.00001829353815599
  0.00001941408750352  0.00002052919050836  0.00002173147533515  0.00002302993694385
  0.00002439188457178  0.00002558810318208  0.00002690149431758  0.00002813633209441
  0.00002956149562204  0.00003128936738417  0.00003338845778609  0.00003585052926334
  0.00003868793866509  0.00004192348294546  0.00004601242380659  0.00005008816263055
  0.00005413163447746  0.00005865245372336  0.00006320501611338  0.00006862004301317
  0.00007536296432880  0.00008239656118228  0.00008926322160151  0.00009668545018136
  0.00010540942498909  0.00011581625957840  0.00012937179019264  0.00014555499541733
  0.00016237166333548  0.00018047147481110  0.00020017293647461  0.00022763012396543
  0.00026000928225001  0.00028583616929627  0.00031487855906075  0.00035012042740019
  0.00039392965908747  0.00045250654857217  0.00052332388391368  0.00062221980675033
  0.00075707999462886  0.00094901331384989  0.00118196044245981  0.00138861801096179
  0.00161246841160359  0.00203192091736922  0.00306577460017090  0.00378406973876387
  0.00489511777769239  0.00664417364992520  0.03500378481749956  1.00000000000000000
  0.00000194237712265  0.00000267020502625  0.00000355237630926  0.00000480422919831
  0.00000629161877709  0.00000799536265290  0.00001007398169738  0.00001257768631561
  0.00001544775953698  0.00001879424297708  0.00002246650763714  0.00002658286840165
  0.00003107031692524  0.00003593438415281  0.00004093857619742  0.00004605637541741
  0.00005179349197158  0.00005781439556017  0.00006401278763051  0.00007035612422391
  0.00007747139551446  0.00008527313927757  0.00009337767874056  0.00010180789334870
  0.00011151277080870  0.00012221324283899  0.00013239769331336  0.00014377700869514
  0.00015486427147387  0.00016611810069647  0.00017856256151066  0.00019119958385223
  0.00020448301139415  0.00021880943554817  0.00023364138934072  0.00025017476992892
  0.00026769203764803  0.00028527210165780  0.00030182570631913  0.00031755157058768
  0.00033382570685447  0.00035100586987294  0.00036791548560788  0.00038681382931095
  0.00040424097592801  0.00041949091677112  0.00043336719490086  0.00044787596585196
  0.00046432193435476  0.00048667932919401  0.00050720737968836  0.00052848117657567
  0.00054982106116131  0.00057291163190625  0.00059485706401865  0.00061552386923843
  0.00063676399179028  0.00066320253465385  0.00069065985924402  0.00071878152411646
  0.00074985381522054  0.00078429454155158  0.00081709102104748  0.00085758970227233
  0.00091154796911732  0.00097916871303654  0.00105687321641817  0.00114324951241919
  0.00124360661893590  0.00132908689386024  0.00141031573595191  0.00144487580636141
  0.00147943587677092  0.00151622904925109  0.00155557720583415  0.00159492536241722
  0.00163432505507393  0.00167372917892635  0.00173208940730892  0.00183500872740029
  0.00198900530030995  0.00219579074495020  0.00236130784148403  0.00250015640551826
  0.00261125807294912  0.00273123484299952  0.00287051317710306  0.00323108115323680
  0.00359164912937054  0.00433806789496492  0.00511523306421298  0.00568945929555863
  0.00625323236929954  0.00797565207507637  0.04520876460458299  1.00000000000000000
 -0.00169492055245149  0.01025975646948034  0.02050200773653639  0.03062145663837119
  0.04078462087034514  0.05114468885796775  0.06142726625943888  0.07184184058747095
  0.08117370193449669  0.08937214442531428  0.09801043112677302  0.10663577165569714
  0.11459924852317591  0.12239551055447102  0.13071850686615696  0.13936514950124637
  0.14832859926012146  0.15683806527176025  0.16508031136179024  0.17308363340851712
  0.18094939320253522  0.19131648723085537  0.20278556486760729  0.21281824841517658
  0.22274778180580893  0.23383565237298817  0.24591703315863819  0.25768738813116077
  0.26899368352458142  0.27906185078801843  0.28934793670832515  0.29977587845211889
  0.31056653875237150  0.32098576013021324  0.33031842596416172  0.33981912844190260
  0.35106740367803047  0.36179536219567510  0.37498817596359574  0.38900379060925161
  0.40260818911347745  0.41590368048542609  0.42983521208964848  0.44356998810270926
  0.45561349413679803  0.46732515425764304  0.47982798845807212  0.49097137728544105
  0.50150213090880158  0.51271789266223255  0.52474578313396569  0.53841961217850465
  0.55174438530477554  0.56510645879256349  0.57824234450141443  0.59068867762315524
  0.60275897895505814  0.61440952674574767  0.62538638251764778  0.63507954855680071
  0.64389474650809619  0.65226703090889426  0.66122220971380563  0.67201824611644412
  0.68347455452465655  0.69521200600265176  0.70739624099547560  0.71892311729066094
  0.72994767881924238  0.74004273094609385  0.74943501071615404  0.75992018404406780
  0.77232858307816910  0.78586314237954780  0.79873251656592348  0.81051967155240257
  0.82162275177211608  0.83232371071761302  0.84294305953325577  0.85342059875021881
  0.86327374800569623  0.87277974961347504  0.88230676723306090  0.89317937723951635
  0.90339754432195130  0.91324896948170309  0.92292399396497593  0.93222938277785294
  0.94130901669843081  0.94826817277868858  0.95479305544931570  0.96198488265493765
  0.97045819616942730  0.98100106701441114  0.99044722228992221  1.00000000000000000
 -0.00302812762653930  0.00894035747515798  0.01932535864114362  0.02912290831751084
  0.03942430000115697  0.05178373927706093  0.06561410677232525  0.07909807768917661
  0.09119626449412994  0.10227297600787418  0.11309344115357046  0.12320185601237396
  0.13412038845733193  0.14352868995547388  0.15241541306558309  0.16182489747588694
  0.17122355983295953  0.18072175822915176  0.18968487555869762  0.19851909667679279
  0.20768932146350605  0.21846558508013267  0.23023191211673297  0.24191571647446997
  0.25318897234039062  0.26368622548612780  0.27404417530024183  0.28525107074694644
  0.29777900116459705  0.31018525619599052  0.32053672956530910  0.32920935548512092
  0.33692031605524297  0.34504909413045576  0.35467101006248586  0.36463308668708183
  0.37324104367795380  0.38279783726462391  0.39221544903162897  0.40439744088202007
  0.41689723553100427  0.42792209075943832  0.43876447243229416  0.44880086679014514
  0.46027706451666944  0.47124251232128544  0.48143917496907307  0.49167886787643555
  0.50264755334954636  0.51485735380581110  0.52816648242722875  0.54038369118620655
  0.54990011648523163  0.55851315429271575  0.56843968423240898  0.57906795741328276
  0.58823241122840098  0.59761391696779531  0.60848031815671788  0.62205223419007238
  0.63360258325912278  0.64521266406279265  0.65701825229845645  0.66687408063256348
  0.67319813852528576  0.67945730435723817  0.68575687539822383  0.69218387748786803
  0.70407229532698912  0.71669306959393475  0.72929778197746664  0.74129769330788509
  0.75288969466543521  0.76451122247740788  0.77577981489736103  0.78586777224552407
  0.79553756230204820  0.80582068720408484  0.81811039437682187  0.83087902476937958
  0.84058584457543029  0.84897321257152514  0.85799980231850781  0.86764016089458995
  0.87731262383569653  0.88632031996570071  0.89493893808938751  0.90370915813909058
  0.91340371585832703  0.92456103625911412  0.93665869777167365  0.94895543107649138
  0.96100359250496814  0.97346985456397506  0.98633373284687265  1.00000000000000000
  0.00417133831505803  0.01336974205127333  0.02113894257835918  0.02889794516180863
  0.03687814340203336  0.04423668896169663  0.05135128356263261  0.05915376180269456
  0.06614650000569493  0.07328067648748793  0.08122131690180270  0.08952694464399950
  0.09750611353838751  0.10512575655977587  0.11373158755909241  0.12176032382237854
  0.12921327556493067  0.13737996621867604  0.14660389861236825  0.15713315136282399
  0.16879665728291587  0.17956790091545596  0.18984626253865200  0.19796601905669767
  0.20622401434456464  0.21460871190719327  0.22350002238963548  0.23402963184216402
  0.24597680370735242  0.25938019954586961  0.27373327087948529  0.28584585198008122
  0.29883314756234713  0.31233576092261345  0.32355796220058736  0.33444485602084245
  0.34572095471515568  0.35854479025779268  0.37214464267793995  0.38564636856549972
  0.39841138771388213  0.41158494435834592  0.42557481935701830  0.44123005386430802
  0.45570537827717217  0.46996792691731065  0.48323370120287212  0.49679110558845907
  0.51099274251826754  0.52512992705639217  0.53938946238121921  0.55466154067640328
  0.56955337283767782  0.58073930417162067  0.59069178126813693  0.60047821753552288
  0.60840537860938204  0.61659366431731932  0.62560006529313172  0.63386650850115422
  0.64347317290247052  0.65563130685353177  0.66734977021172937  0.67812225947034155
  0.68858264973936345  0.69855870729359493  0.70746211702165718  0.71657447079043657
  0.72601226811041875  0.73739140561749428  0.74985478433987440  0.76038200747144724
  0.76998285280956658  0.77897016068535174  0.78707630918387073  0.79581458389671667
  0.80437193212330527  0.81416249426501919  0.82497088194308044  0.83596976431157244
  0.84725377036430083  0.85871491416684886  0.87028753763228728  0.88180549618026782
  0.89311398726850699  0.90425377339340196  0.91290467082694315  0.92161650897155245
  0.93045976202001512  0.93839290134627673  0.94732278826354011  0.95733294048886175
  0.96656898159151494  0.97806575097079840  0.98897728101657267  1.00000000000000000
 -0.00294544848348424  0.01267300407091700  0.02485297947856012  0.03642379400975466
  0.04771436040549913  0.05942999968227469  0.06986912490262802  0.07946981034243573
  0.08908814436878389  0.09897886882425649  0.10981923774729939  0.12058146251874478
  0.13217560840176359  0.14447923246128744  0.15737441973623142  0.17057496936812203
  0.18337804025424009  0.19663071235585378  0.20983765492983045  0.22274013016233729
  0.23618157252987357  0.24889965447686885  0.26043028811676799  0.27111620649837037
  0.28178438238870401  0.29272660929403238  0.30346222332198897  0.31370599561485718
  0.32363815581223482  0.33339715539946346  0.34313156909375847  0.35343597265698656
  0.36448405965076475  0.37454699729474039  0.38361763309994401  0.39140404350241575
  0.40040309589965345  0.40945027236827075  0.41859686696147291  0.42838997923213284
  0.43842546465076992  0.44828571048517346  0.45780136487586981  0.46768582758080213
  0.47868607409616082  0.49081614876348517  0.50242775966970266  0.51306540004097634
  0.52444005715370678  0.53614817198683262  0.54741145328467689  0.55771349442857543
  0.56849151875610582  0.57936398056468952  0.59132040072974001  0.60413214820348193
  0.61653959543006043  0.62854271260357852  0.64010557794757639  0.65189193964205228
  0.66555073078666738  0.67567996434187139  0.68491125641707251  0.69318915727072550
  0.70026527564815089  0.71040885565457845  0.72016828579406300  0.73066385157111791
  0.74108194976625363  0.75077586099703808  0.75754222132555138  0.76357773387695682
  0.76978130670530076  0.77567058772490272  0.78259607534791653  0.79068261692293595
  0.80035405112759195  0.81127968666329986  0.82169290409085316  0.83205225025406226
  0.84241275075992539  0.85173141125101148  0.86121214900640730  0.86997019676088705
  0.87840035320596055  0.88812580497155336  0.89780026668272084  0.90876321976183805
  0.91970083649488765  0.93184815008696287  0.94354511924306816  0.95526428341518388
  0.96568558244087765  0.97663879662419983  0.98811393013133808  1.00000000000000000
 -0.00264905497054404  0.00739689146161209  0.01698201783033267  0.02828700313501505
  0.04119531553404535  0.05464738019069347  0.06797098065408885  0.08086493301342830
  0.09210487126345705  0.10246428161615394  0.11224604079842704  0.12177104661719321
  0.13182903524461501  0.14227585200959075  0.15286911251024426  0.16313805483318861
  0.17340345158757439  0.18397330366741585  0.19509427844064156  0.20584711397131311
  0.21544097299048254  0.22422487539239269  0.23189562896736571  0.24076513970056385
  0.25144490154092747  0.25942513228979813  0.26653089247285378  0.27317514290085221
  0.27970695684797486  0.28724605185762425  0.29691741692065160  0.30683240457642180
  0.31684654285465830  0.32685853776813173  0.33753769785305243  0.34895976226182235
  0.36253344071047405  0.37700335800849127  0.38980069211755181  0.40140236431126658
  0.41279248100303012  0.42464157583916928  0.43734429883461634  0.45007094355440697
  0.46339243841949151  0.47592514533846475  0.48621713761062207  0.49462312747807546
  0.50388067038197881  0.51433079210885158  0.52562193858257134  0.53470462155689502
  0.54438867680751002  0.55529884997300627  0.56818075606875962  0.58099375240440443
  0.59249849376719510  0.60388604729221995  0.61488617634854936  0.62550669755076926
  0.63617415751957251  0.64611501061211729  0.65337382046681647  0.66111223530452612
  0.66874213178766073  0.67768639645554363  0.69079401392976048  0.70400654550257080
  0.71576769431996534  0.72642459903888712  0.73789341588541124  0.75027352826333371
  0.76323792746403918  0.77647263865359251  0.78960100430189606  0.80247261572910034
  0.81494718204763816  0.82613051064541609  0.83649404174220765  0.84564472695337722
  0.85554668033483949  0.86417169707909092  0.87216395960867243  0.87979084775133520
  0.88836001051407953  0.89760721196637605  0.90648810744065034  0.91417177056090948
  0.92147531964118590  0.92892777933246340  0.93807939265834228  0.94950938196085521
  0.96280860661081225  0.97583302970688568  0.98811170147417793  1.00000000000000000
 -0.00012905758345355  0.00028316985759044  0.00058659315245817  0.00081382876263535
  0.00098333489763339  0.00115754749842630  0.00130798327209915  0.00144434202088102
  0.00158065143401045  0.00171681094959362  0.00185205140030178  0.00200382798337175
  0.00218716506395827  0.00238978474056662  0.00261213938341496  0.00283097585102582
  0.00302517760843515  0.00316921932992131  0.00331221429667284  0.00345407038433683
  0.00360760708538191  0.00376641507946494  0.00397380565736570  0.00417301385632271
  0.00436572327120341  0.00455351061032163  0.00469517982991354  0.00480720634819065
  0.00491923286646776  0.00503210946146826  0.00514574362928916  0.00525937779711006
  0.00535839503312416  0.00544657473314437  0.00553475443316459  0.00571050572679120
  0.00592215950103614  0.00612808802563844  0.00636341403153021  0.00661026880828129
  0.00685881155058934  0.00715005043592362  0.00751641964695616  0.00781241230485023
  0.00809683183982674  0.00835874666270526  0.00862005756215851  0.00887830211166329
  0.00914184924850915  0.00950210400645734  0.00987177787335455  0.01016120350090265
  0.01030919287142626  0.01044040300427391  0.01056734846157223  0.01070383584237430
  0.01087459811505541  0.01104196745828066  0.01121282497124287  0.01143780185991483
  0.01177274322275937  0.01224556932815662  0.01258901697970419  0.01293325625170112
  0.01326867575922080  0.01357785681486607  0.01389988477414729  0.01423731229477681
  0.01451596712841733  0.01474835316019294  0.01560263863512499  0.01618529014765309
  0.01663352888956572  0.01704077170676233  0.01742237044339602  0.01754335875891039
  0.01766367626034313  0.01776347687777707  0.01786327749521102  0.01796302608803594
  0.01806276902823345  0.01850831965907504  0.02008584391576746  0.02111358115321519
  0.02484019708361788  0.02604952359028773  0.02664024970334271  0.02699351371201167
  0.02737880978651707  0.02782258465638452  0.03130586744122242  0.03460214665131046
  0.03562650492613380  0.03905115711477564  0.22561958369523225  1.00000000000000000
 -0.00145689098920442  0.00711604530820712  0.01614415662763815  0.02452652248180718
  0.03436741545337798  0.04639504200386647  0.05927807550214242  0.07249012313514043
  0.08427617472464884  0.09447352712664750  0.10511280106094939  0.11672806383871491
  0.12854734284726771  0.13821900879015700  0.14739406329545393  0.15697601568704128
  0.16758118093536903  0.17980928212110361  0.19244649346775725  0.20456808629301343
  0.21765451289697815  0.23126131347814421  0.24372508969748718  0.25145982103992470
  0.25865991556988321  0.26595040119162455  0.27340211305542883  0.28284535996900317
  0.29180208821977049  0.30164128745109464  0.31270703353514129  0.32441267935202506
  0.33780174825807063  0.35083769485179345  0.36147594584943971  0.37130684720979806
  0.38111978077723918  0.39218565979853953  0.40426602191321737  0.41632137391388524
  0.42807525815587166  0.43872135598559453  0.44835590264932418  0.45783293657260632
  0.46683105152123716  0.47588928395590918  0.48538323364332592  0.49473828078917381
  0.50465299674602893  0.51527012183749255  0.52567837420765573  0.53589378976275570
  0.54613518273944262  0.55742946030003471  0.56924994051150901  0.58128967575772439
  0.59189492944669886  0.60188572649791039  0.61161244648321611  0.62192946060195087
  0.63247578624723366  0.64304692377976580  0.65319417449691808  0.66278534717671045
  0.67426942854105665  0.68725905626365857  0.69745382034995851  0.70815531831477574
  0.72037252903933813  0.73353027956482342  0.74591264652184985  0.75622319050425568
  0.76614486593791187  0.77647131850210105  0.78853980910896637  0.80118842641399390
  0.81480690234527964  0.82898011935309257  0.84209847436172514  0.85363526972723891
  0.86459014465198547  0.87498384788108619  0.88418351117491600  0.89069880478297692
  0.89723970690775323  0.90386899944167898  0.91049086968941173  0.91858722008099414
  0.92711696889199291  0.93625100679361717  0.94643369389879528  0.95765102254267198
  0.96837070089248889  0.97750190598532316  0.98793507324818686  1.00000000000000000
  0.46591288540420867  0.48376023679056901  0.49441465484690816  0.50873269245108810
  0.52841661840335907  0.56567965530305753  0.57956098750298979  0.59161901969367658
  0.61085656199231919  0.62393152272327734  0.63391048899298641  0.64433470069015353
  0.65350395490309654  0.66252014866127951  0.67078283715163989  0.67804465251770252
  0.68401544599056341  0.69052762853319494  0.69695675462169848  0.70499828010300447
  0.71113832292705292  0.71714284707134468  0.72300003293673953  0.72931887514327043
  0.73574499666434690  0.74233733533575852  0.74856081236062499  0.75408901614711477
  0.75993285509132547  0.76608553535122836  0.77244012502342152  0.77845410061665321
  0.78400406020801794  0.78941411984218668  0.79534327948555927  0.80190188174308552
  0.80833990863003657  0.81436430615019784  0.81988174708190065  0.82559866081743150
  0.83111155553200800  0.83600851563251433  0.84043862013326853  0.84510969562743365
  0.84975945535402564  0.85443953845179077  0.85887488229319386  0.86330010243412925
  0.86751013891435080  0.87157779836594029  0.87554639221511033  0.87940120852402326
  0.88317811798968426  0.88691659360494768  0.89074973830862614  0.89468626916773675
  0.89853167195504391  0.90208532696136434  0.90544047299346964  0.90870271409462033
  0.91208591785942283  0.91561490324004324  0.91901954396331631  0.92238490733216638
  0.92590221018685015  0.92928882224011466  0.93193566896931601  0.93449295601259752
  0.93695567794927337  0.93944458245768125  0.94220847169615729  0.94493392190370995
  0.94746053004982178  0.95000954683160266  0.95256499035630526  0.95506096893543813
  0.95758903137058571  0.96010768277298020  0.96256865021543425  0.96505177874859860
  0.96750249154025636  0.96980871704946059  0.97197601685963686  0.97417995462774787
  0.97638894812407095  0.97864689923947634  0.98090466705619839  0.98312739888653744
  0.98515712886378715  0.98718016847646328  0.98923083128881761  0.99153360677760849
  0.99366231968754748  0.99579744304724216  0.99792404134465185  1.00000000000000000
 -0.02366294908674222  0.14589606655085324  0.19310271382065264  0.22723162188755708
  0.25693556091284075  0.28270893786087503  0.30516684962212659  0.32439058927686543
  0.34083548557689902  0.35517131886908948  0.36634829155742515  0.37760837297878425
  0.38856437559976237  0.40097421537904032  0.41339364728708566  0.42573961457112014
  0.43796561276821228  0.44928728638773396  0.46035091757010066  0.47101529523469460
  0.48172359997403102  0.49276188692542283  0.50433539576163877  0.51535124850044112
  0.52580810164984015  0.53576686250134764  0.54559573760396285  0.55466223812677196
  0.56320557576095376  0.57042270099096859  0.57707011623507010  0.58325350810392917
  0.58962043412588538  0.59616008488337058  0.60352819917247003  0.61171679424175440
  0.62103868751259927  0.63005455268017263  0.63939600763727333  0.64796887308733409
  0.65694527566160454  0.66567120676453029  0.67378368973174008  0.68182185030670328
  0.68965043932921677  0.69724237455399474  0.70435801536538611  0.70995616212362778
  0.71420861213548581  0.71827768002656533  0.72242994018033946  0.72683657844300464
  0.73232235846268323  0.73774912512029478  0.74354905436416940  0.74899428417486147
  0.75256750925633298  0.75556932947297317  0.75839551670166261  0.76156734543635973
  0.76505630166835137  0.76883441320629475  0.77300391516283917  0.77708189584000364
  0.78081639539402214  0.78442396318553964  0.78782749843390010  0.79087931473021611
  0.79400362460720664  0.79739039108106213  0.80090215164859069  0.80477571967755890
  0.80857737054068124  0.81301691311338464  0.81816622840132414  0.82353876643860058
  0.82930521744391983  0.83533372968947428  0.84190870584734701  0.84793613408561297
  0.85266545281475592  0.85734759761607604  0.86185884749997344  0.86646816079496214
  0.87333288982601642  0.87739573950690242  0.88202883336056126  0.88657826837702269
  0.89090102636125978  0.89515503325087420  0.89996895436673474  0.90559421537345353
  0.90990869745990866  0.92587343454660787  0.99382220138638000  1.00000000000000000
   1.3293822736764772E-006  -1.0000000000000000     
 F F F F F F F F F F F F F F F F F F F F F F F F F F F F F F F F F F F F F F F F F F F F F F F F F F F F F F F F F F F F F F F F F F F F F F F F F F F F F F F F F F F F F F F F F F F F F F F F F F F F F F F F F F F F F F F F F F F F F F F F F F F F F F F F F F F F F F F F F F F F F F F F F F F F F F F F F F F F F F F F F F F F F F F F F F F F F F F F F F F F F F F F F F F F F F F F F F F F F F F F F F F F F F F F F F F F F F F F F F F F F F F F F F F F F F F F F F F F F F F F F F F F F F F F F F F F F F F F
  <DiscreteSampler_grid>
  grouped_processes
  1 # 1 for a reference and 2 for a running grid.
  10 # Attribute 'min_bin_probing_points' of the grid.
  1 # Attribute 'grid_mode' of the grid. 1=='default',2=='initialization'
  0.0000000000000000 # Attribute 'small_contrib_threshold' of the grid.
  0.5000000000000000 # Attribute 'damping_power' of the grid.
 # binID   n_entries weight   weight_sqr   abs_weight
    13   10   9.156508793752102E-002   8.157220704312505E-002   9.156508793752102E-002
    14   10   9.156508793752112E-002   8.157220704312523E-002   9.156508793752112E-002
    16   10   2.282559857242874E-002   5.047586606601506E-003   2.282559857242874E-002
    17   10   2.282559857242876E-002   5.047586606601518E-003   2.282559857242876E-002
    22   10   9.156508793752102E-002   8.157220704312505E-002   9.156508793752102E-002
    23   10   9.156508793752113E-002   8.157220704312527E-002   9.156508793752113E-002
    25   10   2.282559857242874E-002   5.047586606601506E-003   2.282559857242874E-002
    26   10   2.282559857242876E-002   5.047586606601518E-003   2.282559857242876E-002
    31   10   9.156508793752102E-002   8.157220704312508E-002   9.156508793752102E-002
    32   10   9.156508793752116E-002   8.157220704312532E-002   9.156508793752116E-002
    34   10   2.282559857242874E-002   5.047586606601506E-003   2.282559857242874E-002
    35   10   2.282559857242877E-002   5.047586606601520E-003   2.282559857242877E-002
  </DiscreteSampler_grid>
