 -0.00253482496919654  0.01377847479185936  0.02619310843284418  0.03780885118768328
  0.04941494540777993  0.06169446554563691  0.07494977559685023  0.08871862261177554
  0.10182017235575885  0.11301268818336831  0.12274075053353420  0.13226802323375836
  0.14261795672866756  0.15460921857979168  0.16715318235498350  0.17977609248591239
  0.19278606035491472  0.20571421131562556  0.21669847065840653  0.22654196186645695
  0.23672201683020638  0.24749186991591737  0.25882130108523871  0.27048849813654180
  0.28225768675003421  0.29390995786525853  0.30572080207528318  0.31798545239685816
  0.32925923819374103  0.33953517938521227  0.34950145444168074  0.35954428615813228
  0.36917620894478903  0.37838844883620204  0.38746387219417944  0.39641117299244699
  0.40547900213450683  0.41517496223489903  0.42570707736534219  0.43665481150613733
  0.44709854096757662  0.45732849703229156  0.46650857188318839  0.47490524914900534
  0.48339567381717963  0.49153913541494521  0.50145051342442892  0.51154403241434310
  0.52201434487822962  0.53247368750163948  0.54313905726320966  0.55409715410208160
  0.56528865233780379  0.57588468226325729  0.58683381782208921  0.59819686962404806
  0.60933345844174192  0.62047425799313238  0.63121866033269947  0.64187295120777366
  0.65232316889253172  0.66349580200756864  0.67466888178036788  0.68534749934657668
  0.69262682882903948  0.70008862258138682  0.70755967237865347  0.71581868483641276
  0.72499770670710706  0.73467045989892876  0.74504167571174595  0.75632635765806067
  0.76746612459038310  0.77813045595383068  0.78870508100170023  0.79939737251815290
  0.80998139208018471  0.82036612574746537  0.83109997115388312  0.84163693506631709
  0.85202744124577379  0.86252552541761562  0.87284007957536880  0.88369116342153586
  0.89441718226680689  0.90530254738873195  0.91632412382416129  0.92691664270149721
  0.93597760999089763  0.94450839902611816  0.95316298425264456  0.96262911636139237
  0.97259928472174184  0.98233480955682295  0.99131532664275890  1.00000000000000000
  0.00000754614876705  0.00000779658580015  0.00000804149974846  0.00000829638553863
  0.00000854350913151  0.00000877674335445  0.00000902707874901  0.00000927628301167
  0.00000953788953615  0.00000980680568895  0.00001008898354507  0.00001039324389314
  0.00001078435783075  0.00001131205312363  0.00001184072117349  0.00001232563770392
  0.00001282855397058  0.00001336130531761  0.00001393295909287  0.00001455109280132
  0.00001521957287519  0.00001594142846115  0.00001673025320665  0.00001761938483565
  0.00001851593257415  0.00001949280520197  0.00002070064335797  0.00002186536964978
  0.00002319933034220  0.00002474846308854  0.00002646621675491  0.00002838246046694
  0.00003035607988991  0.00003265263330032  0.00003537569314737  0.00003861810772726
  0.00004218636573178  0.00004630577794478  0.00005096304101784  0.00005629246535863
  0.00006251403839410  0.00006903464814889  0.00007682754955089  0.00008612210485048
  0.00009721053866389  0.00010913697594498  0.00012173097519044  0.00013518113600846
  0.00015056555241562  0.00016694805383986  0.00018458913888674  0.00020341149533664
  0.00022328605889081  0.00024365679673687  0.00026552086282329  0.00028923227674458
  0.00031566458620456  0.00034425983803641  0.00037460460920760  0.00040458968670499
  0.00043679186339974  0.00047275703344643  0.00051271200531278  0.00055458464623229
  0.00059857485344591  0.00064848956710692  0.00069895783488875  0.00075438878738997
  0.00080975959007847  0.00086900433243544  0.00093373089383865  0.00099985185698605
  0.00107224671238587  0.00114972846974321  0.00122849492027311  0.00131272220422038
  0.00139428225696101  0.00147224229824324  0.00154860804366022  0.00162527370396156
  0.00171247728067804  0.00179776126451865  0.00195277015242756  0.00209851400760513
  0.00224590548325438  0.00240587544571054  0.00255574115571327  0.00269446792503342
  0.00287341497788237  0.00307799692274947  0.00332148901931250  0.00382761613361179
  0.00472395822691724  0.00651504338637875  0.01010320660513721  1.00000000000000000
  0.00000185682007241  0.00000202514760377  0.00000214457263639  0.00000221220028106
  0.00000228862688445  0.00000236095600064  0.00000242674017739  0.00000249332983155
  0.00000259456616064  0.00000269743278225  0.00000279990212803  0.00000289040575771
  0.00000297079567122  0.00000304813051590  0.00000313198446957  0.00000322218061627
  0.00000331841740307  0.00000342781622451  0.00000354277124433  0.00000364705565929
  0.00000375518218204  0.00000386398000776  0.00000397458370333  0.00000410279168867
  0.00000425830929424  0.00000442494467138  0.00000459851323888  0.00000478960221420
  0.00000501342490354  0.00000522252973045  0.00000544217316748  0.00000566659907531
  0.00000590085161901  0.00000613619766872  0.00000637718260026  0.00000663884376825
  0.00000692437569479  0.00000723346018834  0.00000753437429681  0.00000785170237831
  0.00000819068667849  0.00000854613748824  0.00000891391989681  0.00000929486842420
  0.00000969134010182  0.00001009786111548  0.00001056632651184  0.00001106634931559
  0.00001157985615110  0.00001210980332245  0.00001270056481317  0.00001333066105954
  0.00001398924976730  0.00001470161648873  0.00001546517124928  0.00001627410806883
  0.00001713213548660  0.00001811110981064  0.00001918199254534  0.00002035357508147
  0.00002155846470899  0.00002278276615429  0.00002422181515201  0.00002571543306062
  0.00002755246591208  0.00002955448938674  0.00003166009259128  0.00003381403646523
  0.00003598773185251  0.00003832910500608  0.00004104223697157  0.00004431547771139
  0.00004816298507427  0.00005228125798385  0.00005700062357929  0.00006240666621535
  0.00006855656360111  0.00007566055610538  0.00008372984602184  0.00009341366013690
  0.00010501052974055  0.00011909657704048  0.00013722266362742  0.00015994555002136
  0.00018664868041949  0.00022125331393271  0.00026816028464023  0.00033152188524355
  0.00042029843535352  0.00057626658273397  0.00078079035114618  0.00104936486935776
  0.00147916669137043  0.00284576827386994  0.03878155282846237  1.00000000000000000
  0.00000229796533124  0.00000319150286887  0.00000387301990265  0.00000443459604658
  0.00000490181148990  0.00000528377598763  0.00000562051510853  0.00000593495546965
  0.00000625382520228  0.00000661760518942  0.00000701225310276  0.00000741333551140
  0.00000783671242821  0.00000826899266373  0.00000870606884856  0.00000918063707560
  0.00000971235062960  0.00001025522263331  0.00001079120698094  0.00001133209803125
  0.00001188930699174  0.00001249494661784  0.00001310416178374  0.00001369795436001
  0.00001430664263850  0.00001494170331324  0.00001557767783834  0.00001619662293825
  0.00001685273823029  0.00001755349813969  0.00001829063739973  0.00001908485906222
  0.00001994575266131  0.00002084539565725  0.00002181757911400  0.00002287358158599
  0.00002401603060476  0.00002518996453404  0.00002637431017944  0.00002773889584579
  0.00002911872087765  0.00003056618176325  0.00003204773235323  0.00003362631192868
  0.00003532239864121  0.00003713158154396  0.00003936373619528  0.00004162974414298
  0.00004387898441006  0.00004616968936839  0.00004859532644720  0.00005123834370604
  0.00005426799124918  0.00005756863313479  0.00006109547181864  0.00006491795150394
  0.00006912916430608  0.00007372324797572  0.00007858124088486  0.00008399089046552
  0.00008998910351973  0.00009645219195680  0.00010355323944305  0.00011085175502312
  0.00011897547514627  0.00012716555528294  0.00013587259947982  0.00014531132854753
  0.00015610924981492  0.00016873879926330  0.00018285028508940  0.00019834039045046
  0.00021496763511872  0.00023263633558573  0.00025193619825784  0.00027362173246865
  0.00029825107649098  0.00032607609960002  0.00035735339330811  0.00039543488284588
  0.00044325013954676  0.00049736756215825  0.00055072153506713  0.00061166123601544
  0.00068696671535365  0.00078939353266783  0.00090532149325918  0.00104791376356166
  0.00122144305363075  0.00143880900574361  0.00169241823482444  0.00221961386038334
  0.00342019489053254  0.00482361744518210  0.01987113358658056  1.00000000000000000
 -0.00240880495721654  0.00819122833967224  0.01829928366051169  0.02690360493867446
  0.03587747323649803  0.04553499670896655  0.05600312017808214  0.06862228275364353
  0.08167084886881380  0.09331266569215416  0.10379774180724619  0.11359639504848046
  0.12322857905677921  0.13349573940124954  0.14458783113895649  0.15579915765857491
  0.16709442950408579  0.17777301523100777  0.18787277054907470  0.19808057512785723
  0.20892451817033389  0.22077440662587897  0.23279726625243055  0.24488019144584960
  0.25684268555518874  0.26861683243173029  0.28036847020406785  0.29237665702585558
  0.30474714135054776  0.31706077667835453  0.32934831822188099  0.34056903725902121
  0.35186854316976773  0.36325442486006926  0.37436219548992267  0.38539864649387162
  0.39725480731603624  0.40947581549078760  0.42099840253333637  0.43210222690995170
  0.44271802296455098  0.45295543432848223  0.46339325243536050  0.47422633552635568
  0.48510279389647026  0.49579049714998497  0.50858358360573452  0.51884648089550767
  0.52869936088966574  0.53829165874656404  0.54873657829433087  0.55992349300418565
  0.57049252568423536  0.58118090230214703  0.59214903474933334  0.60304245608064011
  0.61370844903318822  0.62446107946154239  0.63493342406283393  0.64519602025923473
  0.65565579655596096  0.66647879713204272  0.67686127510809180  0.68782497075363092
  0.69915728378508268  0.71038835961538083  0.72108286426155754  0.73092059014508448
  0.74045253094013785  0.75041949096559990  0.76102241074666943  0.77165961387168014
  0.78207278712847861  0.79274766299992927  0.80384819409050745  0.81472192746317085
  0.82477827739094955  0.83451032684872883  0.84364931568554469  0.85297522047384988
  0.86258943082140649  0.87232115640281482  0.88205947551819619  0.89195895686893689
  0.90232505553995712  0.91282724320700004  0.92288309482450326  0.93234999465914548
  0.94153031522060648  0.95078238198495879  0.95957625793617962  0.96795618869516997
  0.97601249060716444  0.98389964076952519  0.99191156718356221  1.00000000000000000
 -0.00232518540501004  0.00862252045537989  0.01863266319395710  0.02705464636780969
  0.03483198091168013  0.04244740551148116  0.05058351042716517  0.05839578224542763
  0.06821732729998928  0.07842364391949283  0.09026459813993157  0.10321058719369008
  0.11542964986083225  0.12707122073750721  0.13887120359867855  0.15188548480320921
  0.16514884531412810  0.17832794431854856  0.19056178073661278  0.20290025311893298
  0.21535095971734194  0.22790144346938548  0.23948978153095460  0.25083189604457662
  0.26327303789367079  0.27659868880408445  0.28971052157405475  0.30250546302690490
  0.31278850208301928  0.32221395010482745  0.33117282391073000  0.34073676805707337
  0.35118449318136469  0.36200812939840005  0.37289767767505072  0.38394364208645437
  0.39497627487589365  0.40633075054586498  0.41802659572258472  0.42960192325553431
  0.44067394545425603  0.45105027335441189  0.46091711727833240  0.47050162627579378
  0.47980874027711357  0.48969762090630647  0.50011613974802771  0.51025060445716441
  0.51939843171689637  0.52823596023168651  0.53665369803325214  0.54558912701698647
  0.55562291376525719  0.56684107255024785  0.57873179207297132  0.58908332833855981
  0.59877883019133304  0.60832086785027029  0.61827516350095191  0.62954665531849685
  0.64085920687319298  0.65238535456826252  0.66399319182366845  0.67461291304316073
  0.68494016794708368  0.69497474926598113  0.70538619086433896  0.71615063501884757
  0.72704376767939938  0.73795293576567222  0.74879886209956814  0.75978331531331467
  0.77036521055505847  0.78084986193099115  0.79106629760134484  0.80129577139978769
  0.81179435812422118  0.82179875212725828  0.83076154925869505  0.83936731370878648
  0.84868770987358455  0.85899210116952218  0.86939507624608225  0.87988629905545879
  0.89131936806808409  0.90168453928008563  0.91144578353032646  0.92095957791931116
  0.93018974800528442  0.93929017240297341  0.94798811653251658  0.95728968706942963
  0.96710304283535375  0.97831955764601086  0.98886690777545150  1.00000000000000000
 -0.00271188224222331  0.01083458636459666  0.02178573089873222  0.03290642912484474
  0.04370094725557020  0.05429363490365016  0.06457405865624474  0.07534798082238382
  0.08638006453268003  0.09712776541281318  0.10747263289025247  0.11758380921010286
  0.12686045722441269  0.13593383634222655  0.14490547557030198  0.15472404577928275
  0.16502138875678982  0.17493693191751206  0.18474215089903742  0.19493815945452247
  0.20668133813694600  0.21824098801841779  0.22896987743691427  0.23830541581120210
  0.24726497871024838  0.25629021295618332  0.26673137494832000  0.27836632068302575
  0.28948626441608155  0.29902719724265875  0.30833634101636070  0.31818153163646173
  0.32867845104171639  0.33962150850460066  0.35017057640787896  0.36073140099456091
  0.37147631405736803  0.38209782038536222  0.39274344466860184  0.40374401863832204
  0.41500064951782606  0.42551632700554209  0.43517467786488190  0.44436042405588355
  0.45352209827933981  0.46287650378199169  0.47212311521517952  0.48103418146499716
  0.49049274994426817  0.49921176498702297  0.50900874057455492  0.51918775124238170
  0.52892164349373871  0.53768556274921697  0.54619843681517133  0.55535077499012908
  0.56511959232592335  0.57463795744096047  0.58386387631601844  0.59331429612567965
  0.60325217935637454  0.61336994802904077  0.62351796634401235  0.63431923488043551
  0.64588357543196029  0.65734248873567847  0.66858863610427544  0.67943854349226118
  0.69103609178254866  0.70342231526715571  0.71578607693832386  0.72831351591749227
  0.74098325454078318  0.75343076080571514  0.76521529039477743  0.77676409766179721
  0.78796422154456969  0.79877414117081980  0.80950275857954657  0.82002919240126981
  0.83015436964047917  0.84029324552907458  0.85075528563654756  0.86156914985845967
  0.87216233126353782  0.88254368535335204  0.89330659626543829  0.90518264044657215
  0.91757409523843680  0.92956381463522642  0.94102751251168315  0.95254112531347479
  0.96443701810460758  0.97692844437454851  0.98862641038864840  1.00000000000000000
 -0.00010936917690160  0.00007501617064200  0.00028293201742319  0.00056168699739482
  0.00076819249877636  0.00091863293490714  0.00106510304525033  0.00121615030316170
  0.00137623380242373  0.00153782510654009  0.00170063486097241  0.00187158205926017
  0.00203521673323427  0.00219136497729732  0.00234416163057015  0.00249584932337188
  0.00265671623177121  0.00282025924065906  0.00299368786225857  0.00316714415474968
  0.00334062525284481  0.00351270392678950  0.00368913045607931  0.00388127159711539
  0.00408760217609268  0.00430319862158442  0.00452168526155363  0.00475731239694192
  0.00500058890118626  0.00524822377555341  0.00552623234570835  0.00574534859699176
  0.00596303790528738  0.00618437374012880  0.00636466428749018  0.00654875279855599
  0.00674712591518561  0.00694555344931919  0.00714404064788807  0.00739602409773946
  0.00767366488639679  0.00795862178110288  0.00825868962917373  0.00856652530213586
  0.00887488422340591  0.00917243699513524  0.00944947274300215  0.00979002206356426
  0.01010200487194484  0.01040185019871865  0.01067231342195248  0.01094583067852026
  0.01116883620893685  0.01140192977416403  0.01165093484123977  0.01194750761723261
  0.01234685461726509  0.01290034464753891  0.01336376843610672  0.01366511777725639
  0.01389730221694155  0.01412015879714230  0.01440647660595882  0.01477879759251901
  0.01507118459357227  0.01535904007520945  0.01557243744135436  0.01583282572119350
  0.01613474358056666  0.01647649624230998  0.01743905545098941  0.01892366436863388
  0.01934286128464345  0.01975662441575843  0.02014929428498960  0.02060673956361640
  0.02109936345504551  0.02163835991182214  0.02221614334566499  0.02259075798758075
  0.02296243342404255  0.02401735531617854  0.02431766372299693  0.02461413559489662
  0.02506317246210547  0.02556842264117095  0.02646928749234551  0.02793031978946588
  0.02955185943967293  0.03084830433183022  0.03189994161326396  0.03376470395638396
  0.03454965350642192  0.04922850041377588  0.45449818191105429  1.00000000000000000
 -0.00234177839357703  0.00973261498897876  0.02017245224927683  0.03042438299635546
  0.04149063934737521  0.05286058257398006  0.06432017361702648  0.07534064609314822
  0.08634793487847721  0.09672619906623134  0.10612413065084270  0.11478491779502548
  0.12367446056732163  0.13322367126459753  0.14342175803188292  0.15444037805521635
  0.16589021106093069  0.17684911915957766  0.18741198890946517  0.19813838445135251
  0.21017685154917687  0.22256614370108696  0.23364949347731789  0.24351396368784312
  0.25324224895150105  0.26366768055638862  0.27569603780912788  0.28739427000972589
  0.29855577856096283  0.30887894791450571  0.31895396239586182  0.32909028088713671
  0.33983401372125982  0.35079515657640453  0.36120921448236415  0.37156209029584097
  0.38318828532561611  0.39573733538678352  0.40716096866653995  0.41693155342095539
  0.42551708061520527  0.43357925870369601  0.44176704228209029  0.45056311492228907
  0.46033999016427751  0.47079394405613079  0.48137145587810765  0.49198633602570213
  0.50295318027587277  0.51392925632542463  0.52522936698083600  0.53653166053849977
  0.54796164730548680  0.55894526546635837  0.56922952068317434  0.57963549581935880
  0.59052059453264927  0.60194361151270437  0.61285795193228387  0.62306168007729246
  0.63277308989336989  0.64242139609872739  0.65266378883238185  0.66355411250939833
  0.67489278683381382  0.68504118896343502  0.69414807177582938  0.70341837248665406
  0.71304048262798447  0.72377165998825732  0.73465525866499404  0.74505798864452366
  0.75609082289748764  0.76683988902976985  0.77682456930791988  0.78669232776757037
  0.79730279304085316  0.80861791524247006  0.81949672656546679  0.82995290878753658
  0.84029734737045092  0.85102053073297756  0.86238910345001119  0.87510730787447277
  0.88571674373650822  0.89555533273443888  0.90484028570073394  0.91517305346785982
  0.92560025394579803  0.93535621440211081  0.94499174284977994  0.95519370037777573
  0.96620156666229640  0.97745348021178680  0.98872134374342280  1.00000000000000000
 -0.00008667859365281  0.00015287222519605  0.00037420137247962  0.00054083977011091
  0.00069599069883959  0.00079284853810319  0.00089278134337125  0.00099680521036838
  0.00109974739853471  0.00120427782174249  0.00131739327181087  0.00142698326007889
  0.00153286080974210  0.00163492893833701  0.00173507278404955  0.00182630869193987
  0.00191437136913923  0.00200119406512826  0.00208725664665296  0.00217540119824719
  0.00226589472218355  0.00236515708254956  0.00247628035170989  0.00259383693601047
  0.00271457092582353  0.00284046846121402  0.00296166064372662  0.00307951930321326
  0.00319893455623675  0.00331844905796078  0.00343665309801237  0.00355557023536367
  0.00367620051940846  0.00379923053306432  0.00392571000028100  0.00405332110770553
  0.00418183937524481  0.00434975467195426  0.00454074958106097  0.00475941451058696
  0.00489367713510656  0.00501331977957871  0.00513109345748416  0.00524975332845606
  0.00537149667465406  0.00551406635860782  0.00568052120953542  0.00584472119876629
  0.00595819959536111  0.00606592963719502  0.00616954035406070  0.00627360569720397
  0.00637844785854593  0.00653283533565294  0.00671936462422592  0.00690679672464835
  0.00708215208430779  0.00726210025139517  0.00747549908180506  0.00769061243425723
  0.00785975374547093  0.00801820623888806  0.00818892398980118  0.00844609548785761
  0.00881233564508737  0.00915520681343427  0.00937498733878331  0.00956039586968769
  0.00977166000109759  0.01002090031853169  0.01029616317916357  0.01055432732121658
  0.01081897715826553  0.01110956876320221  0.01139540446612701  0.01169471843497137
  0.01198913689428822  0.01213745062572585  0.01228576435716348  0.01244296091538276
  0.01260060469216971  0.01278120577535855  0.01296739061609777  0.01363352021351775
  0.01614680862351558  0.01651763025990565  0.01684530079243420  0.01707817033481227
  0.01729489792152720  0.01748010515097271  0.01781084543563384  0.01792346779109315
  0.01802222529677289  0.01887676023971468  0.37912408477631138  1.00000000000000000
 -0.00237097519181818  0.00749508175324623  0.01729414271013129  0.02799766718908790
  0.03992010729259042  0.05173368332638514  0.06267742691923392  0.07281706707267982
  0.08216428584680538  0.09079916308455202  0.09915862083893856  0.10793916974286367
  0.11761236374501330  0.12805603467845347  0.13863857479877581  0.14854148569734135
  0.15753477647923206  0.16629729207927707  0.17491959400895551  0.18401343347828128
  0.19371086881022850  0.20430286149368021  0.21599083707028766  0.22822197273724507
  0.24068148061012973  0.25238310532384339  0.26327118997171911  0.27352502645697557
  0.28383851794303494  0.29427135375248853  0.30482156806542543  0.31562280490736427
  0.32639176184003305  0.33766002222420316  0.34906647205928537  0.36013438038431456
  0.37108063987823936  0.38153171645975587  0.39149495954443547  0.40124383905271438
  0.41148422208328811  0.42281725041839630  0.43274981411265084  0.44254742125160890
  0.45161973191207705  0.46165895879107327  0.47234584903135490  0.48324565370259387
  0.49377300039578875  0.50390485504300164  0.51369139047899137  0.52337583599531279
  0.53310924787636393  0.54403957458474095  0.55505275878340432  0.56612591873941187
  0.57737070480662589  0.58911446638626885  0.60024037936766250  0.61131919479580943
  0.62276671930057992  0.63464632351260297  0.64667823487518583  0.65848058903113471
  0.67055206764080533  0.68376362612269681  0.69684433976113125  0.70847695638274821
  0.71900696920071028  0.72869227269136105  0.73783109959908844  0.74705021654242787
  0.75667824408963658  0.76664093459043015  0.77665861810707759  0.78660613973532501
  0.79775612795639383  0.80900258717904350  0.82020234577364570  0.83080478606550145
  0.84243613031573983  0.85442461532933855  0.86564832961963745  0.87672161270007198
  0.88701148367068805  0.89682728256382405  0.90568210793092441  0.91495121670202872
  0.92484048520723749  0.93499536440944309  0.94483405183812175  0.95551737266427739
  0.96662602279549092  0.97787817614149575  0.98885358874416962  1.00000000000000000
  0.72856358115774378  0.75605944935370917  0.76245600189096152  0.76719511630281534
  0.77146916938019960  0.77586984679011484  0.78094153730367788  0.78546650338557533
  0.79017564982528610  0.79419811505434579  0.79837568939139913  0.80191125982212119
  0.80518991199227885  0.80838256702433986  0.81155282213890745  0.81473545485129728
  0.81797740826652166  0.82129632430170485  0.82492225973054845  0.82833476690530028
  0.83156906572546285  0.83456606446748738  0.83758636534795483  0.84064164637295280
  0.84377830114718466  0.84666334442303048  0.84935268070245629  0.85199034978809018
  0.85467029861288280  0.85731760487965625  0.86001493314425059  0.86276864362034511
  0.86558902052619757  0.86840733116597646  0.87116580441951208  0.87391322855427778
  0.87655817166988170  0.87901805127236676  0.88140787718292657  0.88369241687060174
  0.88607085967334687  0.88854629219245818  0.89114484995535959  0.89393126923926403
  0.89642010988597443  0.89882295435344717  0.90131563853465591  0.90391926005821188
  0.90639134949487365  0.90858328033307190  0.91060298155514730  0.91269486650729770
  0.91478027933726880  0.91708617105369583  0.91939515209535183  0.92178050018606761
  0.92401318702963642  0.92612854942476730  0.92810114344409089  0.93007229331128205
  0.93198998850281600  0.93398785631815562  0.93606205313225932  0.93820300885245433
  0.94034881030648054  0.94241812431417071  0.94448510003547459  0.94642420509158909
  0.94842333678488899  0.95044332473020143  0.95247425069769120  0.95447713391818312
  0.95642496704706326  0.95839484510597561  0.96032355062686048  0.96217543603646827
  0.96401453355111311  0.96591621518181137  0.96791306782907138  0.96997341133521531
  0.97197412014771600  0.97388499791118477  0.97569957965322962  0.97743948934813885
  0.97917911079542819  0.98103300244090041  0.98271195292334856  0.98431203684255464
  0.98586090192377995  0.98741311475624660  0.98907139920377518  0.99090047965463224
  0.99286320891416380  0.99488937172728986  0.99726849114451666  1.00000000000000000
 -0.01611802045613900  0.11975078717135311  0.16582181646790306  0.19574692175905969
  0.22030625047320881  0.24140624172290626  0.26085342938313733  0.27878951561243720
  0.29458405500232210  0.30878502221508142  0.32227610768577947  0.33484736404674553
  0.34667296789749780  0.35803227560161899  0.36873008519256034  0.37877041974356979
  0.38829782478484420  0.39782077608730099  0.40739547894020584  0.41659341587934517
  0.42569653315950584  0.43486798481839317  0.44381125253444298  0.45235005789135585
  0.46059551379103114  0.46887417513921292  0.47722458159650816  0.48531635944200813
  0.49313280391745062  0.50064513819168810  0.50781301873850326  0.51498294549623713
  0.52249407727406960  0.53014886392259375  0.53765411503945593  0.54468235316201186
  0.55084825646690494  0.55649017790909072  0.56199627624214932  0.56764923487517427
  0.57345068453501746  0.57950042650106581  0.58555683894139376  0.59129292032248182
  0.59697596207555637  0.60255675677968734  0.60844345196227945  0.61472843446113812
  0.62079132678301652  0.62660800000152739  0.63256467448811959  0.63848061190804306
  0.64458834238281892  0.65037862618338593  0.65578383883810931  0.66099146384463459
  0.66614643348889990  0.67143278712347942  0.67683011642009250  0.68169975132720650
  0.68687303462957505  0.69200705287372677  0.69744502071041792  0.70327046482266908
  0.70932814000808520  0.71554893245154094  0.72219470725492418  0.72878785990188122
  0.73505688346677167  0.74129848439022816  0.74781308922698586  0.75438302987337968
  0.76080485881643145  0.76647652541890732  0.77154762298873292  0.77648055552141393
  0.78194468647509074  0.78768348747652916  0.79274212262898536  0.79755716012741107
  0.80225109514197468  0.80684278705965096  0.81139344442285211  0.81578167690791825
  0.82056270567492562  0.82625780292229001  0.83258145561715280  0.83934417654604343
  0.84720005078681460  0.85601442293318064  0.86583257327923202  0.87792327488109434
  0.89133076432330194  0.90363481644442112  0.94389799849076628  1.00000000000000000
   3.3311215972032410E-006  -1.0000000000000000     
 F F F F F F F F F F F F F F F F F F F F F F F F F F F F F F F F F F F F F F F F F F F F F F F F F F F F F F F F F F F F F F F F F F F F F F F F F F F F F F F F F F F F F F F F F F F F F F F F F F F F F F F F F F F F F F F F F F F F F F F F F F F F F F F F F F F F F F F F F F F F F F F F F F F F F F F F F F F F F F F F F F F F F F F F F F F F F F F F F F F F F F F F F F F F F F F F F F F F F F F F F F F F F F F F F F F F F F F F F F F F F F F F F F F F F F F F F F F F F F F F F F F F F F F F F F F F F F F F
  <DiscreteSampler_grid>
  grouped_processes
  1 # 1 for a reference and 2 for a running grid.
  10 # Attribute 'min_bin_probing_points' of the grid.
  1 # Attribute 'grid_mode' of the grid. 1=='default',2=='initialization'
  0.0000000000000000 # Attribute 'small_contrib_threshold' of the grid.
  0.5000000000000000 # Attribute 'damping_power' of the grid.
 # binID   n_entries weight   weight_sqr   abs_weight
    13   10   3.173162285285000E+000   6.394296241321344E+001   3.173162285285000E+000
    14   10   3.173162285284999E+000   6.394296241321344E+001   3.173162285284999E+000
    16   10   4.151479163267022E+000   1.092100321219962E+002   4.151479163267022E+000
    17   10   4.151479163267022E+000   1.092100321219962E+002   4.151479163267022E+000
    22   10   3.173162285285001E+000   6.394296241321350E+001   3.173162285285001E+000
    23   10   3.173162285284999E+000   6.394296241321340E+001   3.173162285284999E+000
    25   10   4.151479163267022E+000   1.092100321219962E+002   4.151479163267022E+000
    26   10   4.151479163267021E+000   1.092100321219962E+002   4.151479163267021E+000
    31   10   3.173162285285001E+000   6.394296241321350E+001   3.173162285285001E+000
    32   10   3.173162285284999E+000   6.394296241321344E+001   3.173162285284999E+000
    34   10   4.151479163267023E+000   1.092100321219963E+002   4.151479163267023E+000
    35   10   4.151479163267022E+000   1.092100321219962E+002   4.151479163267022E+000
    40   10   3.173162285285001E+000   6.394296241321348E+001   3.173162285285001E+000
    41   10   3.173162285284999E+000   6.394296241321344E+001   3.173162285284999E+000
    43   10   4.151479163267020E+000   1.092100321219961E+002   4.151479163267020E+000
    44   10   4.151479163267020E+000   1.092100321219961E+002   4.151479163267020E+000
    49   10   3.173162285285001E+000   6.394296241321346E+001   3.173162285285001E+000
    50   10   3.173162285284999E+000   6.394296241321344E+001   3.173162285284999E+000
    52   10   4.151479163267022E+000   1.092100321219962E+002   4.151479163267022E+000
    53   10   4.151479163267021E+000   1.092100321219962E+002   4.151479163267021E+000
    58   10   3.173162285285001E+000   6.394296241321350E+001   3.173162285285001E+000
    59   10   3.173162285284996E+000   6.394296241321334E+001   3.173162285284996E+000
    61   10   4.151479163267023E+000   1.092100321219963E+002   4.151479163267023E+000
    62   10   4.151479163267021E+000   1.092100321219962E+002   4.151479163267021E+000
  </DiscreteSampler_grid>
