  0.00000139304845874  0.00000143140223479  0.00000146908093513  0.00000150745077011
  0.00000154593506632  0.00000158668001170  0.00000163336971337  0.00000168373189769
  0.00000173591860958  0.00000178951439894  0.00000184492475644  0.00000190434740326
  0.00000196159138778  0.00000201741709357  0.00000207385092908  0.00000213215046455
  0.00000219802182711  0.00000227143005706  0.00000234267653238  0.00000241272918573
  0.00000248727956203  0.00000257164153242  0.00000266265374992  0.00000275575539954
  0.00000284803268318  0.00000294137199312  0.00000303963558543  0.00000313738342780
  0.00000323774501927  0.00000333827383213  0.00000344089318513  0.00000355549388792
  0.00000367884929870  0.00000380452910336  0.00000393309305948  0.00000406330030386
  0.00000421951719689  0.00000437793226828  0.00000454590191377  0.00000472291067242
  0.00000491006232731  0.00000510040249872  0.00000529267511787  0.00000549181793313
  0.00000569940384979  0.00000593461685386  0.00000618001497132  0.00000644523432692
  0.00000672653245464  0.00000702011666297  0.00000732366145509  0.00000764491605305
  0.00000801081530466  0.00000838034810702  0.00000876712885683  0.00000921458616008
  0.00000971043543006  0.00001024533527354  0.00001084709667179  0.00001145016383821
  0.00001210444256526  0.00001281944880516  0.00001353997066902  0.00001440833462024
  0.00001521970936706  0.00001606736346106  0.00001701904946734  0.00001807194862619
  0.00001935391054127  0.00002094978202434  0.00002276847879285  0.00002485009540946
  0.00002727307745425  0.00003020076452046  0.00003342676561290  0.00003656653118742
  0.00004004784428958  0.00004425296519771  0.00004992035613316  0.00005676627053888
  0.00006476310706271  0.00007400083526385  0.00008531682716047  0.00009934807433066
  0.00011687216284894  0.00014009955272863  0.00017113905039921  0.00021988105869262
  0.00028497819606061  0.00039064066667891  0.00061373042056506  0.00110365108453923
  0.00235409128178733  0.00542743314323927  0.06323383358834078  1.00000000000000000
 -0.00336131558309108  0.01696728342298372  0.03202378412485084  0.04487120515755345
  0.05713349999525580  0.06932908599376410  0.08189447639778383  0.09360935989547069
  0.10438097517793017  0.11534838894408486  0.12697182838830204  0.13954156028076975
  0.15175686020017065  0.16321003570791495  0.17421640870744076  0.18520803107165085
  0.19618327706397876  0.20702728683692068  0.21774921420739085  0.22817385778135293
  0.23840403357164847  0.24840880381056785  0.25827400211944151  0.26854785737587711
  0.27896613636501078  0.28938499300115644  0.29976435709455723  0.31015780673835380
  0.32105465227465246  0.33219265352504312  0.34291135543114415  0.35315855588079031
  0.36309512483024614  0.37346249083258137  0.38373175417723626  0.39379004383454841
  0.40387984552241679  0.41419600280881319  0.42471075631352090  0.43526617683162649
  0.44574868151801200  0.45632171895963297  0.46682494329021146  0.47676808411492516
  0.48632866935799046  0.49539805140117521  0.50486590164694667  0.51503669793338491
  0.52607163296046378  0.53761372093044812  0.54832791143862813  0.55843088394763174
  0.56873547448258577  0.57984839254323806  0.59139289749179602  0.60276709322928823
  0.61390280997302948  0.62487437902852250  0.63563994220307807  0.64674029293141411
  0.65748549399307710  0.66779865168453767  0.67830119163758928  0.68973128286656005
  0.70195881801646798  0.71361462591793567  0.72459321190694737  0.73520848643111258
  0.74634604734370658  0.75755956575844297  0.76861925875198300  0.77909678643833002
  0.78978087762280147  0.80087990172641987  0.81181743520767269  0.82221976338417835
  0.83274678054016005  0.84404257624595791  0.85514259615618171  0.86488018486256513
  0.87371611781322245  0.88233119853751030  0.89083870524160191  0.89975983296074002
  0.90925108998488402  0.91879269683094900  0.92875827206001738  0.93917313560452886
  0.94912576885080169  0.95842782404399285  0.96748962402703353  0.97645459132114165
  0.98401609782226851  0.99010177281855560  0.99522567839987852  1.00000000000000000
  0.00000183456961682  0.00000207905999006  0.00000216171198233  0.00000225374694727
  0.00000234244723429  0.00000242884496411  0.00000251281637925  0.00000263403298739
  0.00000277243432901  0.00000292229154698  0.00000309632457415  0.00000327970208895
  0.00000346864649408  0.00000367204658934  0.00000389068511514  0.00000408392889568
  0.00000428219849790  0.00000449116493737  0.00000471610723685  0.00000497027413509
  0.00000525043403319  0.00000553612945546  0.00000585675022259  0.00000616360393542
  0.00000652116491958  0.00000693057674166  0.00000738052040627  0.00000785184723659
  0.00000832387485443  0.00000877815227457  0.00000922143770755  0.00000968921692284
  0.00001014878016911  0.00001061440836353  0.00001122273660011  0.00001188864568127
  0.00001262096085038  0.00001341933962282  0.00001425831914734  0.00001513193546283
  0.00001608217504906  0.00001710673153596  0.00001820241998322  0.00001935635951483
  0.00002055156370760  0.00002178387549184  0.00002308792895317  0.00002451323291281
  0.00002605560542972  0.00002773698879763  0.00002957414970530  0.00003157754427194
  0.00003370219760755  0.00003591713381218  0.00003836088995565  0.00004083513586750
  0.00004359529475705  0.00004651776850852  0.00004979814356518  0.00005344999549081
  0.00005744913064994  0.00006191172478915  0.00006710121501391  0.00007319569794025
  0.00007995568143816  0.00008698959528955  0.00009432792613278  0.00010292797332156
  0.00011191412140654  0.00012221852379763  0.00013381723360527  0.00014868746365844
  0.00016557404188081  0.00018513260403480  0.00020725462056257  0.00023224411242671
  0.00026078414240448  0.00029628297241221  0.00033841665393306  0.00038762758752344
  0.00045165554978594  0.00053209965455957  0.00061598877894161  0.00072212496089812
  0.00082621046147150  0.00089559401712643  0.00097138004345926  0.00105841543223598
  0.00115959733000615  0.00143514911276227  0.00190810915806384  0.00286291147456340
  0.00428424240147961  0.00653442706920508  0.02090272903693963  1.00000000000000000
  0.00000257514934231  0.00000304888271394  0.00000349699660668  0.00000398169232973
  0.00000447586904043  0.00000497372365108  0.00000547537192234  0.00000599416609077
  0.00000652950015002  0.00000710033157266  0.00000766933955540  0.00000828650077334
  0.00000898016589032  0.00000966915684779  0.00001039890763783  0.00001120583275755
  0.00001209304435105  0.00001298326913668  0.00001389268343080  0.00001481430204773
  0.00001579348646176  0.00001677084045008  0.00001770951794815  0.00001867135927625
  0.00001968539012415  0.00002076358734655  0.00002226164042420  0.00002382719510824
  0.00002552218020322  0.00002730822689746  0.00002926483608051  0.00003151379894578
  0.00003396276815773  0.00003663144324601  0.00003947988764492  0.00004250215664795
  0.00004597427810288  0.00004990379774820  0.00005427941756943  0.00005889457310390
  0.00006371727934226  0.00006920746393595  0.00007516884037490  0.00008182765885673
  0.00008874814189044  0.00009678136904086  0.00010524007105489  0.00011379748273457
  0.00012295463093488  0.00013263177473885  0.00014342657579522  0.00015570395291088
  0.00017124909343119  0.00018810740273611  0.00020492162373050  0.00022295161368053
  0.00024172557858402  0.00026361533830719  0.00028613159419277  0.00031062676685878
  0.00033756736536363  0.00036225496200492  0.00038490903842449  0.00040935126624663
  0.00043589694848938  0.00046425881195333  0.00051462013587456  0.00056321607065575
  0.00061214745939496  0.00067077719294464  0.00073334891850121  0.00080735233651305
  0.00088249482971570  0.00097444408605702  0.00108213063828777  0.00121081139239034
  0.00134691264571256  0.00149341836440293  0.00168986698190821  0.00189549768157416
  0.00213273265904924  0.00240665747420141  0.00271387145376076  0.00303247859185682
  0.00342461272958790  0.00391389686912150  0.00447368578530978  0.00474966264993001
  0.00502043320253201  0.00529111668493556  0.00561481830099247  0.00619483969061073
  0.00671766083069883  0.00750343168430060  0.06805498396631154  1.00000000000000000
 -0.00200732867663460  0.00790801974178071  0.01398524891586521  0.01990648779857538
  0.02604898151106417  0.03219131995696696  0.03797496273490029  0.04677429728988583
  0.05500833121988208  0.06311057241704369  0.07096638649567771  0.07896245607333033
  0.08745473265183365  0.09628334157307167  0.10540282895202076  0.11409228248008826
  0.12283799951949730  0.13199951947447397  0.14099001976562828  0.14973639274626716
  0.15828235709040878  0.16726324016143496  0.17677495933987281  0.18633557833226314
  0.19634626816399620  0.20665407728924773  0.21727994117052168  0.22817332014403310
  0.23853995441963693  0.24631427773738013  0.25405727238707954  0.26215585318006546
  0.27169382474439352  0.28333582025938431  0.29483685434606483  0.30650267321261004
  0.31956729128362693  0.33290206498341907  0.34647976686546428  0.36024405528759845
  0.37469124252663227  0.38868662985919389  0.40184302861585053  0.41504734479052735
  0.42910290381338706  0.44393989071921880  0.45931553188682644  0.47509236807125182
  0.49092102484475447  0.50576077737465708  0.51907393193939111  0.53226200308244020
  0.54536955471426485  0.55876360655523072  0.57358288803716539  0.58919865910226865
  0.60510528416039655  0.62176322085903468  0.63726979189824806  0.65187399469115459
  0.66617414949842868  0.68033959416648038  0.69370890120638384  0.70700208440558909
  0.72025877489605850  0.73287362658628485  0.74429486353998775  0.75553816714080457
  0.76646680295587488  0.77704637612272776  0.78655003264039913  0.79658529844565729
  0.80685546020118437  0.81706542116318326  0.82779662485651107  0.83840117913629653
  0.84840834322749925  0.85831196123323139  0.86708408604978671  0.87601234601425426
  0.88389168878198687  0.89225185928886663  0.90016197193867153  0.90846342558135851
  0.91648099521211945  0.92415014117415251  0.93165396165277725  0.93924295110144651
  0.94700794329874260  0.95491995805473873  0.96301318067437869  0.97112299369377375
  0.97921603492258169  0.98634135569620485  0.99326008932716736  1.00000000000000000
 -0.00277324092186646  0.01100498761571925  0.02166401405461651  0.03292299099843866
  0.04432474660534919  0.05547231567003767  0.06613337825299746  0.07660642746178642
  0.08755981950744463  0.09885182357388178  0.10976440766533849  0.12003626966706589
  0.13032696312183509  0.14052608918000159  0.15100688131978310  0.16128088137781169
  0.17188105084138586  0.18288627470546986  0.19370877800209085  0.20428293775951667
  0.21450149726576934  0.22407134047582294  0.23173609956066327  0.24051521691451808
  0.24929342116416453  0.25995788770285017  0.27356609131842541  0.28776026041167801
  0.30174413642220194  0.31478961724509502  0.32676411460986871  0.33798064794252264
  0.34850722382018068  0.35880786433004191  0.36919967095198530  0.37872819207750025
  0.38792429282532642  0.39700409245935692  0.40673971296570532  0.41862138224826595
  0.42902407495818445  0.43882682366497194  0.44868673219944255  0.45850231659813162
  0.46841704079818486  0.47888365761111185  0.49018998136637121  0.50158068425606550
  0.51242881378001215  0.52341558369989205  0.53338711523987892  0.54370435943631956
  0.55334301129905294  0.56276449694457731  0.57174477004913193  0.58035776522822924
  0.58936452619688917  0.59905006739537581  0.60876223903332283  0.61863885574381217
  0.62885157635714828  0.64012992489062281  0.65103251166654508  0.66217520734364610
  0.67281481062390991  0.68265457400378593  0.69342562331166846  0.70401514028456547
  0.71499723115221381  0.72595495613158290  0.73701670918818796  0.74788797079004188
  0.75906272526730889  0.76995556981333280  0.78073626923250794  0.79173245423769978
  0.80366797979959503  0.81560529897434142  0.82568598959961403  0.83523649646781850
  0.84534711922512873  0.85625322183822328  0.86643725643727720  0.87616663387922245
  0.88569366259104432  0.89513595575402216  0.90457390557784190  0.91470260025893835
  0.92527178153912093  0.93515286248224516  0.94465981502514007  0.95475545277220986
  0.96491645997218489  0.97554117020516706  0.98717018960705538  1.00000000000000000
 -0.00148654326450066  0.00855537796527280  0.01737479368200651  0.02677291122636112
  0.03620549444910039  0.04536247171383179  0.05486863543484336  0.06521293868049370
  0.07837062591789112  0.09105282737399928  0.10301779001635561  0.11488572765867518
  0.12591109460295369  0.13714559726352588  0.14864333747102387  0.16104206456683387
  0.17285591913544054  0.18327389472546823  0.19359371006361395  0.20355362646146516
  0.21452615364652025  0.22552965539043238  0.23678929301669099  0.24838190984784803
  0.26011863832021265  0.27185951326989011  0.28355431718328450  0.29554622981136414
  0.30839882180494810  0.32205785790274249  0.33511758789960866  0.34728049422026241
  0.35944102107048337  0.37204516802468823  0.38469467262443069  0.39692281603547891
  0.40966760376514860  0.42310450474115119  0.43727027892347259  0.45084440419186816
  0.46371098086981072  0.47584765297884513  0.48776521766474723  0.49954432514102864
  0.51191267789646944  0.52333973883224372  0.53468545103295839  0.54548085586678519
  0.55653225656274208  0.56747142902918168  0.57840428043767955  0.58881115829100605
  0.59897373837090839  0.60954674516735130  0.61995464874368411  0.62968764511458164
  0.63816751556537776  0.64690029545912198  0.65634190793686220  0.66695096810329646
  0.67763559387134153  0.68817697579195880  0.69920557420889817  0.70955989207210457
  0.71930394724919311  0.72913818885700166  0.74045580907191388  0.75129824201059159
  0.76169175574766279  0.77165095453593457  0.78229356465913225  0.79218850575083466
  0.80142318300337223  0.81055300129221330  0.81981961780790502  0.82728546696895111
  0.83445108711744875  0.84185965156027331  0.84941027332521657  0.85811016677507335
  0.86739205630107230  0.87632516249948245  0.88506954227076684  0.89392109040908629
  0.90298824762474472  0.91284036049921924  0.92199222617293530  0.93068886308711363
  0.93951264546367774  0.94866679499803275  0.95808582825944277  0.96719791636149677
  0.97579121605955776  0.98420529577711524  0.99222250105058052  1.00000000000000000
 -0.00232731243295355  0.01286290331709667  0.02427952297901010  0.03489017465438631
  0.04534006135474198  0.05491592818677003  0.06435580114280544  0.07391498276004216
  0.08382856517463043  0.09394686053343784  0.10445325046626118  0.11571312405645234
  0.12744684868572623  0.13904514264871312  0.15079131177416455  0.16294125812560475
  0.17502214050697334  0.18706316539134996  0.19930058647083293  0.21162243847782702
  0.22314867182461204  0.23455854836225332  0.24637185223899011  0.25748165866347494
  0.26740618486844875  0.27805118718801741  0.28991047620891242  0.30215179295819444
  0.31391359028859345  0.32491899930925416  0.33543225836651364  0.34560197652040353
  0.35582458323970362  0.36630797063304227  0.37648701765183024  0.38621435844753443
  0.39619183387439277  0.40711830198213389  0.41628525546015044  0.42416997183641181
  0.43200383150429483  0.43994301958082982  0.44976268809060571  0.46175792299967550
  0.47373547583800762  0.48578272509912440  0.49787632122704817  0.50968810038959977
  0.52151157226233813  0.53243374654400999  0.54337447480536005  0.55344077954119675
  0.56316775743485303  0.57277374840212913  0.58220254918829273  0.59183728887145681
  0.60187202850926580  0.61268135065279750  0.62420317801886116  0.63569437610973156
  0.64699112587439189  0.65739729233101052  0.66800007597590438  0.67853386751434430
  0.68916627126503649  0.69954276788283665  0.70984774618641733  0.71988257689655766
  0.73001660541601610  0.74071716171020541  0.75153756378706515  0.76224941461635221
  0.77329013506097666  0.78457775940366492  0.79537725816939409  0.80534898461831295
  0.81520937971189633  0.82562112158021816  0.83650340909414111  0.84747093364576676
  0.85858718634943065  0.86839652037431259  0.87585091945121185  0.88327699982760766
  0.89083513758408084  0.89782606124900377  0.90770768652780287  0.91735257861516273
  0.92719537214475589  0.93806633335637624  0.94900855903003090  0.95923936782497166
  0.96894713089134532  0.97935943142807658  0.98953204307004450  1.00000000000000000
 -0.00145912555129975  0.00726152585802318  0.01536646155101998  0.02445298201692297
  0.03386511179310903  0.04301469591298783  0.05203357935005781  0.06143221521313744
  0.07142927976299189  0.08200284523383153  0.09308505804360176  0.10435028035968724
  0.11563484836775685  0.12659845365968100  0.13748612603567029  0.14869041055189308
  0.16021016552979797  0.17172895165704680  0.18269519668241033  0.19300040345301536
  0.20271440926255760  0.21260265783231086  0.22309364486485889  0.23406126939828162
  0.24483555836516122  0.25519491177367393  0.26551451228212297  0.27565024912615471
  0.28599918828469362  0.29556315427776886  0.30522240814057255  0.31509938296056028
  0.32592616660558726  0.33694976027342882  0.34722670192463895  0.35708433826979080
  0.36703404532704287  0.37793331408036812  0.38912508653250932  0.40059621267564055
  0.41237017399366088  0.42310978356134454  0.43292968041648694  0.44240418652249913
  0.45177845026845320  0.46186104421304103  0.47131563476783128  0.48078998433991016
  0.49099392580145951  0.50257948046958589  0.51420377977852028  0.52472719335564311
  0.53416981575560007  0.54357359240244507  0.55297713383065050  0.56317763292260525
  0.57337429642048710  0.58364982092637996  0.59352337014798007  0.60311433980454743
  0.61392038151643691  0.62530976723522136  0.63706855836275345  0.64873419721893433
  0.66032526084096521  0.67157512124717544  0.68255833595773641  0.69369784413017954
  0.70454550092376000  0.71491092837946135  0.72491923881598963  0.73483142928321865
  0.74537473253846742  0.75652811395969299  0.76847077737220926  0.78049666715865107
  0.79221358185067137  0.80417431529968386  0.81631071353148710  0.82884075882319719
  0.84159428731377905  0.85407742419462684  0.86621918558986966  0.87783896711085929
  0.88957404845995236  0.90098146765372866  0.91217324634723873  0.92316561934901908
  0.93364049848015318  0.94401219371538581  0.95475068981496680  0.96662093775492530
  0.97742864639601668  0.98569767816864817  0.99297544746227895  1.00000000000000000
 -0.00008497511944753  0.00004705118581131  0.00024313867231760  0.00057024835094162
  0.00076709418734585  0.00090322356165968  0.00103929817015387  0.00117509616119763
  0.00131026090480011  0.00143085121874542  0.00154256368893327  0.00165786933732048
  0.00177147851385431  0.00188096235371824  0.00199013943640923  0.00209911501931659
  0.00221300609808620  0.00232861008362602  0.00244778906334959  0.00257097823127067
  0.00269581998083513  0.00281519549144353  0.00293276283053581  0.00304829765059553
  0.00316286210422029  0.00327782443637876  0.00341388012109364  0.00356065214266672
  0.00373131432545391  0.00389105318119869  0.00404555429693213  0.00421169660746895
  0.00437979051017352  0.00455049073535483  0.00473186533959792  0.00494063971942921
  0.00514917332679184  0.00536516074192051  0.00559439937460464  0.00580563964510162
  0.00602414974015923  0.00624673245203890  0.00645572770107722  0.00669162496199068
  0.00686416178440549  0.00702074224017411  0.00717280783700502  0.00732387383615708
  0.00747426813617056  0.00767193973854215  0.00788420853897993  0.00801200553451709
  0.00811071839678927  0.00819933296933397  0.00827945510457333  0.00835855970753168
  0.00843546577847821  0.00851237184942475  0.00864719671256471  0.00877622504229038
  0.00890853883289233  0.00905803872567030  0.00920316551135781  0.00934231757007132
  0.00947300976150509  0.00959761976099453  0.00972176351211347  0.00984134049581697
  0.00995580813720009  0.01009442534171358  0.01027121431038226  0.01052719294313474
  0.01078044106507220  0.01107458688730883  0.01141247633467285  0.01174580794517045
  0.01217817306052315  0.01264200172580236  0.01292692402209189  0.01314867959268247
  0.01337276507288247  0.01368887125691825  0.01410649217760161  0.01455026248830716
  0.01512703867023945  0.01582407512577675  0.01653725020544730  0.01752509000744108
  0.01973870242517234  0.02888794773404560  0.03070369855746216  0.03183544733373282
  0.03663276702246174  0.04659348648305141  0.15774078064721775  1.00000000000000000
 -0.00249850820675504  0.01052642678086139  0.02009170161601423  0.02965091958513153
  0.03975248132541998  0.05171107268823284  0.06413557347615015  0.07562994093007237
  0.08637834911391613  0.09673622541599690  0.10670473511133545  0.11600820843444493
  0.12523339183238968  0.13486165205614467  0.14495051173808934  0.15490384885507399
  0.16494820577283886  0.17497255803111747  0.18512642789083927  0.19547383044942776
  0.20573136415209259  0.21669694415879867  0.22782049076934743  0.23955228151638355
  0.25112679644536562  0.26232786575074840  0.27324734670037099  0.28405078595878841
  0.29469517288403635  0.30484562047725527  0.31479090475350824  0.32437648086088594
  0.33384817152603058  0.34343802232424647  0.35314393498831553  0.36356362085626054
  0.37532147431313373  0.38689710590558196  0.39633829255134378  0.40491091690196307
  0.41336859669267534  0.42116004446196698  0.43011222968394364  0.44209734014592217
  0.45543539114368531  0.46757249702519166  0.47939446532100921  0.49133536300073349
  0.50334631140862651  0.51313907380929324  0.52275480740843649  0.53168386386190047
  0.54082984071234097  0.55273823824381429  0.56499875765675511  0.57515414011351651
  0.58499025103262425  0.59577152436275804  0.60609747830224892  0.61649794849074324
  0.62689155043937217  0.63850427429363510  0.64950290783535225  0.66041184890641214
  0.67018339459337850  0.68036961556004338  0.69073063569382964  0.70128387266852099
  0.71180759661250703  0.72257635693656852  0.73345201774609481  0.74400570935621924
  0.75402853598226793  0.76439516305863753  0.77529527424410372  0.78654359210457558
  0.79785791255318417  0.80877332091901488  0.81898944909655469  0.82888140464480664
  0.83921332210757449  0.85024538745511602  0.86175214914654619  0.87300642454531352
  0.88456121125692777  0.89595504025028005  0.90691049801432400  0.91740807089547027
  0.92748699061894824  0.93758174242417736  0.94782102240556954  0.95844101314778107
  0.96887280539516962  0.97888680849304543  0.98928087191756009  1.00000000000000000
  0.17287992475669703  0.76157948136138687  0.76979317537963243  0.77490105755917560
  0.77954502515820245  0.78366312479246802  0.78744957573011931  0.79097818262291730
  0.79475722110083724  0.79901722925829533  0.80411747558195046  0.80924987230900491
  0.81317439751985554  0.81617473912127769  0.81893714504670356  0.82189057581537095
  0.82567985620202000  0.82878322777697055  0.83178808901906343  0.83441670636939391
  0.83730577002316953  0.84018741207294823  0.84315711233565072  0.84630453250874904
  0.84950158539743514  0.85258963397142640  0.85554051659228125  0.85840690584425938
  0.86128006827947989  0.86417681059836926  0.86696595486845385  0.86949481320716127
  0.87194280511779487  0.87439449970085037  0.87678489050825614  0.87914760668632319
  0.88141168071577924  0.88353399989518244  0.88563315101360307  0.88776246297791073
  0.88994396618126825  0.89217430120652508  0.89440772425645521  0.89662232704583777
  0.89901288443915339  0.90129178467875470  0.90354344555698773  0.90581559877347073
  0.90808794714064056  0.91034321078020319  0.91261178351624894  0.91499343202038030
  0.91737735640383122  0.91978856708095125  0.92205216298984261  0.92423269945774889
  0.92638108830435584  0.92853547662679714  0.93071925810931744  0.93293183845193350
  0.93519186336810078  0.93740251730861901  0.93959658632970200  0.94174191836159682
  0.94374567917615304  0.94572029622371967  0.94766749566708131  0.94952054350240578
  0.95127644696221103  0.95298718336381372  0.95465517860966909  0.95623560518112194
  0.95784406759431984  0.95958939937799170  0.96135741971018895  0.96314013671228005
  0.96491762882254783  0.96668181185352997  0.96844177868524972  0.97021161505431452
  0.97199741688276209  0.97379439147224534  0.97553777150254761  0.97731537619231734
  0.97911723633891157  0.98093527591791074  0.98281898705464465  0.98472064642732304
  0.98657984061339510  0.98843168200099207  0.99012156644139704  0.99171966513849230
  0.99338079939498658  0.99512289132256904  0.99701211739752083  1.00000000000000000
  0.00617838341449836  0.14434391039179251  0.18446815920937065  0.21084263603075853
  0.23140478430132563  0.24910198633341407  0.26558420370798136  0.28097155376061633
  0.29487042201294433  0.30732411261641773  0.31916845230827534  0.33086985642054462
  0.34260907191926221  0.35410326392811314  0.36600427322317713  0.37735102365250262
  0.38806360820251029  0.39814272136505724  0.40736530490058342  0.41624253462326005
  0.42455622488797096  0.43257139451507620  0.44041604214153351  0.44846997711162723
  0.45635892693725749  0.46397322632154575  0.47156574318118250  0.47929002034139184
  0.48687278937363465  0.49415910238375244  0.50125972218269477  0.50820205586446143
  0.51485464605031905  0.52145614340496571  0.52762646950225023  0.53281987014008925
  0.53725217843308659  0.54155454608791309  0.54602430142860670  0.55098095716870921
  0.55606301705301375  0.56206865840910358  0.56823174403518939  0.57459069014204156
  0.58088872507422251  0.58720174514663204  0.59372191217822168  0.60041959170298065
  0.60697422718080996  0.61306952056848396  0.61890264316930466  0.62459444706676737
  0.63008886836327049  0.63570806094327559  0.64132500967765638  0.64650685285547860
  0.65151175930736094  0.65658120243631235  0.66181991961637809  0.66745585264019047
  0.67332111838324138  0.67924566177914913  0.68498012697990518  0.69053236879262148
  0.69600482577738920  0.70135709290575499  0.70686717022260392  0.71222936418020366
  0.71760663009416137  0.72304874205215175  0.72837328426180836  0.73369558859881645
  0.73921000146341909  0.74479849893505601  0.75045112211869713  0.75595079375555319
  0.76122083834353882  0.76636534166520376  0.77195641116935421  0.77771292967631056
  0.78345704866487498  0.78917391216292387  0.79517055814818305  0.80172214299112121
  0.80893574605371332  0.81661871747474446  0.82451035521457772  0.83214912280337128
  0.83998791028228137  0.84857908993755626  0.85820549885572195  0.86917771172277325
  0.88230807346751727  0.89938320840735309  0.92811750727297582  1.00000000000000000
   6.7025158783025847E-006  -1.0000000000000000     
 F F F F F F F F F F F F F F F F F F F F F F F F F F F F F F F F F F F F F F F F F F F F F F F F F F F F F F F F F F F F F F F F F F F F F F F F F F F F F F F F F F F F F F F F F F F F F F F F F F F F F F F F F F F F F F F F F F F F F F F F F F F F F F F F F F F F F F F F F F F F F F F F F F F F F F F F F F F F F F F F F F F F F F F F F F F F F F F F F F F F F F F F F F F F F F F F F F F F F F F F F F F F F F F F F F F F F F F F F F F F F F F F F F F F F F F F F F F F F F F F F F F F F F F F F F F F F F F F
  <DiscreteSampler_grid>
  grouped_processes
  1 # 1 for a reference and 2 for a running grid.
  10 # Attribute 'min_bin_probing_points' of the grid.
  1 # Attribute 'grid_mode' of the grid. 1=='default',2=='initialization'
  0.0000000000000000 # Attribute 'small_contrib_threshold' of the grid.
  0.5000000000000000 # Attribute 'damping_power' of the grid.
 # binID   n_entries weight   weight_sqr   abs_weight
    13   10   8.380566697260694E-002   2.459451239868811E-002   8.380566697260694E-002
    14   10   8.380566697260702E-002   2.459451239868817E-002   8.380566697260702E-002
    16   10   1.073686021206838E-001   3.991328524843750E-002   1.073686021206838E-001
    17   10   1.073686021206840E-001   3.991328524843765E-002   1.073686021206840E-001
  </DiscreteSampler_grid>
