 -0.00245472161335741  0.01218555050162634  0.02373840109314742  0.03549990893357858
  0.04637001685730482  0.05734250207856777  0.06833843116620791  0.07936883613551875
  0.09059523451983878  0.10208456134368078  0.11343182542093924  0.12266432952083525
  0.13249495195810507  0.14182921791934910  0.15177970928176243  0.16240946796401795
  0.17305562550431686  0.18469829375487054  0.19542540847937775  0.20594292499439859
  0.21747968858109276  0.22980840157073842  0.24027450782756560  0.25042759966172679
  0.26065351115428981  0.27070792605840199  0.28076799660864882  0.29077704847406388
  0.30073346470914569  0.31066528971558555  0.32026921288787885  0.33027200158600561
  0.34040835014373805  0.35012705068403838  0.36008552748540706  0.37025851460799292
  0.38079205393659560  0.39187286042353819  0.40328092297627227  0.41514911105737351
  0.42685292546050407  0.43853996345428448  0.45014959792355114  0.46185880622637626
  0.47385047028839261  0.48605883745080330  0.49780579128303148  0.50886502483710272
  0.51987138242466202  0.53103392764286705  0.54193385181366793  0.55204647891322634
  0.56173032488942454  0.57181428550957525  0.58249424424151741  0.59289223669230895
  0.60263564855271479  0.61209002955127512  0.62245361501026797  0.63333188807380592
  0.64370659103360861  0.65430075556145439  0.66539036662346196  0.67673718429743313
  0.68815119802817426  0.70003247161842597  0.71253242099046254  0.72419379415670571
  0.73442216378415082  0.74437533902626507  0.75479709740436096  0.76644356557756854
  0.77659785224273603  0.78530080442669203  0.79411011282355826  0.80269081311821244
  0.81164948766458955  0.82075252367484719  0.83053327434344026  0.84063550217806782
  0.85083666042612904  0.86125254460315126  0.87231589937616005  0.88378867414381013
  0.89496616972343013  0.90588918332677659  0.91661774260993678  0.92739844361192181
  0.93722268156308641  0.94593626527943142  0.95421190229042574  0.96229043809661741
  0.97107668584940499  0.98083526134883481  0.99049392321039620  1.00000000000000000
  0.00003159543827952  0.00004383439998430  0.00005493633449769  0.00006876838293313
  0.00008271334893105  0.00009486074455016  0.00010560585222400  0.00011584627108903
  0.00012613120783493  0.00013640173338473  0.00014627192667610  0.00015588914590776
  0.00016569067407141  0.00017566947383787  0.00018592998083365  0.00019680027908925
  0.00020765655972216  0.00021832726337931  0.00022962075017400  0.00024137203550715
  0.00025326991100667  0.00026478665606529  0.00027582549110789  0.00028723196277915
  0.00029901905403013  0.00031108054885672  0.00032421324548425  0.00033857158208150
  0.00035377514686366  0.00036912794883335  0.00038459077044852  0.00039924957618389
  0.00041479967441649  0.00043113690250475  0.00044778820794611  0.00046780401212496
  0.00048784174718372  0.00050914081343348  0.00053004576161629  0.00055066153856036
  0.00057110605027418  0.00059108798861653  0.00061203368250591  0.00063407997043295
  0.00065788409434988  0.00068471573759472  0.00071249426283447  0.00074280158552713
  0.00077303517099721  0.00080408842684512  0.00083512033392484  0.00086686260223440
  0.00090323941578473  0.00094056471153864  0.00098135492969307  0.00102385201822235
  0.00107012287875292  0.00111839726384758  0.00116603054948626  0.00121052068577698
  0.00125381104078187  0.00130110507738331  0.00135434888137059  0.00141216432831043
  0.00146877916384662  0.00152977323620127  0.00159935560089879  0.00168028453727333
  0.00177483449204805  0.00187634421547635  0.00197340853545761  0.00206816306885686
  0.00216008970852210  0.00224626606969641  0.00231557967635824  0.00240086774626465
  0.00249682892356581  0.00259298733673429  0.00270304508944387  0.00281804052031249
  0.00295216161440405  0.00309106923308007  0.00326136512137116  0.00349257811115383
  0.00380372724130591  0.00431790060344418  0.00499364255588639  0.00543778802177505
  0.00580201442736546  0.00615487101999654  0.00650845471780801  0.00703376326244309
  0.00789135567085310  0.00979714943846187  0.10049379106602167  1.00000000000000000
  0.00000214931228901  0.00000225237806753  0.00000236510729314  0.00000249336213933
  0.00000263972526948  0.00000279664562814  0.00000296074194416  0.00000311355183055
  0.00000326274396646  0.00000341047291079  0.00000355657756262  0.00000369979533014
  0.00000383945990227  0.00000398700583869  0.00000413641362184  0.00000428256214307
  0.00000443386032577  0.00000458981008100  0.00000475285119036  0.00000492946228157
  0.00000512209060963  0.00000532453360775  0.00000553352048593  0.00000575069882180
  0.00000596921337403  0.00000618874653420  0.00000640841454791  0.00000665264568139
  0.00000690319099881  0.00000714238543286  0.00000738268212012  0.00000764513305976
  0.00000793888103564  0.00000825252908922  0.00000856672798803  0.00000888447588788
  0.00000921210660610  0.00000953708931887  0.00000985278144126  0.00001020819123803
  0.00001060529209107  0.00001104171277798  0.00001149618653104  0.00001195783115685
  0.00001245993658409  0.00001298911919177  0.00001353794660145  0.00001412383941890
  0.00001477702500398  0.00001544255334573  0.00001612262928019  0.00001682005328744
  0.00001753172997760  0.00001825082618258  0.00001899820733877  0.00001986534988313
  0.00002083525536804  0.00002181110261581  0.00002280187030300  0.00002393064792017
  0.00002512704795170  0.00002642738297780  0.00002788765370536  0.00002944913539492
  0.00003108794353620  0.00003299294599080  0.00003502301131575  0.00003720529308397
  0.00003958502468951  0.00004221870921355  0.00004516483156367  0.00004837551915317
  0.00005200118022487  0.00005581887770630  0.00006012451282117  0.00006477817992391
  0.00006977984785516  0.00007568732751544  0.00008329754404353  0.00009193926983904
  0.00010127736065545  0.00011255737571988  0.00012798616168383  0.00014696693217929
  0.00017113921190108  0.00020304275183104  0.00024412642731811  0.00030654954499167
  0.00039278482152466  0.00049786710740264  0.00067610711074175  0.00097374690105223
  0.00163089428765508  0.00268394858117511  0.11782605322616890  1.00000000000000000
  0.00000326758898467  0.00000396818383756  0.00000450676444986  0.00000503053045693
  0.00000552287586914  0.00000596888817956  0.00000639362623257  0.00000678015906412
  0.00000714127430112  0.00000753608068683  0.00000800417952836  0.00000846033293737
  0.00000892348337307  0.00000946244895105  0.00001004122870890  0.00001068337250661
  0.00001133302400834  0.00001196279887898  0.00001256793866018  0.00001321104970486
  0.00001383765907509  0.00001452241187231  0.00001528401065361  0.00001605718383067
  0.00001685652399673  0.00001767625965767  0.00001851028209125  0.00001936399711552
  0.00002027363817433  0.00002123738279599  0.00002218911840092  0.00002318707855728
  0.00002427749064495  0.00002542218817175  0.00002667978851503  0.00002802882144665
  0.00002934891040091  0.00003056790773862  0.00003206164019744  0.00003363139868037
  0.00003516102997156  0.00003688337092798  0.00003870595573670  0.00004060860542220
  0.00004260350646213  0.00004466046611279  0.00004686049233650  0.00004917316678358
  0.00005199105676640  0.00005528719309950  0.00005894026100680  0.00006296030058020
  0.00006711453941116  0.00007201446979288  0.00007721645539070  0.00008307138841539
  0.00008937847583015  0.00009615440870154  0.00010349931850468  0.00011132341709649
  0.00011980587906779  0.00012909605642416  0.00013909590102162  0.00015006934408648
  0.00016236971200574  0.00017492229350209  0.00018817902173432  0.00020223130186412
  0.00021859980947307  0.00023765683066314  0.00025886569544372  0.00028191268098261
  0.00030720259520771  0.00033801351950113  0.00037266067936274  0.00041186227232639
  0.00045537234610948  0.00050420735765466  0.00055916487237873  0.00061944301233170
  0.00068638222492151  0.00076295019440864  0.00085477614191207  0.00097002645441538
  0.00112712994507457  0.00134415173707178  0.00156102097467526  0.00177577204773970
  0.00202115612466232  0.00257994496060966  0.00377474461891801  0.00482954797558578
  0.00576846597083846  0.00754557492154156  0.09950979327746551  1.00000000000000000
 -0.00122549785442758  0.01344366860127514  0.02489609847809582  0.03720666176074572
  0.04896915482205697  0.06139526652053289  0.07263345767899833  0.08392335556133478
  0.09575477778320093  0.10810768817271961  0.11994179550316736  0.13095150526030314
  0.14166440871221425  0.15230826028440334  0.16310220863795799  0.17399407204688311
  0.18470041448626759  0.19609053592190834  0.20801585259592509  0.21974694756602522
  0.23131017090550765  0.24241940366661779  0.25333927580278132  0.26396243995099095
  0.27548940557932844  0.28807852825537961  0.30019761210605295  0.31199081873634327
  0.32316346584949668  0.33430402725879493  0.34550380567345629  0.35582123679995087
  0.36612679301507189  0.37600287978438740  0.38605274351802321  0.39537600335927403
  0.40460347731386032  0.41456681276792223  0.42548233685521192  0.43638765122074352
  0.44778352925332421  0.45933601150831138  0.47052703228824244  0.48084633769290147
  0.49122587265888740  0.50099623597283238  0.51012211496090654  0.51924054409803411
  0.52839349897361010  0.53735791301815261  0.54589318141274712  0.55421092404403849
  0.56355581561877000  0.57358345723802706  0.58359472289014891  0.59266891502837837
  0.60176079838236518  0.61078292484171604  0.62024339277964147  0.63055003324899794
  0.64138657768275720  0.65228382625843251  0.66305949913290385  0.67312475424221863
  0.68310649555518987  0.69341417255159388  0.70381016171064403  0.71401838405752549
  0.72407228046123728  0.73463180274279016  0.74604749045855845  0.75727175234614530
  0.76763658981945559  0.77744103499993111  0.78722284203106552  0.79765312645310038
  0.80878762700306484  0.82014665900540895  0.83101802539924807  0.84143978839825750
  0.85125038417794840  0.86105077179034195  0.87009798755890944  0.87792671241866294
  0.88586451489818463  0.89377773928770443  0.90338371387029781  0.91361627794285416
  0.92462281722425510  0.93609701716411475  0.94834855341380220  0.95962051903509704
  0.97009506761055830  0.98029335138310925  0.99031450876115334  1.00000000000000000
 -0.00162511706553051  0.00636249436167893  0.01435319148196508  0.02350771096703083
  0.03419652047914595  0.04429666773311097  0.05442114309045966  0.06438871580497646
  0.07581077882203172  0.08839423709731203  0.10170194124254137  0.11290354115373502
  0.12320937018355149  0.13355624900094706  0.14400338619990102  0.15356884158485970
  0.16205691470081585  0.17057971808024441  0.17956331356464944  0.18929338109809613
  0.20017982960978295  0.21113421665737914  0.22222857253940789  0.23315847304304319
  0.24382955157192485  0.25479207369847623  0.26597531283066883  0.27783334549281263
  0.28988237340438611  0.30176806032987158  0.31219390377352646  0.32169823789320601
  0.33150549223275322  0.34153771783764969  0.35220923013147437  0.36297766791772340
  0.37392691299978348  0.38501465337861535  0.39552629613599016  0.40585067910055339
  0.41632488207822665  0.42702135718646167  0.43731898956947129  0.44779545138145277
  0.45849462736183128  0.46973163749138347  0.48101334671312213  0.49206126556539892
  0.50252863143730442  0.51276644344841049  0.52252200479280531  0.53243778802267216
  0.54274515714172344  0.55392633874905328  0.56593702485353525  0.57772528487905350
  0.58905693919015956  0.59955495270102721  0.60956480017140946  0.61953317295911237
  0.63002449409978289  0.64115962398377291  0.65263198072659867  0.66430913552601811
  0.67609040540718401  0.68748237594536321  0.69838463050692334  0.70927997085691341
  0.72034167377229019  0.73127402716430112  0.74200335268899686  0.75277774426582522
  0.76329095381634471  0.77304149097839647  0.78215799421785592  0.79104546965974820
  0.80014588565206057  0.80945510511210395  0.81905284135459033  0.82870900299532668
  0.83824445617491772  0.84851954019033093  0.85948393738066298  0.87097698172959337
  0.88225918412142812  0.89347188540677769  0.90473731185077200  0.91592199569215249
  0.92711044121036323  0.93803297445999745  0.94798663034735309  0.95784486497645893
  0.96760393131599898  0.97777426153585645  0.98854956652583315  1.00000000000000000
 -0.00208397553603827  0.00827626869124014  0.01848109343451974  0.02894448540054199
  0.04015882086244076  0.05153124944129073  0.06273100079742028  0.07448524105960230
  0.08615129655590266  0.09828248906512030  0.11057820447095834  0.12260364571196028
  0.13420971556552619  0.14582409366391449  0.15748909998871302  0.16928989693132604
  0.18150452214467752  0.19449605557989644  0.20769170245921595  0.22027106484442668
  0.23229997984767509  0.24465395458072092  0.25742406400387097  0.26995713781721425
  0.28186518211526845  0.29464433099592535  0.30885601115760264  0.32245037144234345
  0.33498980868561884  0.34777209516186897  0.36106581628132528  0.37431189779056823
  0.38783794490350176  0.40110923087006256  0.41368100028795735  0.42593258107900467
  0.43670708244429596  0.44698248788498329  0.45702108946432879  0.46878174655478133
  0.48092479163984736  0.49305011501792589  0.50550248158062827  0.51789738623908999
  0.52992845367475727  0.54153174523821823  0.55320867823826836  0.56498075680353499
  0.57686319057783797  0.58884920897446646  0.60053973466059585  0.61166543372440529
  0.62288114012447715  0.63459950121556830  0.64652719100410072  0.65814201135557437
  0.66914342948912953  0.67968197283826981  0.69004829210270180  0.70049583494082224
  0.71121074117419181  0.72240988784577076  0.73378596676037577  0.74466774003524949
  0.75470889125132756  0.76409623371891366  0.77340322743223922  0.78254407634935352
  0.79191740477451333  0.80138667418319776  0.81055637272565273  0.81935553620604362
  0.82788274881251989  0.83661216779922576  0.84603999250557460  0.85565592152556591
  0.86497192602398787  0.87432969237985547  0.88427011974774061  0.89407727822919536
  0.90273855472739772  0.91092478430049550  0.91855809732869576  0.92639315669259692
  0.93454177603834176  0.94160762888771476  0.94766291073560749  0.95377117624041563
  0.95942343353674686  0.96548580981476351  0.97188790844439155  0.97795010749372924
  0.98381493787570495  0.98933865587303682  0.99464441117812907  1.00000000000000000
 -0.00207129962080066  0.00962673545328403  0.01846438795211847  0.02760054520034758
  0.03677054750183351  0.04647758241056606  0.05708544483851363  0.06805902308865830
  0.07859053307350253  0.08839374656760168  0.09730702374921843  0.10616045039623358
  0.11543845500607640  0.12493590603684174  0.13427522938529785  0.14344374785170930
  0.15355765212338091  0.16386871615896928  0.17408808811607895  0.18357176277629877
  0.19317740047849100  0.20287653376121606  0.21321499635444754  0.22462513306887713
  0.23612825112930133  0.24676704260868151  0.25715394027690180  0.26758276856261587
  0.27847414921578539  0.28974045092987216  0.30114293723279423  0.31278610053017475
  0.32432514617696234  0.33524445432953376  0.34596931249254970  0.35649468116119409
  0.36737329236643113  0.37858764322610600  0.39012746842502194  0.40197815865040937
  0.41352270016906773  0.42387245666076573  0.43350752919528923  0.44463186653044084
  0.45587890647302554  0.46691231903490593  0.47798506309415040  0.48913428070763088
  0.49954066515336520  0.50941682169639690  0.51932477625719553  0.52964476404712968
  0.54034979346208822  0.55078697553600964  0.56063369563600429  0.57064008906393415
  0.58087556597199597  0.59184508490679166  0.60332130895414171  0.61486775860095688
  0.62621072783179754  0.63692859802995594  0.64744101839847212  0.65807012000526810
  0.66813248710466377  0.67773112082360465  0.68725505019968791  0.69677619897746967
  0.70604493379812971  0.71510517795909134  0.72552638696849392  0.73750940875951621
  0.74921151334843328  0.76052764634035674  0.77135645642310879  0.78188257448108189
  0.79325336821113268  0.80442746206976978  0.81497045172738281  0.82435558764597638
  0.83380452608053945  0.84339513110975084  0.85275645788282195  0.86236376658367331
  0.87241373721336646  0.88344482773269373  0.89500563219508744  0.90674138777749413
  0.91894477909618910  0.93134485763341757  0.94459019683249512  0.95740217960456420
  0.96923018864712007  0.97977033221658949  0.99003360450931821  1.00000000000000000
 -0.00149561348930315  0.00749017174113012  0.01613483575338910  0.02537124672593837
  0.03568315528024692  0.04764075875211686  0.05973464556978626  0.07129915998395393
  0.08180911988261777  0.09367306268535674  0.10466865722456574  0.11537976974501429
  0.12525835383926257  0.13480998123897625  0.14481201647312181  0.15477375133919724
  0.16480396787056648  0.17502113453369494  0.18525489297897099  0.19570499571585939
  0.20631116443518824  0.21692978129901108  0.22793260753644512  0.23859892163021884
  0.24919314913956220  0.26027994164653101  0.27137707423835894  0.28292894078931252
  0.29424958390267703  0.30525093418945609  0.31582124236514342  0.32596857873975743
  0.33598445643281433  0.34593198918835044  0.35647831556350978  0.36720256697080950
  0.37791605408582374  0.38778804325603039  0.39623373437873560  0.40456515421491873
  0.41316076477184932  0.42346204177659474  0.43492804441576088  0.44672638741180903
  0.45869002180230195  0.47062728679569221  0.48231987693651535  0.49383691834105925
  0.50484432339295382  0.51510660403857189  0.52551109003531604  0.53613275150820827
  0.54711242056133425  0.55789616818668719  0.56789829615898224  0.57824264342176857
  0.58831491524052482  0.59836775981812096  0.60810259254020338  0.61743216669928103
  0.62667104551263375  0.63590793084918595  0.64585468951540170  0.65631707098547465
  0.66641287536028793  0.67602952493916468  0.68609889688555448  0.69748111367792354
  0.70949863723006912  0.72051974459708101  0.73137723581710090  0.74251886843218440
  0.75408893743481631  0.76533854728710438  0.77629154953014223  0.78621048060542809
  0.79645999372789977  0.80666925769190923  0.81805526767424097  0.82943425856969766
  0.83923109847267108  0.84870292722650875  0.85854751429179377  0.86890192297612978
  0.87929352612247047  0.88932796512057721  0.90028774865662564  0.91208886463622008
  0.92369203664705257  0.93528931846411623  0.94641345058320869  0.95710697642955567
  0.96735955349962988  0.97779505686613621  0.98894096778504881  1.00000000000000000
 -0.00003162646664410  0.00018469478434256  0.00045525364154312  0.00069957921272006
  0.00085128698113694  0.00100132927235988  0.00115341627857296  0.00130758944236317
  0.00146404488186887  0.00161153257892553  0.00175454167128931  0.00189425744861299
  0.00203128507174560  0.00216888669489814  0.00231283495363102  0.00245353682374235
  0.00259474214852325  0.00274086577087822  0.00289236803832625  0.00304257023795344
  0.00318884420288353  0.00334246166863918  0.00349905804601595  0.00365866884625846
  0.00383432969579781  0.00402500530190774  0.00422211291602602  0.00440566578752749
  0.00460224244136727  0.00479727790348388  0.00498354397833993  0.00515632368825289
  0.00532282127620427  0.00548356599234273  0.00564361557437723  0.00581267566868308
  0.00599447946105408  0.00618524070465526  0.00637624807354183  0.00659850179038745
  0.00683497750030853  0.00705129710563163  0.00726106964252791  0.00747832121907948
  0.00772368021166801  0.00799127513112510  0.00826514439098644  0.00853169338004180
  0.00877099012032658  0.00897124763660951  0.00916299567286875  0.00936173724175195
  0.00956373544579002  0.00969789890855200  0.00983206237131399  0.00994074336018131
  0.01004524522825961  0.01015029907457846  0.01025561559280533  0.01045787794088100
  0.01077804437591732  0.01109077838618509  0.01133397435866066  0.01156282468457527
  0.01181184434018928  0.01213667049812017  0.01247656979540556  0.01283866704891336
  0.01312635542935778  0.01357355269780905  0.01396704103422673  0.01442623378954056
  0.01478914040292169  0.01511375342767054  0.01547285409326163  0.01616872333349329
  0.01700541716666447  0.01764589153888891  0.01821543521558816  0.01875452320344023
  0.01928347554432856  0.01973350765948274  0.02009503711839733  0.02063312158781498
  0.02114507070998123  0.02287956233459837  0.02406393975005796  0.02587368228878627
  0.02822820398153701  0.02898331742505737  0.02994884061055823  0.03902933067826878
  0.04005195934583927  0.04347684395985302  0.15885822752403195  1.00000000000000000
 -0.00169684431889631  0.00747167447391241  0.01544723989436567  0.02449517141593005
  0.03354577412705331  0.04261071873669638  0.05122602254646195  0.05954563467283024
  0.06751908928030198  0.07575254557742803  0.08449325668167908  0.09344548504332140
  0.10266986048645753  0.11149927782491584  0.11987266100406817  0.12847166145864253
  0.13726177648650850  0.14657869681275754  0.15642026896347444  0.16638621255496047
  0.17579145043761299  0.18475974361494096  0.19378129681272610  0.20339818487431741
  0.21438575627570147  0.22637855670404100  0.23849243138254089  0.25009844734775799
  0.26153673856004561  0.27319622775109986  0.28530720294160206  0.29862646635087731
  0.31233831898668546  0.32547638189478051  0.33852105611687477  0.35149679624334312
  0.36492317240905442  0.37858563448631805  0.39175765398368334  0.40451254340693515
  0.41715404165314318  0.43032724580687604  0.44423251233661215  0.45897986373659383
  0.47512686974734103  0.49064246482477986  0.50486994551782893  0.51805139867861627
  0.53015160858912236  0.54246401188974791  0.55452600897527538  0.56734264067067552
  0.58031688450959273  0.59302808010886443  0.60520682830530836  0.61760282465485594
  0.63062157570248878  0.64368628221190149  0.65576417902188444  0.66706771494778061
  0.67806678407813248  0.68936495934911657  0.70018128320824780  0.71052504296749330
  0.72068821311708553  0.73161628420926816  0.74257503121769231  0.75333663192623346
  0.76413350227400201  0.77542054389369031  0.78645565989214883  0.79660934187981436
  0.80585853077650238  0.81421194726729307  0.82222216461529130  0.82991387939958317
  0.83725651319011973  0.84548748818212283  0.85390591824917816  0.86324153382374269
  0.87208486502453064  0.88066663189849215  0.88915649703464983  0.89764343591820361
  0.90577219489707339  0.91349720960082970  0.92162696985094894  0.93020348491036142
  0.93889884661326672  0.94749794426500422  0.95595772749183550  0.96431549068351896
  0.97283089041535620  0.98161097057402302  0.99065752089708170  1.00000000000000000
  0.75673289344088157  0.76068250575895724  0.77792496853373838  0.78882244774589361
  0.79389722063967805  0.79808208955752491  0.80172476809864490  0.80528725590539207
  0.80872379582546150  0.81209730168855998  0.81608445052507994  0.82032372763472294
  0.82436791112573715  0.82836915229205688  0.83228584378134918  0.83588827346519934
  0.83917730806956559  0.84240216164905446  0.84555786385470899  0.84879251126511945
  0.85199701223424085  0.85535824999122123  0.85876069621349482  0.86239065428254746
  0.86550614404257376  0.86858274810885505  0.87164126339226766  0.87469669665515326
  0.87746379791723628  0.88016102754034864  0.88277769890126445  0.88527253168632603
  0.88766688055393650  0.88998010119278848  0.89233584675034028  0.89480064769389855
  0.89712262793677533  0.89939704153734001  0.90153545285948378  0.90363012356723316
  0.90554188716801853  0.90739354323233212  0.90929294328635490  0.91134855442648000
  0.91354370192875867  0.91573254352230204  0.91780537776640769  0.91977347861021541
  0.92170753395289606  0.92359433793318513  0.92536574043937836  0.92712661883025982
  0.92889246908102774  0.93079747669079471  0.93268035371404345  0.93452807112652558
  0.93633511271577963  0.93814872308775255  0.93984769413063896  0.94145892974896650
  0.94299841165570586  0.94448221795922993  0.94603650243132786  0.94760077173619273
  0.94911141107860963  0.95047951782702855  0.95174244396807350  0.95294581690358093
  0.95415376455533629  0.95539615222934626  0.95672798040274187  0.95815640116389067
  0.95966065789177024  0.96120407971783417  0.96281644334906735  0.96447853306420550
  0.96613782492632716  0.96768509830265248  0.96917200533804493  0.97066490770003466
  0.97223037590918671  0.97389574184836925  0.97562484788878223  0.97737051497876148
  0.97907907508736736  0.98079484658220284  0.98248413019918079  0.98415928947116293
  0.98583978760574520  0.98747209978240191  0.98913769621186465  0.99087743418847851
  0.99277302965177461  0.99487583632369991  0.99728607809240000  1.00000000000000000
 -0.00905918074255070  0.06128998757366261  0.09308549669179107  0.11278502723507461
  0.12656159381785498  0.13894756636248132  0.15019634799811452  0.16022312111677578
  0.16894010194794973  0.17697023850870489  0.18478604327499334  0.19229531462250216
  0.19918129038625529  0.20611169167451004  0.21203262222001981  0.21805537846750625
  0.22384487059513841  0.22979570384212894  0.23621803481294745  0.24265750380832440
  0.24904675159830336  0.25523530875372652  0.26135014707428084  0.26746304848583957
  0.27349279491419398  0.27936133334781749  0.28505826577733046  0.29077712844560905
  0.29656759430616847  0.30250057231942018  0.30864265709632310  0.31459182728777857
  0.32027534630916105  0.32604071359804820  0.33153787062137552  0.33726726828720399
  0.34322098978964555  0.34907592264305504  0.35521011120949686  0.36082559208611631
  0.36640615261423909  0.37187939124329267  0.37714336913645796  0.38297716893193734
  0.38905476528587773  0.39523772343081554  0.40152607667239132  0.40750869527580402
  0.41307969465092442  0.41840917363084024  0.42383717868817911  0.42928603408025118
  0.43524547611935432  0.44141310251304666  0.44774661711780467  0.45429777576217478
  0.46078438890260132  0.46784615056067336  0.47474353609731113  0.48151521623633026
  0.48804664399796810  0.49458566568335810  0.50116846759050659  0.50785804520290989
  0.51468737783103125  0.52165110103780366  0.52896018667722444  0.53645899711113565
  0.54458676049911781  0.55322224864061842  0.56149290156298248  0.56946447811754497
  0.57772902918620783  0.58676782696976859  0.59620279748964733  0.60561928412291044
  0.61509395880399143  0.62462739678349433  0.63424348341322123  0.64385653564544576
  0.65355476554153435  0.66381272691245985  0.67446952142284078  0.68510564723986966
  0.69622634823722085  0.70753164807603086  0.72072908492048859  0.73465651643824637
  0.75022936065933443  0.76547071787920262  0.78114648244646390  0.80025465698857001
  0.82312628125518450  0.84783582433408844  0.88213287909897820  1.00000000000000000
   1.2859719611349020E-005  -1.0000000000000000     
 F F F F F F F F F F F F F F F F F F F F F F F F F F F F F F F F F F F F F F F F F F F F F F F F F F F F F F F F F F F F F F F F F F F F F F F F F F F F F F F F F F F F F F F F F F F F F F F F F F F F F F F F F F F F F F F F F F F F F F F F F F F F F F F F F F F F F F F F F F F F F F F F F F F F F F F F F F F F F F F F F F F F F F F F F F F F F F F F F F F F F F F F F F F F F F F F F F F F F F F F F F F F F F F F F F F F F F F F F F F F F F F F F F F F F F F F F F F F F F F F F F F F F F F F F F F F F F F F F F F F F F F F F F F F F F F F F F F F F F F F F F F F F F F F F F F F F F F F F F F F F F F F F F F F F F F F F F F F F F F F F F F F F F F F F F F F F F F F F F F F F F F F F F F F F F F F F F F F F F F F F F F F F F F F F F F F F F F F F F F F F F F F F F F F F F F F F F F F F F F F F F F F F F F F F F F F F F F F F F F F F F F F F F F F F F F F F F F F F F F F F F F F F F F F F F F F F F F F F F F F F F F F F F F F F F F F F F F F F F F F F F F F F F F F F F F F F F F F F F F F F F F F F F F F F F F F
  <DiscreteSampler_grid>
  grouped_processes
  1 # 1 for a reference and 2 for a running grid.
  10 # Attribute 'min_bin_probing_points' of the grid.
  1 # Attribute 'grid_mode' of the grid. 1=='default',2=='initialization'
  0.0000000000000000 # Attribute 'small_contrib_threshold' of the grid.
  0.5000000000000000 # Attribute 'damping_power' of the grid.
 # binID   n_entries weight   weight_sqr   abs_weight
    19   10   1.864950247394536E-002   1.712545487424399E-003   1.864950247394536E-002
    20   10   1.864950247394536E-002   1.712545487424399E-003   1.864950247394536E-002
    22   10   2.436843658601006E-002   2.865704300943331E-003   2.436843658601006E-002
    23   10   2.436843658601006E-002   2.865704300943330E-003   2.436843658601006E-002
    25   10   1.746909286763807E-002   1.229086066771990E-003   1.746909286763807E-002
    26   10   1.746909286763806E-002   1.229086066771990E-003   1.746909286763806E-002
    28   10   2.193559228271848E-002   1.966898811895032E-003   2.193559228271848E-002
    29   10   2.193559228271848E-002   1.966898811895031E-003   2.193559228271848E-002
    34   10   1.864950247394536E-002   1.712545487424399E-003   1.864950247394536E-002
    35   10   1.864950247394537E-002   1.712545487424401E-003   1.864950247394537E-002
    37   10   2.436843658601007E-002   2.865704300943332E-003   2.436843658601007E-002
    38   10   2.436843658601006E-002   2.865704300943332E-003   2.436843658601006E-002
    40   10   1.746909286763807E-002   1.229086066771990E-003   1.746909286763807E-002
    41   10   1.746909286763806E-002   1.229086066771990E-003   1.746909286763806E-002
    43   10   2.193559228271848E-002   1.966898811895033E-003   2.193559228271848E-002
    44   10   2.193559228271848E-002   1.966898811895030E-003   2.193559228271848E-002
  </DiscreteSampler_grid>
