  0.00000012205979686  0.00000021600119989  0.00000025472566749  0.00000029852583175
  0.00000036025669947  0.00000043468446297  0.00000052344815407  0.00000063521570520
  0.00000076658379801  0.00000090122469332  0.00000105582677690  0.00000124037406305
  0.00000145745167057  0.00000171795116348  0.00000203589618799  0.00000240975578224
  0.00000282253597982  0.00000328347659470  0.00000381335806422  0.00000441068756809
  0.00000502535554744  0.00000580918870535  0.00000672292629363  0.00000777315883611
  0.00000887875755653  0.00001011908151235  0.00001141008350657  0.00001287898062564
  0.00001458417407554  0.00001671896183161  0.00001924531463086  0.00002133852597775
  0.00002295865449277  0.00002468562032260  0.00002645844212580  0.00002839947608790
  0.00003049480597664  0.00003449488893672  0.00003882166267884  0.00004305866975725
  0.00004762831307105  0.00005292722871825  0.00005854681622156  0.00006549584348347
  0.00007337183299653  0.00008309242548529  0.00009428872322732  0.00010574060333960
  0.00011809451618480  0.00013114708214621  0.00014611276645690  0.00016032047112666
  0.00017565583049173  0.00019119733375887  0.00021192501240015  0.00023365975069395
  0.00025511567459790  0.00028016028831205  0.00030441607877033  0.00033195542412163
  0.00036274554398003  0.00039854194172210  0.00044219071089224  0.00049038882827393
  0.00054515838174448  0.00058739925768150  0.00063110418142059  0.00067593456503291
  0.00072635596409242  0.00079284337164041  0.00086285700936949  0.00094013297001356
  0.00104551929204340  0.00117196693657495  0.00128132847058678  0.00138202635797089
  0.00148675377066365  0.00159294565870243  0.00173345356155148  0.00191581335881340
  0.00212771254896810  0.00237604685660290  0.00268228048764112  0.00299380171754212
  0.00332902982735572  0.00361673252788307  0.00393029452838137  0.00431805582872586
  0.00525007588193283  0.00670573242450865  0.00826960043545863  0.01018533534990167
  0.01157210939367740  0.01286960021061921  0.03921858423906686  1.00000000000000000
  0.00000165218929591  0.00000176319192527  0.00000180727212982  0.00000185960599480
  0.00000192328503294  0.00000199615169265  0.00000207430658749  0.00000217264330125
  0.00000230228335452  0.00000243874562382  0.00000257813434391  0.00000271859745636
  0.00000285842657704  0.00000301242493826  0.00000319798459392  0.00000340453478175
  0.00000363507619512  0.00000387629826229  0.00000411077659638  0.00000435091489713
  0.00000459220766438  0.00000485368507130  0.00000511701687102  0.00000540527577222
  0.00000574276551217  0.00000608929897125  0.00000646418151712  0.00000686553703521
  0.00000727324684342  0.00000772859663236  0.00000820906368231  0.00000873478888063
  0.00000928450659153  0.00000983661946474  0.00001046841866771  0.00001114993466523
  0.00001188477079014  0.00001272597213845  0.00001365123786328  0.00001467548571351
  0.00001576975313724  0.00001693969424192  0.00001819101466321  0.00001917174432090
  0.00001991111819368  0.00002065602395684  0.00002140699630025  0.00002215943254051
  0.00002291398795663  0.00002392736443470  0.00002548196749623  0.00002707308131984
  0.00002913282623667  0.00003110522432654  0.00003309510636187  0.00003520356161817
  0.00003741007758875  0.00003994171814880  0.00004284904980818  0.00004609975572054
  0.00004980789880688  0.00005383077710703  0.00005842488553494  0.00006379940531851
  0.00007063394824776  0.00007747459998731  0.00008448447462535  0.00009150575559466
  0.00010039258282496  0.00010982771596331  0.00012117463157474  0.00013237989695052
  0.00014544373120522  0.00015992015542376  0.00017580213205338  0.00019274250833085
  0.00021190253141838  0.00023266320605981  0.00025643997101752  0.00028243756395269
  0.00030811098636083  0.00034033858896405  0.00038164704722769  0.00043864206457625
  0.00050256168912022  0.00057290874000995  0.00065548432102155  0.00078644940878001
  0.00097229796292768  0.00121424847244090  0.00152474963570530  0.00202096669068608
  0.00286361869826703  0.00489360049635337  0.01749558031353503  1.00000000000000000
  0.00000189488707707  0.00000197609907548  0.00000206124126691  0.00000216163776321
  0.00000230532937208  0.00000244108255496  0.00000255828772789  0.00000267776397989
  0.00000280046023647  0.00000292809636890  0.00000308819750579  0.00000326340116410
  0.00000343634436454  0.00000361104200066  0.00000378775591453  0.00000396850630115
  0.00000416000363070  0.00000437097847318  0.00000460563351563  0.00000485617693821
  0.00000511926278016  0.00000536144393054  0.00000560529912170  0.00000586790991272
  0.00000614222703943  0.00000644379933263  0.00000678729082579  0.00000714276940728
  0.00000752553312908  0.00000794619223679  0.00000836300858241  0.00000880895310112
  0.00000927425305531  0.00000976020117231  0.00001025031017830  0.00001083833600500
  0.00001146660428782  0.00001217861827484  0.00001296240832637  0.00001370579834435
  0.00001443594297171  0.00001521148728254  0.00001599426626256  0.00001693471995609
  0.00001802206623070  0.00001914394139098  0.00002035858496306  0.00002158815966585
  0.00002289098184798  0.00002432794255462  0.00002592042280144  0.00002760481437529
  0.00002935285317689  0.00003126741528838  0.00003348969109781  0.00003593897238077
  0.00003850496829142  0.00004109093526083  0.00004391285815542  0.00004709556292378
  0.00005074131614464  0.00005456996834913  0.00005876339831131  0.00006369520236381
  0.00006889615126511  0.00007497039014429  0.00008196042889747  0.00009055987282752
  0.00010207754181042  0.00011492965519682  0.00012958270773734  0.00013530008011778
  0.00014101745249822  0.00014680567973576  0.00015281858182986  0.00015883148392396
  0.00016505507185306  0.00017154469625010  0.00017803432064713  0.00019567724984439
  0.00022151504016485  0.00025233312456225  0.00029011914962812  0.00032714088178011
  0.00036224987777135  0.00040943753633094  0.00047393606337460  0.00056929130545020
  0.00068620954494489  0.00077319922453860  0.00087199265250140  0.00100392624794004
  0.00155825149401464  0.00281327785625508  0.03330762255332238  1.00000000000000000
  0.00000235703759111  0.00000320910661773  0.00000381597683599  0.00000444478763396
  0.00000518738051335  0.00000601265590824  0.00000682609706502  0.00000766893593852
  0.00000866585539328  0.00000954534799427  0.00001045244291542  0.00001149107082029
  0.00001281979884355  0.00001424030421017  0.00001580385784904  0.00001735275129946
  0.00001901006689197  0.00002084564456380  0.00002292291813367  0.00002508253160127
  0.00002743032355990  0.00002998638483988  0.00003293399833510  0.00003609479700136
  0.00003962430619205  0.00004342116973276  0.00004752758783781  0.00005182188284668
  0.00005640556801876  0.00006125204702019  0.00006662754446460  0.00007247420235522
  0.00007875135827215  0.00008566946585041  0.00009345904549679  0.00010234835161944
  0.00011158896991447  0.00012161012449552  0.00013143111165379  0.00014166079629550
  0.00015288392590619  0.00016546091797578  0.00017970583980046  0.00019619247277379
  0.00021327580909933  0.00023054883584866  0.00024978140808328  0.00027531406849851
  0.00030691982692804  0.00034109507720547  0.00037716507611586  0.00041563518856033
  0.00045882321698945  0.00050547896362539  0.00056013506734283  0.00062914744345487
  0.00070237321709480  0.00077313193085081  0.00085307653475227  0.00096718062403060
  0.00112087622850520  0.00124922577603761  0.00136195859977758  0.00148807457709101
  0.00160204608007589  0.00172556573990396  0.00190642213918193  0.00212891643887496
  0.00235234653695821  0.00257140892745895  0.00277521348383792  0.00296896610752596
  0.00313135875429016  0.00329854886637968  0.00347303707061186  0.00366006158588973
  0.00439771169551310  0.00608994464921454  0.00634115086128025  0.00659235707334595
  0.00684356328541166  0.00709476949747736  0.00734597570954307  0.00759718192160878
  0.00784838813367448  0.01436030227221712  0.02098475362584214  0.02760920497946717
  0.03423365633309219  0.04085810768671722  0.04748255904034224  0.05410701039396727
  0.06073146174759229  0.06735591310121732  0.08653106607309924  1.00000000000000000
 -0.00200710503184623  0.00925032258382487  0.01988658286344049  0.03119291337703439
  0.04330877580016337  0.05495596308785031  0.06680583881596532  0.07909031887339715
  0.09152290159492278  0.10507435891497349  0.11785761854243122  0.12974271560893177
  0.14101462679376600  0.15319247363853439  0.16602423871168193  0.17858750102709478
  0.19030060447122324  0.20290445716902056  0.21689578564812123  0.23079966322863182
  0.24313869323753928  0.25326057522426909  0.26263582918255518  0.27261930410768181
  0.28499087149035290  0.29837382831946002  0.31115715921506781  0.32313343917082421
  0.33489818892744788  0.34617333668863631  0.35799310580385479  0.36903671596720805
  0.38111187703532989  0.39318248984607074  0.40533257811598372  0.41665081257288272
  0.42784076687052364  0.43930529166017551  0.45086240733220279  0.46231024048708491
  0.47304773186448934  0.48267961046085633  0.49157725195262664  0.50046191416945185
  0.50991319092042986  0.52092506304917785  0.53298866544862833  0.54494241322542913
  0.55606080885708109  0.56538642051646126  0.57480621286602185  0.58455766115397156
  0.59564829434782962  0.60695930502056794  0.61776116733726394  0.62806347157686671
  0.63764200484897005  0.64678799459568370  0.65627925619265315  0.66692512407860349
  0.67864313421558320  0.69014459858917732  0.70113169868524772  0.71243370719916588
  0.72370772499430758  0.73458600371547711  0.74490989332140312  0.75508755290644736
  0.76489117303461673  0.77417950428211824  0.78313055099570839  0.79209319280348023
  0.80132550611782927  0.81165157802349652  0.82272284341539037  0.83372624483457669
  0.84450958489947836  0.85474454595685068  0.86500865555988127  0.87522358827342395
  0.88567755716104657  0.89560100125136832  0.90157572404594677  0.90557955715945004
  0.90958771143062545  0.91365821700700678  0.91772872258338811  0.92191124473249064
  0.92621863073739041  0.93052601674229019  0.94117297828328250  0.95267901472103922
  0.96363421349637035  0.97541366462314272  0.98727719686183180  1.00000000000000000
 -0.00290762495867659  0.01077864658731332  0.02172376998559820  0.03300033336957308
  0.04445497513492440  0.05636082176677146  0.06807807842197870  0.07923304830013200
  0.09031566711348517  0.10179177906174650  0.11346125242456385  0.12562997197743223
  0.13714512034247325  0.14854876412302856  0.16026497242761950  0.17229732563151209
  0.18391075068151158  0.19519671387777346  0.20740676394060156  0.22073172697868051
  0.23267712774654520  0.23709109529393671  0.24150506284132822  0.24561712202599184
  0.24964101921312062  0.25348381189104768  0.25698664723692111  0.26048948258279458
  0.26922816200661542  0.27889314636521295  0.28861744389457877  0.29861930931533759
  0.30923362965080603  0.32022719451226844  0.33159525307100507  0.34226640250316953
  0.35266037378908449  0.36336286851313965  0.37481838581703120  0.38684370316277678
  0.39953641329731743  0.41307849945053471  0.42689817787358381  0.43981312790977167
  0.45136136809543109  0.46254469737110793  0.47364841856665951  0.48373613357230638
  0.49270188637246015  0.50166806802669717  0.51181825279671689  0.52289326149031301
  0.53369735291919573  0.54419802184175881  0.55519195960118717  0.56741327126161978
  0.57988504238514349  0.59234379658226233  0.60324575177313045  0.61334746068489343
  0.62327536782211268  0.63292413910732281  0.64413970773136608  0.65466473068580844
  0.66525414111543490  0.67618230389006906  0.68763280655264658  0.69852861744479622
  0.70957606979373045  0.72068265452113822  0.73239246371850220  0.74327473841563596
  0.75325637146427893  0.76225516383042746  0.77136906863162324  0.78065125301746963
  0.79020743033694174  0.79964313391937802  0.80971587082992691  0.82038845680821071
  0.83211247736598970  0.84358981138945321  0.85473271415776608  0.86636114782556894
  0.87861039982789568  0.89121972468230493  0.90421011959572539  0.91748211084169551
  0.92844233567058709  0.93930594037707016  0.94869074509654705  0.95779659142935325
  0.96702929172015561  0.97697826934719134  0.98849695521041547  1.00000000000000000
 -0.00212515686847870  0.01039223007360025  0.02147957405420445  0.03285220348763733
  0.04395722109070355  0.05510723281952502  0.06606540321157858  0.07691997504078033
  0.08810789796313252  0.09954750853219961  0.11043224149490530  0.12014443940372357
  0.12991859100467823  0.14027136176031038  0.15131342692853794  0.16266949533746436
  0.17329787028738408  0.18363468407917685  0.19230699631369144  0.20084065875110726
  0.20976447688607114  0.21990262608132841  0.23001623197893928  0.23912452610480164
  0.24827294633282707  0.25849332120935353  0.26950101480795635  0.27901602068607567
  0.28784568211699924  0.29748722435283276  0.30826757061166760  0.31988488463081433
  0.33205476068878897  0.34378782422906429  0.35573019444249604  0.36779100836389800
  0.38029632419847542  0.39282143006954701  0.40573507895040878  0.41872484189035303
  0.43184225075053734  0.44445212086195679  0.45630775751634145  0.46781042274063694
  0.47927914651619435  0.49058441961170751  0.50234009671006186  0.51410095314619852
  0.52572101516173064  0.53741232783862358  0.54859338191637974  0.55960928842933544
  0.57028112735746850  0.58106720793127031  0.59139736174029611  0.60231076679928330
  0.61345074735158833  0.62530293179180829  0.63737834579349717  0.65028653746362419
  0.66298631931032814  0.67466319390979368  0.68500903596938312  0.69494293938071539
  0.69847982324964797  0.70189918163838894  0.70544182607541417  0.70910166774679639
  0.71277236124191723  0.71663973460219810  0.72050710796247897  0.72921456263913453
  0.74179744703633699  0.75463633796302887  0.76806649357058665  0.78094119934884920
  0.79405616986251260  0.80609146891331074  0.81732428429375548  0.82875518124884462
  0.84118430685182033  0.85213861061018314  0.86182595542370399  0.87151577342214193
  0.88178304938252838  0.89167169472395114  0.90094096481020935  0.91029864788724912
  0.92113975362178380  0.93261871033438215  0.94405736523324724  0.95586670522824657
  0.96821699999780941  0.97967330981939094  0.98997823240478966  1.00000000000000000
 -0.00012142924177275  0.00029775198984046  0.00071364213880166  0.00098051071043562
  0.00121732600715772  0.00145009297848268  0.00168238779992537  0.00191396774023566
  0.00213977166791398  0.00236698912736995  0.00259656897205718  0.00283769546010811
  0.00305069040849486  0.00326311054136659  0.00347245028377140  0.00366414933559738
  0.00387292632477728  0.00407955638698792  0.00428497713964938  0.00450704966210990
  0.00473657761030226  0.00496953371275982  0.00522508112930193  0.00550372322499322
  0.00578922191193678  0.00607617901012030  0.00634987613950671  0.00662196844645309
  0.00691634706697371  0.00724680098070290  0.00765156850881110  0.00802922905556226
  0.00839186537771802  0.00874596184135617  0.00915526743588788  0.00957226603445732
  0.00998212055974382  0.01041506099974709  0.01085531581924631  0.01119574145487600
  0.01147217489871525  0.01175675764860426  0.01184350913213163  0.01190227564567299
  0.01196104215921434  0.01201980867275570  0.01207857518629706  0.01213734169983841
  0.01219610821337977  0.01225547567881202  0.01231569079423516  0.01237590590965830
  0.01243612102508144  0.01249633614050458  0.01255655125592772  0.01261676637135086
  0.01267699376112709  0.01273782856510999  0.01279866336909290  0.01285949817307580
  0.01292033297705870  0.01298116778104160  0.01304200258502450  0.01310283738900739
  0.01339244862757949  0.01381322752885151  0.01421669792205361  0.01464762078904585
  0.01509692422167811  0.01556212825166855  0.01609650856558495  0.01672436380010904
  0.01729305873016750  0.01797962364982827  0.01876019406194198  0.02011638502898552
  0.02094086800455762  0.02178358835812397  0.02252550723005699  0.02280465542569398
  0.02313066822276141  0.02352174593309550  0.02400570552754400  0.02439780950261451
  0.02473108824270043  0.02810041847402474  0.03357925218335712  0.03504882710648694
  0.03651426046768658  0.03878791046965154  0.04027241082907915  0.04237174793942352
  0.04447323922088042  0.04695104920633110  0.18531012448911971  1.00000000000000000
 -0.00233122470657024  0.00979954834511123  0.01985769243548358  0.02989290063347372
  0.04055713104999489  0.05162339063147052  0.06215225203125047  0.07286374280887982
  0.08460356388462900  0.09816725940057991  0.11026622079898508  0.11905203276471375
  0.12778603256700594  0.13611538189356284  0.14573800271030612  0.15549493336816447
  0.16587534988413916  0.17807505589910855  0.18970163768865378  0.20112431285496757
  0.21252788094087596  0.22427614697394149  0.23656668458469718  0.24870533945606382
  0.25989349934242567  0.27152708918020352  0.28368526336681388  0.29514534253462082
  0.30583707822404183  0.31628723382551954  0.32781423013760363  0.33970475661154353
  0.35177774990492716  0.36312485959152091  0.37419680607756006  0.38465628087670939
  0.39524777132841676  0.40480903002296914  0.41439339924387886  0.42412543813575598
  0.43474359118604738  0.44480439503480879  0.45356805860818772  0.46180547960712570
  0.47001741216984205  0.47878955038729826  0.48840283743912322  0.49762709941251693
  0.50671706475191625  0.51577409218670922  0.52513916501824798  0.53567920376042621
  0.54759039892483596  0.55966441852053372  0.57113187025472534  0.58207791104009121
  0.59269043687062850  0.60348671471700388  0.61433010136108090  0.62536293990815561
  0.63663710473286483  0.64834266751515146  0.66091552828219546  0.67414288727630078
  0.68651789010603814  0.69780527148536742  0.70809012628018442  0.71870869882850874
  0.72944630737342731  0.74028514719794791  0.74768494853746748  0.75231198025037638
  0.75700940335640488  0.76184531775160191  0.76668535673117888  0.77156225220156660
  0.77643914767195443  0.78714809444368183  0.79805899265620361  0.80907533396006515
  0.82131491838023329  0.83473525306798424  0.84747532443281515  0.85969243684753838
  0.87170856680677644  0.88375006645540333  0.89593999260543633  0.90781022657639765
  0.91960747768905615  0.93143116791031833  0.94247522085096636  0.95311215109371994
  0.96421006907454365  0.97650375759809871  0.98841999408476333  1.00000000000000000
 -0.00011215982804268  0.00015931047340453  0.00055782498589408  0.00078164326680837
  0.00096608422637518  0.00114621396688755  0.00132314591690396  0.00149867140262631
  0.00167022324049244  0.00183009543851639  0.00199274915291683  0.00215501683488366
  0.00233279148419541  0.00252979879668617  0.00271927588510777  0.00288516419484961
  0.00304890133376468  0.00318569903147565  0.00331194788476038  0.00344761582708710
  0.00358365996678707  0.00372013203665330  0.00390622708175290  0.00410289072477934
  0.00430666169168137  0.00451343031594412  0.00473438519935134  0.00496761610724517
  0.00519614675345985  0.00542867343333294  0.00566146867894951  0.00586190524028344
  0.00603921756823747  0.00622972770036056  0.00644018727846450  0.00666587330353384
  0.00690350160610165  0.00710837564570644  0.00736112772999943  0.00759128114879514
  0.00782241596637193  0.00808535015203885  0.00835189142181190  0.00864270396612202
  0.00892665043487496  0.00900527427991212  0.00905073761040386  0.00909620094089561
  0.00914166427138735  0.00918712760187909  0.00923259093237084  0.00927805426286258
  0.00932351759335432  0.00937234418697157  0.00942269194219707  0.00947303969742257
  0.00952338745264807  0.00957373520787357  0.00962408296309907  0.00967443071832457
  0.00972477847355007  0.00977576228626254  0.00982733386021447  0.00987890543416641
  0.00993047700811834  0.00998204858207028  0.01003362015602221  0.01008519172997415
  0.01013676330392608  0.01022116861600742  0.01041083419291810  0.01060651574911001
  0.01080780005069122  0.01114144901548167  0.01153832400470673  0.01197997040412179
  0.01256599661170304  0.01325901800028427  0.01460350858158321  0.01576430737102986
  0.01820765959355749  0.01897505283157189  0.01930154482924524  0.01945758695199527
  0.01961362907474529  0.02131344212847067  0.02231934563657801  0.02303545023260533
  0.02520906089341413  0.02671177337644032  0.02757478413292042  0.02831663782786513
  0.03115161155577787  0.03545677599250536  0.17929664640916620  1.00000000000000000
 -0.00186246856736665  0.00951618546434265  0.01907473258126898  0.02772963213121285
  0.03606567818320556  0.04490289508701160  0.05470271554267769  0.06528030247195366
  0.07609341922134774  0.08672865137558275  0.09645483775103667  0.10631364899046938
  0.11551449595017775  0.12504479891224918  0.13547560229539013  0.14659383239830726
  0.15918826470908018  0.17125894834146652  0.18313486771804607  0.19415800198328226
  0.20515534159281212  0.21601668178652816  0.22737442324357854  0.23942590469644140
  0.25204728148237959  0.26518405646287374  0.27832754412254745  0.29149066239912147
  0.30338144368781639  0.31514719002585234  0.32646220819974286  0.33786233603658056
  0.34922329515234080  0.36078168865765609  0.37348775258088501  0.38537616899830013
  0.39695191259109147  0.40818485673653010  0.41790165190019729  0.42657204682615379
  0.43520496134389186  0.44552341292326186  0.45708265169254714  0.46889527631558664
  0.48020714580635976  0.49233650616311020  0.50230740706603738  0.51151018595737308
  0.51983378306443706  0.52845711844813781  0.53914871794147934  0.55060494087299328
  0.56259733050161442  0.57160509206572208  0.57619761990017149  0.58080038037018922
  0.58547246057464220  0.59014454077909506  0.59486055275523053  0.59958354557769467
  0.60701485576781322  0.61639142832767047  0.62575956787786291  0.63576759658308912
  0.64657816849889960  0.65839575687341134  0.67084370259945514  0.68348493582808301
  0.69570804611725579  0.70738332355248179  0.71961902738031669  0.73073677913339141
  0.74250834845598357  0.75606408381709156  0.77061275953611086  0.78270400658623118
  0.79367347449680548  0.80494381137662452  0.81618503656507080  0.82833158797503470
  0.84029969937535798  0.85168439186802969  0.86302031040585769  0.87488638273509522
  0.88679611257518731  0.89820388116212058  0.90955941661072781  0.91998392383842997
  0.93008441673225317  0.94001547583362488  0.94931454139249916  0.95905415301826735
  0.96896191540482912  0.97917539423827993  0.98960670803260864  1.00000000000000000
  0.58859233588264726  0.59966446283832964  0.60916170328114316  0.61794740500970169
  0.62781036587306704  0.63786758748364036  0.64610275508954318  0.65207250753381396
  0.65793929513481275  0.66497102274888520  0.67332683953003647  0.68175062959253441
  0.68995614777471503  0.70002180546424742  0.70935005766298542  0.71685388174282660
  0.72392908512976772  0.73089498822767951  0.73754452213505350  0.74345105348763096
  0.74936205523230182  0.75531416472234458  0.76153640930738442  0.76775437243251277
  0.77339617254672899  0.77841717227223139  0.78316119275426999  0.78792838556574252
  0.79259909950058838  0.79771336044427965  0.80309320832158249  0.80846476357471542
  0.81338954881587922  0.81811958140857022  0.82291979229343948  0.82777804886595852
  0.83205598992063778  0.83618000172133211  0.84051181738820879  0.84499908193698747
  0.84930641320954214  0.85358778405101665  0.85784490058723406  0.86240437038490125
  0.86643013307417860  0.87010049538465262  0.87362774608199223  0.87716716003855455
  0.88087239435758602  0.88458390657011066  0.88813407228535224  0.89160663269153684
  0.89503460226903042  0.89856922880493806  0.90208464859423054  0.90574655796648185
  0.90917578954457123  0.91239052902795326  0.91529790790666532  0.91819627385605662
  0.92115195334642552  0.92421977747006212  0.92702891775784579  0.92976037630967401
  0.93240283708970906  0.93502970563404886  0.93770776318499216  0.94040484437426286
  0.94311079254686159  0.94590495283155263  0.94861580892220732  0.95125434208033288
  0.95397389757015938  0.95665473721728433  0.95918198929682374  0.96155390835176058
  0.96377890905745534  0.96586774374547069  0.96790004873315805  0.96983744399359162
  0.97178740255538221  0.97372978883382266  0.97570028835759171  0.97771616798447003
  0.97973810989830123  0.98165094458628677  0.98359435166875187  0.98555789162071950
  0.98750873566898867  0.98941506218712960  0.99123754602256264  0.99318016034160206
  0.99502908265202061  0.99671535266716005  0.99836303591479425  1.00000000000000000
  0.00173948637107441  0.15038603677585238  0.19369593212607553  0.22686244452661802
  0.25489562223247209  0.27967252879654364  0.30000326848005660  0.31840678247329601
  0.33617323627123680  0.35262328656205200  0.36800677823955602  0.38309444740839782
  0.39760926848695782  0.41087151384912407  0.42365243875261172  0.43574751952871177
  0.44719958900793416  0.45819645956800559  0.46937018977880179  0.48067771781573210
  0.49203903713457275  0.50309491646450921  0.51366092116465811  0.52327537420581571
  0.53210151892755742  0.54055996232302195  0.54887249085408651  0.55733828083537273
  0.56557110768823537  0.57363182647928179  0.58184937900698208  0.58893125815574410
  0.59619864944804146  0.60310083798870662  0.61059709077781077  0.61811469910672412
  0.62529798269509829  0.63247103174739117  0.63939832975195898  0.64650761254669487
  0.65386008925506967  0.66149661409394467  0.66875231168205751  0.67532883428825430
  0.68188707403611604  0.68826796830708237  0.69411646185704745  0.69954184334427816
  0.70437551597237535  0.70924523695282871  0.71436915155395586  0.71986625576518704
  0.72568947842259912  0.73143869558276420  0.73682443890100568  0.74171827755506259
  0.74655024968184924  0.75130370569742932  0.75582275398452781  0.76143437423527804
  0.76701634389400308  0.77292936123211209  0.77875053360807267  0.78437344750170979
  0.78971281437669749  0.79483528525785929  0.80010221174112461  0.80556475535697036
  0.80971152084886433  0.81415252854614661  0.81903589498329354  0.82327384001926895
  0.82505597555958932  0.82683811109990957  0.82862024664022993  0.83028822304655081
  0.83186728016826339  0.83344633728997586  0.83502539441168844  0.83646234537745501
  0.83787081794462492  0.83927929051179473  0.84102549036888796  0.84630224313243541
  0.85209361306135512  0.85865235240078308  0.86501890565089390  0.87117194457902047
  0.87659011472086523  0.88315221565627688  0.89012588822735295  0.89877415179296805
  0.90908093653555788  0.92445938667302718  0.98975097705586701  1.00000000000000000
   9.3940457240930519E-007  -1.0000000000000000     
 F F F F F F F F F F F F F F F F F F F F F F F F F F F F F F F F F F F F F F F F F F F F F F F F F F F F F F F F F F F F F F F F F F F F F F F F F F F F F F F F F F F F F F F F F F F F F F F F F F F F F F F F F F F F F F F F F F F F F F F F F F F F F F F F F F F F F F F F F F F F F F F F F F F F F F F F F F F F F F F F F F F F F F F F F F F F F F F F F F F F F F F F F F F F F F F F F F F F F F F F F F F F F F F F F F F F F F F F F F F F F F F F F F F F F F F F F F F F F F F F F F F F F F F F F F F F F F F F
  <DiscreteSampler_grid>
  grouped_processes
  1 # 1 for a reference and 2 for a running grid.
  10 # Attribute 'min_bin_probing_points' of the grid.
  1 # Attribute 'grid_mode' of the grid. 1=='default',2=='initialization'
  0.0000000000000000 # Attribute 'small_contrib_threshold' of the grid.
  0.5000000000000000 # Attribute 'damping_power' of the grid.
 # binID   n_entries weight   weight_sqr   abs_weight
    13   10   2.962043471585650E-001   7.811752630438052E-001   2.962043471585650E-001
    14   10   2.962043471585647E-001   7.811752630438034E-001   2.962043471585647E-001
    16   10   7.996239166087564E-002   5.783671482438339E-002   7.996239166087564E-002
    17   10   7.996239166087557E-002   5.783671482438327E-002   7.996239166087557E-002
    22   10   2.962043471585650E-001   7.811752630438052E-001   2.962043471585650E-001
    23   10   2.962043471585647E-001   7.811752630438034E-001   2.962043471585647E-001
    25   10   7.996239166087567E-002   5.783671482438343E-002   7.996239166087567E-002
    26   10   7.996239166087557E-002   5.783671482438328E-002   7.996239166087557E-002
  </DiscreteSampler_grid>
