 -0.00269847394429921  0.01450510383967649  0.02788986198404066  0.04009682002995135
  0.05107368738224199  0.06187890416738435  0.07314094012294564  0.08512448492596787
  0.09721870536204250  0.10911169496492636  0.12045380871189544  0.13189309733998256
  0.14369327197119103  0.15506505132724549  0.16571214733075376  0.17648801523889995
  0.18797224422107864  0.19965043515569161  0.21100788297768788  0.22236147106205947
  0.23369941933375799  0.24425046038208739  0.25426683175596804  0.26434348191073048
  0.27526779634682658  0.28686305435814702  0.29829045512424690  0.30934556917451639
  0.31969191842641692  0.33009873552434443  0.34052504524360688  0.35182539317963252
  0.36305876692148015  0.37415694195514521  0.38507144544211253  0.39571101535483416
  0.40512335136559324  0.41485220849822080  0.42481455281386626  0.43525611171332723
  0.44530116621678373  0.45552617025680131  0.46585101343476915  0.47634228179542870
  0.48666995585021511  0.49747835429332182  0.50879115243467143  0.51968964619862690
  0.53024228994008060  0.54058357534724988  0.55098388671263221  0.56145937269670443
  0.57221667424456357  0.58296592785949386  0.59420715898824161  0.60561799902886415
  0.61720350702056304  0.62814207041355830  0.63826450535857038  0.64858688887199845
  0.65926089723749515  0.66983421832713841  0.67970961356241899  0.68891740513016553
  0.69828850841779866  0.70795320005882412  0.71859279867284054  0.72886625548187767
  0.73876034998566087  0.74804909170282419  0.75740891756668749  0.76688247886121474
  0.77679376634350072  0.78676188000008673  0.79684301032180416  0.80699299892776633
  0.81719288763265185  0.82778807529860032  0.83886261390848105  0.85019752432441020
  0.86060893371994474  0.87005392852792929  0.87905752778265389  0.88815080712887584
  0.89752133361939990  0.90725231449406618  0.91745555616901553  0.92839623819174077
  0.93965123839371534  0.95020715616716256  0.95989220717675561  0.96898026173581930
  0.97765933210299383  0.98574309210745126  0.99311155410874519  1.00000000000000000
  0.00000145665745648  0.00000170209281778  0.00000187118038118  0.00000202011893872
  0.00000205142612919  0.00000208273331966  0.00000214532667758  0.00000221604624021
  0.00000229424487785  0.00000238031055699  0.00000247060817786  0.00000256470707484
  0.00000265855622359  0.00000276204930907  0.00000287742600802  0.00000299725601633
  0.00000312633688846  0.00000324927187157  0.00000337965317616  0.00000352292676067
  0.00000367317722336  0.00000382814310441  0.00000399148994390  0.00000416791711306
  0.00000435653237522  0.00000455372536230  0.00000476461261141  0.00000499506868584
  0.00000523252910578  0.00000549260173247  0.00000577304749229  0.00000607121104736
  0.00000637670087946  0.00000671701914413  0.00000706518972936  0.00000743437175664
  0.00000784576644491  0.00000828593473861  0.00000873800013596  0.00000921233597957
  0.00000971857175237  0.00001026184304774  0.00001090056831554  0.00001156551525558
  0.00001225670373917  0.00001297574882847  0.00001376349959499  0.00001460028765190
  0.00001560090425519  0.00001662792558169  0.00001775920641052  0.00001898535098842
  0.00002033841490490  0.00002183228204287  0.00002347941985623  0.00002532951537599
  0.00002736597242909  0.00002967057898788  0.00003200985423361  0.00003448800139742
  0.00003712872828571  0.00004016662900441  0.00004348016417059  0.00004733548558646
  0.00005141854854318  0.00005611709034561  0.00006118649025198  0.00006682139007786
  0.00007271862260675  0.00007945693167408  0.00008713284673061  0.00009614335459946
  0.00010719387090955  0.00011933720629615  0.00013288218792313  0.00014823926197635
  0.00016565941406463  0.00018596455266775  0.00021071581458673  0.00023832493258682
  0.00027046252922686  0.00031050272736609  0.00036041388591876  0.00041302157110572
  0.00047125346518777  0.00054218919264957  0.00063945457116153  0.00076565980636828
  0.00095379413495820  0.00125266882398640  0.00168166959975634  0.00217831219461744
  0.00288792186011151  0.00403064948162345  0.21651804169153349  1.00000000000000000
  0.00000158255795773  0.00000184100996817  0.00000193514532336  0.00000202044906439
  0.00000212576214351  0.00000223391123666  0.00000233675631485  0.00000242570667440
  0.00000251892131718  0.00000261608764339  0.00000272266709765  0.00000283556122730
  0.00000295188189653  0.00000307989545770  0.00000322307446911  0.00000337432091103
  0.00000353805284834  0.00000370563393237  0.00000387311454368  0.00000407753000270
  0.00000430207375609  0.00000454086024186  0.00000478672251679  0.00000504143106199
  0.00000530435709666  0.00000557690881310  0.00000587487855914  0.00000616227977663
  0.00000645937944781  0.00000677429772812  0.00000711510275568  0.00000748311569815
  0.00000787867062999  0.00000828830501303  0.00000871378937943  0.00000917420744557
  0.00000966787380524  0.00001018424204932  0.00001075184943657  0.00001135083540763
  0.00001198791184984  0.00001270700498096  0.00001343273230461  0.00001420643101354
  0.00001503317170344  0.00001589397140221  0.00001681063507992  0.00001775193473175
  0.00001868709762692  0.00001966423226113  0.00002072893074959  0.00002188113581506
  0.00002329963783726  0.00002476530408007  0.00002630260522014  0.00002794499413415
  0.00002967857821705  0.00003163972041964  0.00003393580879332  0.00003639222919104
  0.00003906882033627  0.00004182950053002  0.00004477454380061  0.00004814486707782
  0.00005181713309598  0.00005619783111393  0.00006103683099949  0.00006647507457487
  0.00007171553822604  0.00007706405361420  0.00008283088279753  0.00008926191381921
  0.00009664700726065  0.00010568147827984  0.00011701001631856  0.00012923284777454
  0.00014193303781190  0.00015590804159847  0.00017349300865125  0.00019587138291055
  0.00022423100814790  0.00025916472307606  0.00030144181357338  0.00035201576397822
  0.00041178355054335  0.00048336055872777  0.00057050825066314  0.00069206955847379
  0.00087108228950531  0.00113095176540332  0.00138375466447714  0.00168632525073107
  0.00222299580578718  0.00303309416894033  0.01907685483617451  1.00000000000000000
  0.00000266167268533  0.00000320966859011  0.00000354456446521  0.00000381930067167
  0.00000407663724560  0.00000432892105763  0.00000458750937308  0.00000485405770862
  0.00000514910523978  0.00000544065530016  0.00000580688068532  0.00000615327104153
  0.00000652936206275  0.00000689532547248  0.00000727746187992  0.00000768764123727
  0.00000813829853386  0.00000860508774508  0.00000905602216382  0.00000956624257362
  0.00001006961685172  0.00001066127508601  0.00001129684802321  0.00001193073470810
  0.00001259359415492  0.00001327319352351  0.00001398827406041  0.00001476448693691
  0.00001562625679531  0.00001661012239610  0.00001770433330845  0.00001887285172941
  0.00002006326708027  0.00002135704129944  0.00002272795700169  0.00002429270720879
  0.00002596665513092  0.00002777095330281  0.00002972157061859  0.00003173981502146
  0.00003397441554516  0.00003635610066462  0.00003916498101344  0.00004231638342591
  0.00004568632920758  0.00004938260318599  0.00005342667179116  0.00005800190944556
  0.00006314648303861  0.00006899928724018  0.00007573859785883  0.00008290237792639
  0.00009077931719999  0.00009923373228866  0.00010850735352203  0.00011847862764252
  0.00012977590585636  0.00014199674038530  0.00015587008564555  0.00017145199537584
  0.00018843584473678  0.00020815863188116  0.00023111730254182  0.00025384495471705
  0.00027759258673983  0.00030305893215677  0.00033278405482509  0.00036732842185076
  0.00040478710072300  0.00044573183153491  0.00049038635422661  0.00053819252182029
  0.00059169940425571  0.00065290661258759  0.00072008325477324  0.00079474549522925
  0.00087970552554168  0.00097392177952119  0.00108071423735853  0.00121160678765538
  0.00135908152724761  0.00150980385258405  0.00166217095934865  0.00181604414207775
  0.00193709321954217  0.00207951572919666  0.00224428466264371  0.00241775776082497
  0.00287754404028414  0.00347145732263772  0.00389031112834916  0.00416779212336274
  0.00443488095177894  0.00512158419610449  0.02314571285601004  1.00000000000000000
 -0.00293893119938271  0.01018417387658798  0.02142868803939427  0.03236824698047035
  0.04353914653329501  0.05481581330279178  0.06591991140115490  0.07658700812183182
  0.08691056694976720  0.09735889734005267  0.10813089059535924  0.11907296643538275
  0.12968359701287607  0.14027979963463716  0.15088883369514716  0.16111427746135995
  0.17101218331900964  0.18062029403317856  0.19001441371524075  0.19923775949876607
  0.20849663835208684  0.21799373619230714  0.22808706099738915  0.23896962218357390
  0.25011880286382804  0.26085618618562384  0.27146691705441922  0.28263607248834005
  0.29363992672821765  0.30378837356164268  0.31363599278760346  0.32305500284947319
  0.33361639633052109  0.34457152065632485  0.35601699387687075  0.36794934972930066
  0.37989520793222697  0.39203318244240998  0.40373254451988028  0.41508227148960553
  0.42608596892143480  0.43726303305819142  0.44803019258803212  0.45891537215351991
  0.46934926484219475  0.47969720250091302  0.49000099784130513  0.50039898476379940
  0.51163204094367287  0.52316153396202847  0.53425932866367520  0.54539663457558152
  0.55650767834614201  0.56715675783869712  0.57816709665583266  0.58969095717462772
  0.60188113426798484  0.61370552927805411  0.62510097185748315  0.63677789546669961
  0.64848597204273462  0.66044708984625466  0.67162978696294384  0.68169903304675117
  0.69201317015470820  0.70198625985487362  0.71165282937369811  0.72146045155602512
  0.73215215419145252  0.74379412070759165  0.75465823325362247  0.76573289527676536
  0.77694730144724400  0.78805305741534981  0.79876217239024461  0.80967077879864702
  0.82057720157737513  0.83138375612434134  0.84194048660010157  0.85211880696290299
  0.86214137278636671  0.87180063830207799  0.88160347984896559  0.89134738380213896
  0.90097132870755181  0.91004277059900507  0.91910444759923182  0.92801391619978779
  0.93698117364971478  0.94601342063188065  0.95531775470117053  0.96431108501985252
  0.97260761363581361  0.98109211043785716  0.98961430189330513  1.00000000000000000
 -0.00249652872210822  0.01059538588897579  0.02154937844079828  0.03215162357495668
  0.04280943651198627  0.05323005266616912  0.06386678091139203  0.07382441748447788
  0.08357257038607523  0.09346597538952997  0.10310498114333841  0.11286280753244905
  0.12249941941771111  0.13293106215992606  0.14287079068111055  0.15324573088036106
  0.16334729423172301  0.17372169589963274  0.18397144168721039  0.19322902631771346
  0.20236148972785795  0.21204542626073344  0.22261740486463369  0.23390769231230665
  0.24529598139139305  0.25636052507559481  0.26702031831837958  0.27756123909416974
  0.28844709790323975  0.29974896413910657  0.31086457748549179  0.32154397470197621
  0.33205299083362871  0.34239187527869047  0.35296287899008444  0.36403493856322927
  0.37495510745198601  0.38535257683085805  0.39563814921301610  0.40566490804582878
  0.41568201900993573  0.42554411725925961  0.43532993441660456  0.44558357798120846
  0.45604346641370236  0.46664345869591600  0.47745150720250701  0.48842497410934588
  0.49943035395440299  0.51035350005891056  0.52116020133696173  0.53185495306586950
  0.54243551428712578  0.55285849538622434  0.56354116123300191  0.57423634481134289
  0.58462675154536570  0.59555602035437716  0.60631456317080312  0.61800721867856523
  0.62894114382684274  0.63886073623593365  0.64914961057340403  0.65979998229449843
  0.67098466743991458  0.68151340283713946  0.69155967427974530  0.70212965052232756
  0.71238229262540020  0.72308700451615349  0.73386517797349637  0.74490387959205495
  0.75579720471967449  0.76696128764923399  0.77799083071171693  0.78922931539318197
  0.79992658271374295  0.80963927594045038  0.81933900686420591  0.82906054256986006
  0.83914905736153966  0.84870717380508254  0.85808850346230936  0.86788924915185639
  0.87879429724964797  0.89059734693559667  0.90226133229034766  0.91321164872238758
  0.92353818738466775  0.93374878541160689  0.94329767942021736  0.95350977465599396
  0.96421218398106479  0.97616043488365856  0.98794567834760028  1.00000000000000000
 -0.00275445452843326  0.00983999763269118  0.01953200000412669  0.02971186394212106
  0.03998760628955262  0.04996508276160379  0.06006862706248313  0.06990929802932339
  0.07903332843587020  0.08816418075248142  0.09793302000472162  0.10963149595149489
  0.12121790266448604  0.13225215036153445  0.14288300270820220  0.15351963944601885
  0.16443572365450043  0.17552083094990187  0.18722234980494204  0.19737699800682065
  0.20736631332105662  0.21677521898255697  0.22711153552196667  0.23781834136797686
  0.24874854969531074  0.26076657208590315  0.27338990039409222  0.28564558620052211
  0.29709051259422198  0.30841427496357032  0.31961832503498677  0.32970328868077919
  0.33947084007154288  0.34937620360031924  0.35945955578252986  0.36960828320500161
  0.37982467041985651  0.39029068507655351  0.40084459373886860  0.41108847544668065
  0.42079304345423213  0.43029082505351107  0.43969820155719441  0.44947825425409083
  0.45974190708662444  0.47000435446539390  0.48052522642030737  0.49178638953614340
  0.50313636542827633  0.51446005740966150  0.52549145202795267  0.53623111585316874
  0.54669777206562808  0.55688071461130406  0.56677806231116201  0.57596191544795405
  0.58521131611904553  0.59500411201632120  0.60475500976242125  0.61443639169002218
  0.62405793754092709  0.63374552772218440  0.64423129419694558  0.65482604209624418
  0.66543977893788830  0.67536405871846361  0.68526721819981362  0.69511669303989554
  0.70488538205537632  0.71457413173725925  0.72468018431708003  0.73554254495331806
  0.74667676460825561  0.75735444681532416  0.76812413479037134  0.77915976788957064
  0.79018343387317413  0.80121690283468072  0.81210548184507858  0.82271270024472165
  0.83347299298995015  0.84453963655239994  0.85570656195025252  0.86646644080148982
  0.87718679626302276  0.88826446026963246  0.89971984275419103  0.91154295778895733
  0.92332404031990889  0.93416099428174093  0.94459906295289708  0.95444087705823721
  0.96493693870963404  0.97563802976964420  0.98785452638701143  1.00000000000000000
  0.00000243105057056  0.00014442691409729  0.00031532000372640  0.00053584737788607
  0.00066052457239016  0.00076233257068158  0.00086845101048832  0.00097398200491151
  0.00108137931108402  0.00119241620118929  0.00131112427322747  0.00142711350052033
  0.00153766817106793  0.00164799175743021  0.00175733647562554  0.00186263606631817
  0.00196755132461034  0.00207210871965438  0.00217720705781201  0.00228539341245068
  0.00240816698988562  0.00253926611189129  0.00267470172509349  0.00281067758839999
  0.00293610906501908  0.00306451715347743  0.00319615827139101  0.00332694609291472
  0.00345108383861824  0.00357262337960367  0.00368999719407017  0.00380909739588416
  0.00393049175023964  0.00406228564433501  0.00420534043475053  0.00436782277248184
  0.00453473149752108  0.00472215391071619  0.00491612353605381  0.00511458221299159
  0.00531896677170585  0.00552746662123356  0.00571717049806467  0.00588056748407123
  0.00602902788451564  0.00618560367128936  0.00633563194790983  0.00650091233511101
  0.00665069041379714  0.00679271780169519  0.00693658745761837  0.00707136877635510
  0.00717605835882632  0.00728330856158443  0.00739292335897002  0.00750898568526093
  0.00766857740330872  0.00786271376257192  0.00810935798334630  0.00840631343754702
  0.00860215003796270  0.00874346672557563  0.00887971072940760  0.00901226620870300
  0.00916742888487880  0.00936192345330132  0.00966996907133685  0.00999051078619706
  0.01030252339034729  0.01068472579910366  0.01108765615783820  0.01141783793788216
  0.01175833359834417  0.01208485638631835  0.01241733918336195  0.01285925373198297
  0.01342042923109221  0.01386399474510613  0.01428179763129117  0.01483710700844534
  0.01532578906828248  0.01579964959629055  0.01672681041740013  0.01712455265242564
  0.01752525542009606  0.01798722572992514  0.01837657719985092  0.01895206273894083
  0.02024160369363297  0.02166782995569034  0.02294293858670509  0.02416882730893960
  0.02603919890398549  0.03302766276504567  0.54334818156641951  1.00000000000000000
 -0.00225368887397365  0.01067398616958187  0.02109825319530304  0.03080341264250881
  0.04092702982683425  0.05099945315351904  0.06131726419857217  0.07131871944720178
  0.08141484451862216  0.09111303112135422  0.10108339940711968  0.11069210867196175
  0.12138398492817959  0.13168939274403640  0.14211649475726904  0.15200652714734003
  0.16206287864304178  0.17214432445106242  0.18213924273925522  0.19227071481447380
  0.20204108007263127  0.21172473948183274  0.22158134963137163  0.23204658630994410
  0.24328279680348661  0.25422067615989369  0.26461031019656667  0.27503814370287877
  0.28542482489345528  0.29587998883131583  0.30614702712687580  0.31636804559938314
  0.32690496793814366  0.33742756706513471  0.34840911621572224  0.35962200698157287
  0.37102131845159825  0.38289297041025711  0.39509616281306265  0.40771008588517760
  0.42020900167793607  0.43291406329668275  0.44518291313378733  0.45678834889850345
  0.46768827263829293  0.47766183153604846  0.48685203782935393  0.49581060889945627
  0.50548252787326275  0.51610569941018614  0.52732150162080005  0.53791268753351407
  0.54821136904980483  0.55824554651216507  0.56868207706870066  0.57953136443361009
  0.59213726419830404  0.60436762589569581  0.61629841541003516  0.62723153892619243
  0.63774857606535496  0.64885723844766618  0.65988016671648908  0.67112740093523582
  0.68166888547164850  0.69229234213084312  0.70186160476794190  0.71152676527086500
  0.72072839858028170  0.73169609929952817  0.74312028942865171  0.75374274183337486
  0.76401236038030351  0.77449590005469160  0.78606459754438485  0.79653732284815981
  0.80602474343146235  0.81572554386326557  0.82540877243624211  0.83480532163134258
  0.84416529176510624  0.85378293475909139  0.86495379814170004  0.87650502818582032
  0.88788049876312747  0.89931520600664960  0.91047494367618020  0.92155039045443943
  0.93169496388456330  0.94186899920263278  0.95188679239264418  0.96237156831645010
  0.97183465988920503  0.98105157143546884  0.99017682496432802  1.00000000000000000
 -0.00003694644759339  0.00008903785215042  0.00022302519854747  0.00038408425196918
  0.00050614117819396  0.00059200972181576  0.00066225294214421  0.00073123294888334
  0.00080182701921608  0.00087271215809845  0.00094385078647954  0.00101538612250236
  0.00108350376968765  0.00115111320955558  0.00121963756389223  0.00128614327277058
  0.00135023815604386  0.00141597728027303  0.00148257736408181  0.00154115225839920
  0.00159909996086940  0.00165886649588011  0.00171997409186543  0.00178487174815850
  0.00185971728337357  0.00193942867276517  0.00201804360548652  0.00209695567482069
  0.00217172950189838  0.00223999336911565  0.00229877838132991  0.00235727422754185
  0.00241560061255666  0.00247588932741004  0.00254572751835928  0.00264515446076909
  0.00275388838273228  0.00285270957168407  0.00294283174038726  0.00302361792631275
  0.00309698321771722  0.00318444611107511  0.00327568860327932  0.00337092415089722
  0.00349975470291282  0.00362012730347897  0.00372325005010647  0.00382035534155661
  0.00392238538785956  0.00403334773094381  0.00415511670523332  0.00428173618624480
  0.00440443568532033  0.00453363920020640  0.00467060457934363  0.00480075417247331
  0.00494556970486703  0.00510283255155473  0.00524637532273227  0.00534212181216526
  0.00539684083181314  0.00545053810443311  0.00550176505719166  0.00555344948371875
  0.00560603572807038  0.00567511960344490  0.00576716150196779  0.00585739012667219
  0.00593131138873809  0.00600584276179233  0.00608176320866591  0.00616230438236478
  0.00627362409573549  0.00651188622022624  0.00676019064949407  0.00688635596594316
  0.00700239589410002  0.00712010083566832  0.00743278503136309  0.00762553998523244
  0.00768524016457218  0.00774719118082315  0.00781721775785113  0.00788724433487911
  0.00795952019333173  0.00803190639193936  0.00846458588217714  0.00894099629682217
  0.01008736650532492  0.01055065733435898  0.01080860721631862  0.01153699453370243
  0.01403463035419991  0.01439098004622209  0.06339931316606913  1.00000000000000000
 -0.00166427384075998  0.00693705919004784  0.01491593397967815  0.02344302145531195
  0.03214376941960172  0.04091749833650933  0.04991251856885273  0.05932995898595877
  0.06851999814747850  0.07762948752162345  0.08688124117138203  0.09640511101879398
  0.10599975571575510  0.11557429658463911  0.12529426239284550  0.13501558079850484
  0.14466807241520085  0.15460172798636279  0.16499076513641517  0.17580717648697919
  0.18660928051468903  0.19588380413352299  0.20457992434341551  0.21322444726391626
  0.22236686991492857  0.23182716737673220  0.24167807157830318  0.25274207273961175
  0.26491212762925809  0.27680470964679238  0.28820764183110248  0.30019974488525947
  0.31206870305664630  0.32340588195709030  0.33440423645305922  0.34564321084200045
  0.35751479713779394  0.36927065370540352  0.38045380031638437  0.39102819861019567
  0.40146564525483364  0.41268074504369018  0.42425502147512906  0.43678190673300527
  0.44949449363832988  0.46205760922826700  0.47511830065921812  0.48721683198361604
  0.49925163437368053  0.51046651600457693  0.52194817944994343  0.53342952536517685
  0.54515526563035210  0.55682732675939928  0.56858442869148762  0.58086399865597260
  0.59259342490767697  0.60405059016131246  0.61540328534222422  0.62713988784369079
  0.63921358675474071  0.65084417661496097  0.66228550866393576  0.67410909303129052
  0.68616746313947152  0.69841543986316601  0.71081567340919261  0.72303588048049006
  0.73526562972300846  0.74651614490823370  0.75734711594901816  0.76803327969995605
  0.77807750838940315  0.78806368126546322  0.79767712869299201  0.80766564554809439
  0.81729813481519342  0.82724419130393678  0.83752651768468034  0.84839778494504980
  0.85909958651356089  0.86957461404677205  0.87958812469543668  0.88968941088460274
  0.89949028859991964  0.90940346651435378  0.91940656277523780  0.92961124066685408
  0.93953158129674119  0.94844381738534667  0.95687170656632015  0.96518084465204990
  0.97370786564279466  0.98231624079862301  0.99125036993797377  1.00000000000000000
  0.74177572260081492  0.75206346200599083  0.76240396714960179  0.76545804375469850
  0.76840010181266027  0.77123436997425110  0.77463352974620869  0.77827446834628378
  0.78124206419090447  0.78421136074961395  0.78693301263003057  0.79026223637686543
  0.79390336616118684  0.79756974387828983  0.80060089251131838  0.80337021180248480
  0.80569208273173676  0.80811201090376894  0.81063566922182639  0.81312131942671384
  0.81548111498624876  0.81774780918718659  0.82006213856059795  0.82267573975728403
  0.82531399080167644  0.82785932007970930  0.83020290166368582  0.83259357920231247
  0.83509164304779826  0.83776874279112745  0.84044976758081225  0.84297885481267310
  0.84540313617954532  0.84780981744775064  0.85024349001620569  0.85271259960927759
  0.85515117564783283  0.85755854000214093  0.85996121521269442  0.86233152576809724
  0.86472401562648049  0.86710092053818311  0.86955433033766216  0.87207676799386402
  0.87452459551408024  0.87698213994210461  0.87933988508821959  0.88176638468254354
  0.88417636786965470  0.88665017157406478  0.88911236500845481  0.89155862857553692
  0.89397971554960132  0.89641258274011915  0.89889097679811669  0.90137225456637882
  0.90386695659941940  0.90635900553022086  0.90881901317580560  0.91121479889208179
  0.91360253584514284  0.91602244116570708  0.91847163735697501  0.92093138581284184
  0.92342715095844319  0.92598054765388771  0.92856509387386754  0.93116036307495698
  0.93376219094051860  0.93634648937955811  0.93888810708501669  0.94131308896763011
  0.94357770974662925  0.94574274851651063  0.94784922216401746  0.94991480882459267
  0.95198129067809256  0.95398813483281164  0.95599235628888368  0.95802212269574782
  0.96007551387525147  0.96226240543614228  0.96457614003848591  0.96692234216973616
  0.96923806369427090  0.97154884333833036  0.97385642926344251  0.97612868077216575
  0.97850958720500247  0.98089849446510802  0.98348374755048962  0.98619239763733113
  0.98909079642218212  0.99215671742490097  0.99584148817590734  1.00000000000000000
  0.04321931794531583  0.09459668170913947  0.10640702068694603  0.11678671354393412
  0.12825491101004641  0.13869452644135205  0.14829125281449074  0.15702956728954706
  0.16480447436287954  0.17232613598587471  0.17989654881923944  0.18725180589277152
  0.19472277789661580  0.20187935632053242  0.20861778886205687  0.21484048107985532
  0.22119563389102515  0.22741699245311967  0.23363045436889884  0.23969573769428279
  0.24537643639417672  0.25098660606508494  0.25666992069272976  0.26227886562403596
  0.26818596409464363  0.27422982131036272  0.28028223923778384  0.28618478994791380
  0.29159827932168836  0.29668270462413965  0.30185514075117365  0.30725706480270143
  0.31277246343646020  0.31826991441737412  0.32371606413036658  0.32944431338610852
  0.33528203146868479  0.34084958984281344  0.34624348200383925  0.35136578593595269
  0.35680245153908807  0.36226461932549608  0.36751912985945734  0.37303986414110635
  0.37853042895737121  0.38418400149127874  0.39022532335662891  0.39625998279153712
  0.40231627837015005  0.40842667083096962  0.41446578047088717  0.42040396690810766
  0.42636146812798381  0.43255482913028442  0.43934544114585322  0.44617551595126587
  0.45292757434088521  0.45965759854840649  0.46637270308145329  0.47309893001415410
  0.47958572841082037  0.48536020477438285  0.49173546504928284  0.49852759894336152
  0.50547610053471070  0.51217530297975478  0.51877634224147640  0.52529306066857473
  0.53197757070638130  0.53877440616071515  0.54598498523341443  0.55377758694362822
  0.56148708139881431  0.56914112585789967  0.57695983202790491  0.58526051902610476
  0.59448060040965478  0.60349644311735895  0.61244649243433091  0.62124666818541130
  0.63097938833326095  0.64207106094511712  0.65398108135908939  0.66592033405440854
  0.67733783123505165  0.68824675997098972  0.69935613922678641  0.71203423978320868
  0.72706565211018215  0.74401566438017619  0.76182604399866827  0.78119175236040117
  0.80342222139468156  0.83200083425427551  0.87658891443842857  1.00000000000000000
   5.5144409923394883E-005  -1.0000000000000000     
 F F F F F F F F F F F F F F F F F F F F F F F F F F F F F F F F F F F F F F F F F F F F F F F F F F F F F F F F F F F F F F F F F F F F F F F F F F F F F F F F F F F F F F F F F F F F F F F F F F F F F F F F F F F F F F F F F F F F F F F F F F F F F F F F F F F F F F F F F F F F F F F F F F F F F F F F F F F F F F F F F F F F F F F F F F F F F F F F F F F F F F F F F F F F F F F F F F F F F F F F F F F F F F F F F F F F F F F F F F F F F F F F F F F F F F F F F F F F F F F F F F F F F F F F F F F F F F F F F F F F F F F F F F F F F F F F F F F F F F F F F F F F F F F F F F F F F F F F F F F F F F F F F F F F F F F F F F F F F F F F F F F F F F F F F F F F F F F F F F F F F F F F F F F F F F F F F F F F F F F F F F F F F F F F F F F F F F F F F F F F F F F F F F F F F F F F F F F F F F F F F F F F F F F F F F F F F F F F F F F F F F F F F F F F F F F F F F F F F F F F F F F F F F F F F F F F F F F F F F F F F F F F F F F F F F F F F F F F F F F F F F F F F F F F F F F F F F F F F F F F F F F F F F F F F F F F
  <DiscreteSampler_grid>
  grouped_processes
  1 # 1 for a reference and 2 for a running grid.
  10 # Attribute 'min_bin_probing_points' of the grid.
  1 # Attribute 'grid_mode' of the grid. 1=='default',2=='initialization'
  0.0000000000000000 # Attribute 'small_contrib_threshold' of the grid.
  0.5000000000000000 # Attribute 'damping_power' of the grid.
 # binID   n_entries weight   weight_sqr   abs_weight
    19   10   6.794078332561190E-001   9.369784946072262E-001   6.794078332561190E-001
    20   10   6.794078332561204E-001   9.369784946072300E-001   6.794078332561204E-001
    22   10   8.299233907342718E-001   1.383270726862146E+000   8.299233907342718E-001
    23   10   8.299233907342739E-001   1.383270726862152E+000   8.299233907342739E-001
    25   10   5.238153266828701E-001   4.774870054051211E-001   5.238153266828701E-001
    26   10   5.238153266828712E-001   4.774870054051230E-001   5.238153266828712E-001
    28   10   7.215919648114248E-001   8.774990990408279E-001   7.215919648114248E-001
    29   10   7.215919648114264E-001   8.774990990408312E-001   7.215919648114264E-001
    34   10   6.794078332561190E-001   9.369784946072267E-001   6.794078332561190E-001
    35   10   6.794078332561206E-001   9.369784946072306E-001   6.794078332561206E-001
    37   10   8.299233907342718E-001   1.383270726862146E+000   8.299233907342718E-001
    38   10   8.299233907342736E-001   1.383270726862152E+000   8.299233907342736E-001
    40   10   5.238153266828701E-001   4.774870054051210E-001   5.238153266828701E-001
    41   10   5.238153266828713E-001   4.774870054051231E-001   5.238153266828713E-001
    43   10   7.215919648114250E-001   8.774990990408280E-001   7.215919648114250E-001
    44   10   7.215919648114265E-001   8.774990990408315E-001   7.215919648114265E-001
  </DiscreteSampler_grid>
