  0.00000142110927971  0.00000151158387691  0.00000159920590233  0.00000167808862604
  0.00000172719198675  0.00000179813064243  0.00000188357151059  0.00000196194731037
  0.00000203880288572  0.00000211619226502  0.00000219503872463  0.00000228462787007
  0.00000238031263694  0.00000247901661133  0.00000257908634107  0.00000267924410827
  0.00000277764596523  0.00000288185346560  0.00000299466709542  0.00000311991933428
  0.00000324746952508  0.00000337799386996  0.00000352105460550  0.00000367324985893
  0.00000382715232095  0.00000398634472276  0.00000415445628368  0.00000432511025656
  0.00000448961764226  0.00000465768873371  0.00000484521908488  0.00000504153508526
  0.00000524358160763  0.00000545872056711  0.00000569932486833  0.00000596011952042
  0.00000624214198610  0.00000651342262110  0.00000683024371373  0.00000714665977921
  0.00000748090652058  0.00000784656403357  0.00000823822373713  0.00000867041118819
  0.00000914949512405  0.00000964777239868  0.00001017817121066  0.00001073961761946
  0.00001139157131683  0.00001205781161382  0.00001289451348543  0.00001377044210260
  0.00001469539699786  0.00001565036037973  0.00001664940433077  0.00001775961967690
  0.00001900198426364  0.00002035627962617  0.00002180471408835  0.00002338898877495
  0.00002515886976272  0.00002708923125048  0.00002919159119751  0.00003151472669775
  0.00003418400051979  0.00003726654812128  0.00004080278722946  0.00004477474810152
  0.00004919006372024  0.00005420799144834  0.00005986383888225  0.00006617074698302
  0.00007339205621973  0.00008149460876840  0.00009105109463173  0.00010226583923933
  0.00011527577132087  0.00013067678472992  0.00014959781460270  0.00017235962955891
  0.00019985697917939  0.00023456843127604  0.00027971325946398  0.00033383830796248
  0.00039251161530712  0.00047405456623546  0.00057707537367637  0.00071021216441091
  0.00089467781816051  0.00115659486057331  0.00150076825953898  0.00197946794932914
  0.00288217956778936  0.00535463809344034  0.08783025910201220  1.00000000000000000
 -0.00391489326237464  0.01745717055629669  0.03374500738786841  0.04783528970043847
  0.06116140069006293  0.07321211349342253  0.08508224220184218  0.09631311445261896
  0.10774878930058490  0.11882226772557034  0.12980122055700447  0.14079987182217171
  0.15254897627764624  0.16505144495494636  0.17765521314140664  0.18969554272817063
  0.20094620428130600  0.21191969716859288  0.22294588353705133  0.23377498476782937
  0.24418942067832342  0.25437363463399781  0.26480096706140482  0.27526337157925373
  0.28543880863913990  0.29571090416540807  0.30634140488914446  0.31735022672560625
  0.32892054911382462  0.34043153474625915  0.35214827562277484  0.36368601188959215
  0.37485549026224635  0.38598156897895158  0.39721530195464422  0.40843460578238949
  0.41940539780244840  0.43039165409023222  0.44118992427624615  0.45106724354770505
  0.46036434000163740  0.46951917479130667  0.47872417337265250  0.48826152810175727
  0.49794690492936489  0.50825422661535657  0.51898361556160821  0.52940290207615004
  0.53943994781504534  0.54934703801276308  0.55907157812999586  0.56876695625657070
  0.57847543960430747  0.58852689366429822  0.59907594276802856  0.60995362801799047
  0.62053281747327116  0.63046130317678206  0.64037079947015396  0.65057170299128542
  0.66119013222501521  0.67216486358000282  0.68225706368565875  0.69196740758989650
  0.70102093804892918  0.71042191970748458  0.72000596929205429  0.72927906802001108
  0.73887788774294005  0.74906326880557317  0.76008221871486981  0.77124218040154346
  0.78221582226555086  0.79305355830616531  0.80373037101711342  0.81466430970732173
  0.82624066929205175  0.83786991870701644  0.84947959888747882  0.86138117658741153
  0.87289557492380843  0.88327324709948263  0.89256982563273235  0.90233669037089781
  0.91156509768636895  0.92059299200651779  0.92949823236315465  0.93859101793036115
  0.94802608152058820  0.95724960565164074  0.96577773586651350  0.97405790555769844
  0.98156678513980100  0.98834569364318381  0.99424311883643668  1.00000000000000000
  0.00000178237933171  0.00000184268875917  0.00000191224603125  0.00000196662627761
  0.00000202074388813  0.00000209625481614  0.00000219194590786  0.00000228018394967
  0.00000236408930682  0.00000245045946325  0.00000254999852477  0.00000266605806570
  0.00000279383016430  0.00000293002125743  0.00000309247960740  0.00000326996990231
  0.00000344265620791  0.00000363787120527  0.00000382392501559  0.00000402200007797
  0.00000424129984134  0.00000447215571235  0.00000471492269632  0.00000496006077700
  0.00000522175446437  0.00000550308431709  0.00000581602107181  0.00000612524141088
  0.00000642929678284  0.00000678591593751  0.00000713908739386  0.00000751163565973
  0.00000790983077428  0.00000833018698489  0.00000877658030948  0.00000926252057863
  0.00000979233130587  0.00001033793145557  0.00001090487790087  0.00001146572285235
  0.00001202645665781  0.00001267134979434  0.00001338466652327  0.00001421816878278
  0.00001506092096693  0.00001588786449041  0.00001671615725396  0.00001758371193694
  0.00001855658495833  0.00001969851667478  0.00002096705078502  0.00002222719408108
  0.00002368623538654  0.00002507123987685  0.00002649440224174  0.00002800113622152
  0.00002965155398853  0.00003151600517252  0.00003362043286199  0.00003590495429193
  0.00003828986966114  0.00004081267275394  0.00004359455509515  0.00004662781849031
  0.00005001231145507  0.00005392832457273  0.00005825387737560  0.00006300849162199
  0.00006792185664278  0.00007326866766993  0.00007951277003445  0.00008692008295420
  0.00009556638967766  0.00010512543774224  0.00011670360996492  0.00012938262038656
  0.00014330361093537  0.00015891436689865  0.00017642109014281  0.00019600032340901
  0.00021915522702507  0.00024451428242463  0.00026971907449584  0.00030308147946826
  0.00035062474680364  0.00040818018245766  0.00048085728822941  0.00057838967109491
  0.00071022987730280  0.00090302920138375  0.00117130350137093  0.00155816338935553
  0.00242417390700809  0.00765013242483076  0.01331114169989829  1.00000000000000000
  0.00000300564569060  0.00000306145804911  0.00000322007622481  0.00000342374591968
  0.00000368221768500  0.00000392647326902  0.00000421946225481  0.00000449302304139
  0.00000475359599910  0.00000501295583801  0.00000528093301473  0.00000559002646142
  0.00000593365846675  0.00000631947820807  0.00000671106058513  0.00000711864479884
  0.00000751766300974  0.00000793855515356  0.00000836890296035  0.00000885099660254
  0.00000940922850607  0.00001004056888098  0.00001076532284715  0.00001154743831929
  0.00001238704006264  0.00001326863593112  0.00001427971769160  0.00001543782695798
  0.00001670450049847  0.00001808667919553  0.00001958915859959  0.00002134531408903
  0.00002315464066015  0.00002509282364655  0.00002715526873576  0.00002950847265748
  0.00003193157925902  0.00003450177379260  0.00003729847547801  0.00004031656929305
  0.00004364788763620  0.00004720311278227  0.00005094695130138  0.00005495947385835
  0.00005939499979356  0.00006425031137585  0.00006955038441570  0.00007515597603025
  0.00008117891282160  0.00008747944794008  0.00009402106162404  0.00010076507740025
  0.00010820014071160  0.00011613491085617  0.00012503328630044  0.00013460714484533
  0.00014490668381114  0.00015655572569605  0.00016916288820289  0.00018242866662178
  0.00019625213290043  0.00021105589751289  0.00022745918960760  0.00024486217827820
  0.00026517834564896  0.00028730688381844  0.00031362523173266  0.00034102288302640
  0.00036783366213530  0.00039708018851262  0.00042849347535147  0.00046496582445329
  0.00050512732665221  0.00054341005264056  0.00058209286592636  0.00062182505049641
  0.00066817946887266  0.00072581656554032  0.00078958312763148  0.00086178126033178
  0.00095664382259079  0.00105597239690476  0.00115259476842016  0.00124173954687680
  0.00133973695022243  0.00146127941342327  0.00159028887634912  0.00173712159809414
  0.00190519608903558  0.00210837780865929  0.00234952712305027  0.00271182198020331
  0.00336050599041370  0.00414047675507666  0.01686259866782732  1.00000000000000000
 -0.00192847479609062  0.00914140401527111  0.01895569155124563  0.02958904787721446
  0.04046222532655039  0.05132853648558702  0.06200119914505305  0.07250761278779613
  0.08229620020964949  0.09188451202119582  0.10179265737801144  0.11312708053459085
  0.12395685544482064  0.13496870671737202  0.14510071802091543  0.15659387479708720
  0.16781966576709201  0.18024241833832383  0.19234660016855026  0.20456701198305438
  0.21649713746760380  0.22839364293591286  0.24075100733184154  0.25301245779028247
  0.26577765330373060  0.27847081126586132  0.29134631200815347  0.30204277541186036
  0.31280163962732777  0.32368475271243463  0.33555883769918671  0.34759552315557873
  0.35968872089290160  0.37237854673555099  0.38431538792511216  0.39537703036935812
  0.40660879278217366  0.41835706548705287  0.43125851785483837  0.44349720299717060
  0.45554256874942189  0.46764109095449352  0.47976276590506173  0.49181312470876970
  0.50376626251757306  0.51586931241346157  0.52830132985182365  0.54112528919226921
  0.55302675342573948  0.56474705292673788  0.57698982444070857  0.58906085475204673
  0.60045922772709082  0.61103966527109843  0.62195607461477564  0.63293981586027426
  0.64390349951325254  0.65428248808924827  0.66424864741023060  0.67437008407790444
  0.68473496601320949  0.69523355100095041  0.70520446954573279  0.71483554113855652
  0.72461244437910832  0.73450000289782647  0.74431507260035079  0.75437094692819817
  0.76406297276679513  0.77356317933983976  0.78310076243236981  0.79280209221020614
  0.80252657867079547  0.81207503135987802  0.82118044862508688  0.82962013175524874
  0.83850699698388975  0.84719486883855188  0.85726239766209011  0.86699247022722126
  0.87665615272176978  0.88612821135104558  0.89497871417491093  0.90325131465451858
  0.91092479848784647  0.91843430050543184  0.92587356056358339  0.93355345229001208
  0.94175316399038089  0.95020158472926541  0.95847510048057205  0.96675870334004377
  0.97512736467166161  0.98372880854775813  0.99199614595904484  1.00000000000000000
 -0.00227129929981128  0.00960038183511804  0.02063993761256405  0.03141440364919233
  0.04339392852720518  0.05480248041145779  0.06601978255453701  0.07713479637479040
  0.08796520260654496  0.09726490241060673  0.10590122784390919  0.11505996332549577
  0.12445454865144230  0.13596543623682333  0.14683334922803878  0.15742949568519529
  0.16795689760154692  0.17818428295433475  0.18803462742739313  0.19759974807975389
  0.20676700879515070  0.21635013676434914  0.22615821690356924  0.23701790006999893
  0.24883589307532594  0.25949720443384011  0.27071487135529426  0.28056452197522924
  0.29188808446805958  0.30305438305529553  0.31483225773135343  0.32659793147060728
  0.33697883136404905  0.34717434494792232  0.35695174377565669  0.36704659143256113
  0.37760159419603256  0.38904930829461620  0.39986710067129139  0.41027846615685493
  0.42098715999424724  0.43257635612694290  0.44449341442567125  0.45591401944710047
  0.46681205450185603  0.47719220559294240  0.48708921158084839  0.49693954882378427
  0.50599776110822459  0.51508304030076757  0.52423795047684596  0.53392995679088906
  0.54408894342860592  0.55445120432747930  0.56487472583391307  0.57523416713595010
  0.58572612127707269  0.59645701664827122  0.60743609243599850  0.61806682789236822
  0.62826524469875333  0.63857677313681738  0.64939180479598757  0.66013223388931197
  0.67048309861394639  0.68000436215402127  0.68923516656724015  0.69891226281326480
  0.70893074015886226  0.71958606246637546  0.73014798260034242  0.74068374963812977
  0.75105296898739071  0.76139129601420752  0.77187230217945257  0.78230462937612100
  0.79259361613877544  0.80338394805978930  0.81497029704408219  0.82709347999697402
  0.83861750412053371  0.84903118895577834  0.85880344271626674  0.86854777014150764
  0.87914144274768924  0.89054664131692496  0.90238141506028424  0.91349509239055060
  0.92395161366125578  0.93396398102572986  0.94387922122665913  0.95424443261428604
  0.96511766718309500  0.97660965193313276  0.98810096850722751  1.00000000000000000
 -0.00145658144577216  0.00639450652860751  0.01370416030861584  0.02304206769760671
  0.03230778953509436  0.04098798985761896  0.04929323527736749  0.05838296879047875
  0.06852454329986343  0.07937719792268164  0.08940547284552651  0.09938911556287851
  0.10943739408395629  0.11919683486694654  0.12848947931091939  0.13733300253252922
  0.14629133063669686  0.15563843182483650  0.16509337786556172  0.17445033667367088
  0.18395959648955482  0.19393466771035700  0.20418141676710694  0.21497205783742535
  0.22580857872523197  0.23689017974382862  0.24714881790267343  0.25673889335768124
  0.26602674966396578  0.27550979012790611  0.28538933264369104  0.29549839340989253
  0.30591757978900108  0.31647163465765649  0.32750955313058627  0.33869619600252260
  0.34966760570636068  0.36031094319732854  0.37120450284204715  0.38250529624494806
  0.39384197417917355  0.40559242697700731  0.41744717886700700  0.42908758001172698
  0.44007624704846421  0.45082583768196277  0.46083985155887947  0.47150107132018654
  0.48250586139939683  0.49453718919265777  0.50606835654993898  0.51761556848023993
  0.52889241911559726  0.53918194729341451  0.54938758160562906  0.55973047043402724
  0.57081504450039033  0.58150153667057358  0.59233608765616774  0.60371154881151812
  0.61526878062327828  0.62704713038887261  0.63886070464098565  0.65009138362963670
  0.66048000130362949  0.67112117887686096  0.68254613159604138  0.69436738749351579
  0.70518067558921782  0.71542787281051556  0.72584209240366626  0.73660155315129094
  0.74832756473483397  0.76059476262547043  0.77327039357175631  0.78463039931690171
  0.79545103025110320  0.80599153272462709  0.81652165458126436  0.82729971759801768
  0.83783420784670293  0.84883205370809345  0.86009299699879538  0.87102000402411073
  0.88150459624737454  0.89176625426179823  0.90229081104038955  0.91298235102905023
  0.92367750402445670  0.93442941215145403  0.94558235276153313  0.95684233564858723
  0.96850128902432253  0.97965896070540370  0.98992008427437828  1.00000000000000000
 -0.00264667456427029  0.01059269876821842  0.02093703997055359  0.03259585889046285
  0.04384069891271462  0.05601909874681336  0.06752295293431698  0.07910638634669892
  0.09026205420820357  0.10176621710845941  0.11247822330128221  0.12278811658585384
  0.13316893274060035  0.14411807693069992  0.15488307648561972  0.16507713007079330
  0.17575191943598259  0.18713916592824031  0.19857521858328045  0.20910383954035874
  0.21994734864860255  0.23124090418711879  0.24229493985922823  0.25303823720827862
  0.26338941757374384  0.27455274229654369  0.28547785813067189  0.29674852737621077
  0.30787346621249589  0.31960973697453715  0.33160223742622097  0.34266846551042246
  0.35301696531534738  0.36179543079348325  0.37025581374091038  0.37903676543405973
  0.38839442347398928  0.39820262260754480  0.40751964125286766  0.41700386067605189
  0.42709134109264230  0.43760246824736165  0.44886215712143507  0.45945239080729616
  0.46987804093628383  0.47968677358446599  0.48944229903894593  0.49935614022754288
  0.50928558603345531  0.51901081103551661  0.52823529369555056  0.53682881244778280
  0.54627373854128392  0.55564451143916183  0.56486069679414375  0.57443637483744359
  0.58480430040837938  0.59637081060424257  0.60815434546699643  0.61924429282679661
  0.62960306311877923  0.63974052430414319  0.65068614025994598  0.66153544361230843
  0.67231079795187354  0.68331228603967187  0.69497230920615904  0.70675849021117454
  0.71810657478839968  0.72939647701995913  0.74133804738548015  0.75316297641375585
  0.76466385987583574  0.77507780626910960  0.78451771543440374  0.79381984335858580
  0.80368705417467801  0.81404828484524205  0.82440310691628993  0.83460501654901020
  0.84513187160235492  0.85570506548011438  0.86621906172487406  0.87703157382697983
  0.88783931568886154  0.89850713732097076  0.90833833010029408  0.91819647973997454
  0.92759471504515367  0.93672009663680411  0.94603470047936433  0.95564592916957547
  0.96591513044949395  0.97735276682270877  0.98864815062460876  1.00000000000000000
 -0.00215609429014744  0.00984047592015663  0.02036377206391940  0.03147986167962510
  0.04224093936263997  0.05314085602455593  0.06436234329476667  0.07432511700405593
  0.08475525042471678  0.09435150846277303  0.10440717471135673  0.11394077729526800
  0.12349894117687836  0.13500621339925281  0.14744184959898210  0.16024940308245064
  0.17181851511730895  0.18219678493120187  0.19217947212448591  0.20126211176205228
  0.20972349781202743  0.21847545386591385  0.22805342365942147  0.23958889652685234
  0.25203219926208803  0.26512213095642673  0.27654232831627479  0.28767638451068117
  0.29869574528131049  0.30971416918086103  0.32056794166328617  0.33139307301575333
  0.34321481025489925  0.35578730623168553  0.36768699474267424  0.37914272282213463
  0.39003331032866090  0.40072102550226923  0.41119021898019337  0.42177458064302048
  0.43265700955110614  0.44256999614242698  0.45192493937094813  0.46144870979063835
  0.47236822906594622  0.48351177409197982  0.49341138402969625  0.50267351615773692
  0.51284148196473922  0.52349110031500334  0.53433101261743798  0.54370614758158486
  0.55310501099786857  0.56287351832933452  0.57337250063429757  0.58480948309660019
  0.59507952592872326  0.60513095477366596  0.61495670171003891  0.62535071596889558
  0.63530291142915274  0.64458152571889893  0.65360670928389686  0.66293342663211252
  0.67289807129517676  0.68330495092272114  0.69424374175261472  0.70556263949234199
  0.71730003376213525  0.72896381867272508  0.73998420892549022  0.75044199991946514
  0.76072212599461109  0.77152139208957937  0.78190535423151930  0.79184820996748684
  0.80132661741843714  0.81102241627675564  0.82145762214236939  0.83256845189274531
  0.84380544129152757  0.85468682952897679  0.86549972711061285  0.87615379967201279
  0.88702039215601081  0.89841010167173285  0.91047078195929942  0.92269782521866439
  0.93425693608942695  0.94423299275279615  0.95325554530133905  0.96174217602206935
  0.97071555135651766  0.98019842954692926  0.98998843107386414  1.00000000000000000
 -0.00006948738379143  0.00031821211067550  0.00054377151884670  0.00068666404370983
  0.00080274257345324  0.00091654541593371  0.00102950580375935  0.00114737832593907
  0.00126606013257619  0.00138471471998590  0.00150478356299710  0.00162428576619544
  0.00173973732132071  0.00184964497062332  0.00195673704364649  0.00206092055343698
  0.00216512850128315  0.00226936864097404  0.00237579700450025  0.00248387118377396
  0.00259658428123498  0.00271428397589916  0.00283725218764088  0.00296962401796531
  0.00309792326226389  0.00322789071541247  0.00336294026690583  0.00351582367277341
  0.00364753289921422  0.00377713162175445  0.00391155755195890  0.00404557626780714
  0.00418283232846746  0.00432945911675661  0.00447512011870768  0.00461620804071671
  0.00475256146010121  0.00489685567316844  0.00503692454496076  0.00517427402007718
  0.00531682073028232  0.00544293209417136  0.00555777220151060  0.00566539933368322
  0.00577141693302623  0.00587582051096959  0.00598197102116594  0.00611828833829191
  0.00627652801402803  0.00646463247678352  0.00669528198180425  0.00695732857842034
  0.00715867114733374  0.00735773380846319  0.00756461236748944  0.00777023172115654
  0.00806315293033830  0.00828290271902016  0.00846507907153018  0.00864791782412685
  0.00885896721152236  0.00910374927513358  0.00936289734793007  0.00966703953349438
  0.01016678547710923  0.01055584348464165  0.01073681942756725  0.01091882883087523
  0.01110369387310326  0.01129035207443280  0.01148669552003027  0.01171396093360343
  0.01229339625164616  0.01290074148266678  0.01337331213130006  0.01425736766570656
  0.01463431971115557  0.01501088482860388  0.01568546251372957  0.01637156239935943
  0.01689506114543458  0.01728360242936052  0.01765056560202358  0.01799679285009550
  0.01839853340162554  0.01880689627925509  0.01904354062556313  0.01925485010573524
  0.01949469363369456  0.01971029329302036  0.01990916933607105  0.02062565784495678
  0.02126845545362417  0.02502439678808239  0.09344140801548489  1.00000000000000000
 -0.00255474533141501  0.00837869786451551  0.01738066020935314  0.02688237578118242
  0.03660062186814159  0.04636297844457930  0.05585944194259398  0.06576809798112297
  0.07638486280870257  0.08716007118022209  0.09761680409960673  0.10782469088158991
  0.11795343585592251  0.12825338056123450  0.13857837796115205  0.14868151575264366
  0.15881924730896538  0.16919680927630568  0.18035971702680062  0.19218370647391173
  0.20411899082442747  0.21605001606102678  0.22756490053297196  0.23891349431903841
  0.25029246948193773  0.26198717789861586  0.27375340975274970  0.28459732239757679
  0.29675463347407949  0.30892019543777560  0.32040410989563989  0.33100938174299838
  0.34152880592182910  0.35186217580908241  0.36199775939208761  0.37215248260285144
  0.38260059157002885  0.39346239953781453  0.40426237987775981  0.41531995530628951
  0.42651032882043072  0.43884186882250920  0.45132234917902658  0.46312404546912689
  0.47383159863469054  0.48476167226421951  0.49524901180704173  0.50599143465615082
  0.51657827608159801  0.52855821637660705  0.54054152619931362  0.55133944015810421
  0.56183088014905269  0.57276523905562615  0.58387295189432553  0.59467165082952467
  0.60520437582701758  0.61523847985093560  0.62492183690676739  0.63495332154268569
  0.64581845273848770  0.65709381876630157  0.66844816863808698  0.67977912574120181
  0.69107326286956361  0.70224257741019069  0.71300069864699123  0.72341096499960145
  0.73304769415130000  0.74209836778750682  0.75304887046538405  0.76419217855627797
  0.77471412911441606  0.78501859545299979  0.79515440980836871  0.80560833198487991
  0.81603762537720892  0.82654232081023016  0.83726963079523853  0.84804653922298923
  0.85853754002233129  0.86858405796367133  0.87819148382360901  0.88775419457596250
  0.89757874267908089  0.90745290387746125  0.91710549833460864  0.92646491995614189
  0.93597286289554216  0.94583601283678898  0.95578988402580922  0.96536627450550483
  0.97482273478088111  0.98370975050213694  0.99209335231823359  1.00000000000000000
  0.38072435788509296  0.72857012076341710  0.75585270208611466  0.76409292814450236
  0.76995269945200284  0.77445090136895733  0.77791440954273949  0.78130478131727321
  0.78478222985126211  0.78808005014281335  0.79117187061178396  0.79384438503211840
  0.79648375925948178  0.79956264196127003  0.80284574824049226  0.80624534430384331
  0.80993774777069349  0.81323197080538157  0.81624087283902125  0.81893176559711356
  0.82167347294402593  0.82464313445907256  0.82774739234652628  0.83062333554175616
  0.83334263610753967  0.83572957111549695  0.83831195259329583  0.84110774697887369
  0.84402358022005608  0.84661636915991978  0.84894069270879569  0.85120490318733488
  0.85362601694300200  0.85622855683795096  0.85900035831198951  0.86145268021366805
  0.86381460071245453  0.86609521853720561  0.86843940097542904  0.87098453921655639
  0.87339542886637622  0.87597121884943618  0.87865801944114930  0.88145561009120565
  0.88407926145943028  0.88667759363700138  0.88918187121986969  0.89160169567284209
  0.89404603753030787  0.89648554052376395  0.89903323526711121  0.90170010490526742
  0.90434834301842471  0.90695402776417089  0.90937606481245281  0.91158569754240937
  0.91373494822110946  0.91591416447519369  0.91815682930910980  0.92047599716426942
  0.92286079675467203  0.92525732259636317  0.92760389657317055  0.92988026046601280
  0.93207832744260044  0.93429681151419730  0.93653549772238442  0.93866852640618970
  0.94046984211963991  0.94218960128415796  0.94390703955138056  0.94562900545489115
  0.94727312770797312  0.94906612383393241  0.95092945246304672  0.95278730686247415
  0.95468888701882981  0.95660005492500066  0.95864029795253758  0.96069312651717409
  0.96277013847193627  0.96482124696323623  0.96685451178328896  0.96891572615293808
  0.97101766156291058  0.97320347150964526  0.97549760334850044  0.97784420559678453
  0.98025382446537490  0.98277616730066042  0.98521473607381427  0.98766944315193417
  0.99021999016374052  0.99293691120733596  0.99617563718188173  1.00000000000000000
  0.03153092588968852  0.06485791921130613  0.08237855234238962  0.09942153606197357
  0.11325064499068321  0.12569897390258311  0.13572104109703265  0.14462931569622114
  0.15292685787319157  0.16027944379551579  0.16742970252135361  0.17453020132294164
  0.18150635611914798  0.18826751501338146  0.19501011988219491  0.20141660772238532
  0.20711913436245910  0.21232187698585708  0.21763907460300280  0.22280560194896781
  0.22846195158337851  0.23431245583028390  0.23981920360707537  0.24509021645238743
  0.25051699551334650  0.25640112919304436  0.26253350600852049  0.26836757610999218
  0.27390117812019199  0.27937608956155630  0.28491294618507751  0.29071700773539044
  0.29630203136943362  0.30190773289837181  0.30765238011553303  0.31326277721292484
  0.31889090422988042  0.32439551672616357  0.33000121097140084  0.33580798827976976
  0.34164190999934313  0.34766831261871017  0.35318345763915532  0.35878460160872794
  0.36449146448656500  0.37079856518320359  0.37707778009441395  0.38325640182299436
  0.38936038825058628  0.39525733297854476  0.40105404621470586  0.40683057970642178
  0.41290214792576446  0.41938705699473883  0.42606783611209920  0.43247083578445716
  0.43872988826065046  0.44517383863465848  0.45179628054806725  0.45845456573614002
  0.46510908211267488  0.47196677864311587  0.47905732802880574  0.48663527650688992
  0.49418882464916097  0.50163163299897939  0.50885111646309755  0.51593081455092993
  0.52350761382924071  0.53139265987688189  0.53972683780448250  0.54812996765562361
  0.55646372807647937  0.56482721439601891  0.57358361614054776  0.58277212588122929
  0.59234743205157170  0.60226412124825124  0.61210400800651321  0.62212489206523369
  0.63250661065168590  0.64315915324958850  0.65399293194336838  0.66570124671597175
  0.67896920754138101  0.69246138148054293  0.70523474600545721  0.71744456469067375
  0.73053466399407929  0.74578855734863869  0.76408499434515054  0.78397692772822414
  0.80500876181890557  0.83121368947684937  0.87191582326904749  1.00000000000000000
   1.0311127266383083E-004  -1.0000000000000000     
 F F F F F F F F F F F F F F F F F F F F F F F F F F F F F F F F F F F F F F F F F F F F F F F F F F F F F F F F F F F F F F F F F F F F F F F F F F F F F F F F F F F F F F F F F F F F F F F F F F F F F F F F F F F F F F F F F F F F F F F F F F F F F F F F F F F F F F F F F F F F F F F F F F F F F F F F F F F F F F F F F F F F F F F F F F F F F F F F F F F F F F F F F F F F F F F F F F F F F F F F F F F F F F F F F F F F F F F F F F F F F F F F F F F F F F F F F F F F F F F F F F F F F F F F F F F F F F F F F F F F F F F F F F F F F F F F F F F F F F F F F F F F F F F F F F F F F F F F F F F F F F F F F F F F F F F F F F F F F F F F F F F F F F F F F F F F F F F F F F F F F F F F F F F F F F F F F F F F F F F F F F F F F F F F F F F F F F F F F F F F F F F F F F F F F F F F F F F F F F F F F F F F F F F F F F F F F F F F F F F F F F F F F F F F F F F F F F F F F F F F F F F F F F F F F F F F F F F F F F F F F F F F F F F F F F F F F F F F F F F F F F F F F F F F F F F F F F F F F F F F F F F F F F F F F F F F
  <DiscreteSampler_grid>
  grouped_processes
  1 # 1 for a reference and 2 for a running grid.
  10 # Attribute 'min_bin_probing_points' of the grid.
  1 # Attribute 'grid_mode' of the grid. 1=='default',2=='initialization'
  0.0000000000000000 # Attribute 'small_contrib_threshold' of the grid.
  0.5000000000000000 # Attribute 'damping_power' of the grid.
 # binID   n_entries weight   weight_sqr   abs_weight
    19   10   4.545153294944980E+000   7.473667535935212E+001   4.545153294944980E+000
    20   10   4.545153294944977E+000   7.473667535935208E+001   4.545153294944977E+000
    22   10   5.894812220333607E+000   1.267523991004941E+002   5.894812220333607E+000
    23   10   5.894812220333600E+000   1.267523991004940E+002   5.894812220333600E+000
    25   10   3.904669008387828E+000   5.432592413766272E+001   3.904669008387828E+000
    26   10   3.904669008387826E+000   5.432592413766274E+001   3.904669008387826E+000
    28   10   4.947365735574664E+000   8.646466929541397E+001   4.947365735574664E+000
    29   10   4.947365735574662E+000   8.646466929541404E+001   4.947365735574662E+000
    34   10   4.545153294944980E+000   7.473667535935212E+001   4.545153294944980E+000
    35   10   4.545153294944976E+000   7.473667535935206E+001   4.545153294944976E+000
    37   10   5.894812220333607E+000   1.267523991004941E+002   5.894812220333607E+000
    38   10   5.894812220333602E+000   1.267523991004941E+002   5.894812220333602E+000
    40   10   3.904669008387827E+000   5.432592413766271E+001   3.904669008387827E+000
    41   10   3.904669008387827E+000   5.432592413766277E+001   3.904669008387827E+000
    43   10   4.947365735574665E+000   8.646466929541403E+001   4.947365735574665E+000
    44   10   4.947365735574662E+000   8.646466929541404E+001   4.947365735574662E+000
  </DiscreteSampler_grid>
