  0.00000010995694856  0.00000021629908669  0.00000026683090273  0.00000032656920240
  0.00000039119773692  0.00000046537916399  0.00000054016408029  0.00000062703341947
  0.00000073254259038  0.00000085508642576  0.00000100028902901  0.00000114963495906
  0.00000132270830805  0.00000153308185207  0.00000175274379355  0.00000197324791336
  0.00000220974555501  0.00000247091052585  0.00000280305019120  0.00000318820133045
  0.00000362155813851  0.00000408429364527  0.00000467209490002  0.00000531485680850
  0.00000607350305496  0.00000699163801435  0.00000805807399553  0.00000923806161199
  0.00001047563614021  0.00001179582490905  0.00001329453328719  0.00001509716397704
  0.00001717027617565  0.00001939504176010  0.00002184267111825  0.00002466208026707
  0.00002774872830089  0.00003088583148444  0.00003406759198465  0.00003741443838549
  0.00004095371456174  0.00004491771054305  0.00004902340048299  0.00005366083725216
  0.00005868777173065  0.00006499124042890  0.00007176445983192  0.00007931678067215
  0.00008709665224646  0.00009650475764716  0.00010636702015695  0.00011652503228199
  0.00012707715861671  0.00013954544936290  0.00015361540251028  0.00016877702488711
  0.00018553790233923  0.00020536120785466  0.00022773158769242  0.00025162347028689
  0.00027729861684896  0.00030464422879892  0.00033289448398815  0.00036532598980094
  0.00040065056235101  0.00044284117927918  0.00048857764054821  0.00053831385597041
  0.00059173163566391  0.00064829766087562  0.00071231490483507  0.00076677714812063
  0.00082883691261454  0.00089773089408786  0.00097539288547042  0.00105991325473957
  0.00115389197243054  0.00126730372861851  0.00141342210155781  0.00159194100071402
  0.00179115510642206  0.00201033312034639  0.00223299779140065  0.00248189659075226
  0.00275860917267563  0.00305768122703238  0.00338853034241196  0.00378145590866431
  0.00423541634445091  0.00487664365637537  0.00550421292063310  0.00662994001474147
  0.00884997084274955  0.01266167872783079  0.21190437175170329  1.00000000000000000
  0.00000144034040017  0.00000150537666292  0.00000156670871467  0.00000162322626208
  0.00000166781293575  0.00000170962857435  0.00000176338988937  0.00000182967032720
  0.00000189387176229  0.00000195510768278  0.00000201408308767  0.00000207163385256
  0.00000213589231399  0.00000220718710745  0.00000228451565825  0.00000236892682920
  0.00000245839089038  0.00000254672710596  0.00000263093666053  0.00000271175650084
  0.00000279395581903  0.00000287780628483  0.00000298250739172  0.00000308919541196
  0.00000319274587935  0.00000329645670718  0.00000340400054919  0.00000351389443842
  0.00000363189070712  0.00000375301476204  0.00000387886763397  0.00000401098098575
  0.00000417425411531  0.00000434336179046  0.00000450626044016  0.00000466810654359
  0.00000483314716356  0.00000499955009766  0.00000516825448740  0.00000534828027358
  0.00000554444971952  0.00000575670643458  0.00000598710928707  0.00000622765465754
  0.00000649580936051  0.00000676653218885  0.00000703277545685  0.00000728780226875
  0.00000757493260059  0.00000787288207765  0.00000821447415570  0.00000857753399945
  0.00000897619747672  0.00000941363462261  0.00000988776255094  0.00001042161306387
  0.00001103374951728  0.00001168944538479  0.00001239594598262  0.00001320093635977
  0.00001401527644884  0.00001492631306953  0.00001588069251962  0.00001691030926046
  0.00001801961250360  0.00001926388832742  0.00002073389684419  0.00002224006294820
  0.00002408453246873  0.00002631584623206  0.00002916153623118  0.00003211548749559
  0.00003539691470471  0.00003951553971990  0.00004437293625914  0.00004977813363484
  0.00005568893494810  0.00006270046330281  0.00007124485809704  0.00008218167223822
  0.00009423957145760  0.00010673045980691  0.00012088290789300  0.00014167627719899
  0.00017014876625074  0.00020170923868902  0.00024265826314250  0.00031000152079501
  0.00041363012303952  0.00055415317344728  0.00081617340225914  0.00132978885097373
  0.00232828580651866  0.00824944183929812  0.08289610275174687  1.00000000000000000
  0.00000172219450600  0.00000188342807475  0.00000199799382844  0.00000211053706208
  0.00000223127132305  0.00000235527168091  0.00000248145296523  0.00000261227451473
  0.00000274538402670  0.00000287663125023  0.00000301343019349  0.00000316193855590
  0.00000331749062267  0.00000349217947736  0.00000368501055231  0.00000387632772408
  0.00000407593448501  0.00000428961030606  0.00000452074598071  0.00000477878493574
  0.00000506079510264  0.00000535265910896  0.00000564930334999  0.00000595665013750
  0.00000628822422317  0.00000665644890253  0.00000706621578681  0.00000750746166152
  0.00000796889586081  0.00000845411305377  0.00000897765864207  0.00000956894016021
  0.00001017495533910  0.00001085094562418  0.00001158065648740  0.00001235852307943
  0.00001316513354027  0.00001398899945716  0.00001484926265274  0.00001575016767060
  0.00001669272723475  0.00001770526711550  0.00001876755161966  0.00001990769018270
  0.00002114026918699  0.00002239488558604  0.00002383923588462  0.00002541634252581
  0.00002702992127908  0.00002869049995552  0.00003048553621085  0.00003245448633406
  0.00003445699220432  0.00003653934422210  0.00003874248813949  0.00004105722189677
  0.00004378784324046  0.00004697088419290  0.00005032652070320  0.00005390335816171
  0.00005785905559284  0.00006269279930590  0.00006826926393093  0.00007435247843288
  0.00008078063163728  0.00008772638908403  0.00009584192544493  0.00010423537552206
  0.00011333451741407  0.00012359024054462  0.00013585701793427  0.00015058830830474
  0.00016729310708474  0.00018648447977215  0.00020932214269038  0.00023566453379497
  0.00026565693358200  0.00029905082969541  0.00034428958321165  0.00039819933725099
  0.00045788401587441  0.00053229615405403  0.00063592684608826  0.00075816865691973
  0.00086408555882725  0.00098429925933190  0.00112147422448212  0.00131784409302285
  0.00163602474547586  0.00208612557522323  0.00259215368310945  0.00319869111568762
  0.00448291475538082  0.00678093723267926  0.01533703137382416  1.00000000000000000
  0.00000192940011505  0.00000252846772909  0.00000301150357948  0.00000357218062740
  0.00000411636279236  0.00000480188162564  0.00000557677474933  0.00000662352498486
  0.00000783623132443  0.00000902610165213  0.00001026648844617  0.00001162565711858
  0.00001308089450101  0.00001452714633695  0.00001613005731487  0.00001788436447134
  0.00001990600893418  0.00002218401252828  0.00002475528870103  0.00002763311295380
  0.00003106484347731  0.00003472716147481  0.00003879086127373  0.00004318989718475
  0.00004819287308400  0.00005368112021119  0.00005955536287510  0.00006589626276577
  0.00007265455134446  0.00008019557194151  0.00008823874955872  0.00009671432544282
  0.00010586002045632  0.00011606178706751  0.00012833934700048  0.00014129782681145
  0.00015598243095273  0.00017118593458947  0.00018694236010924  0.00020351721063988
  0.00022097240849152  0.00023966169902064  0.00026055168975843  0.00028291197613415
  0.00030544278419234  0.00032852594985529  0.00035336676262027  0.00037942914258999
  0.00040671363772109  0.00043768785473860  0.00047482904341367  0.00051796591072708
  0.00056407541616124  0.00061067054326725  0.00065673003263768  0.00070813080279412
  0.00076537116359282  0.00083130922063469  0.00091207402425881  0.00100206501214158
  0.00110105968183618  0.00118901356564151  0.00127070232742555  0.00133485051328840
  0.00139023793300266  0.00145201005417507  0.00153024676296603  0.00163758946155133
  0.00170292046700925  0.00176564702405555  0.00183139256900474  0.00191229145740865
  0.00203904060808180  0.00217636055727350  0.00231493947286933  0.00244067448977750
  0.00256559136704126  0.00271694228647444  0.00289627596025749  0.00309766991055556
  0.00330068275831496  0.00347126856748053  0.00365568056018223  0.00390045371647078
  0.00409254603989151  0.00426846702787775  0.00447069791859002  0.00476520963124838
  0.00541288088466529  0.00607178432383788  0.00649597202677493  0.00689448717412384
  0.00728864258217754  0.00774581028350926  0.06796701792492130  1.00000000000000000
 -0.00330144061667321  0.01195322593926591  0.02495567882256275  0.03635241833849091
  0.04783454036606781  0.05811106051236743  0.06818644799681980  0.07830623991183290
  0.08809352937005831  0.09845823064956406  0.10828091155924810  0.11824651159523654
  0.12855535919186908  0.13924160919080356  0.15022816009776671  0.16192854977152096
  0.17422209363717228  0.18551792273243470  0.19576852969433908  0.20590022805114461
  0.21721804996423030  0.22992654019112477  0.24302995918701670  0.25572884267124074
  0.26773295582440559  0.27877170195832179  0.28860446844864035  0.29795983344503835
  0.30712266595491072  0.31627572073847826  0.32590505374589263  0.33581972805546856
  0.34627247323440408  0.35741813197698197  0.36899417298759157  0.38096569503639588
  0.39339955256021092  0.40581098422379619  0.41793698646200422  0.43017121206958181
  0.44242680098032061  0.45473327782213341  0.46726885758501674  0.47969636248448538
  0.49207514579152550  0.50425153700592495  0.51503805025847416  0.52688146932921376
  0.53757666759671385  0.54781328175027721  0.55757008161348687  0.56779574343950523
  0.57851162537772050  0.58917951380578770  0.60022331243129945  0.61174979751969683
  0.62341503080311267  0.63464721341929697  0.64549728416918717  0.65662713423175123
  0.66851967849943517  0.68043098546525393  0.69198347578417807  0.70277911279156713
  0.71397598728491796  0.72486048226093647  0.73510329902822480  0.74513003266594979
  0.75548168453914322  0.76627194265372034  0.77690759797435072  0.78710825849136923
  0.79722631947746248  0.80740711322253911  0.81770373112485450  0.82683642015780801
  0.83584247136376622  0.84368950055369629  0.85225660379346924  0.86079737627967756
  0.86946615960234186  0.87812295472317747  0.88668834410128261  0.89534796612628065
  0.90464331982594481  0.91339492648661713  0.92176672255925884  0.93032471419660445
  0.93902592452842815  0.94803743107579852  0.95700758640043859  0.96534717026043804
  0.97354179597584478  0.98229572984512126  0.99091556122906888  1.00000000000000000
 -0.00239673064310521  0.00916391800800333  0.01965495809017742  0.03116145632033334
  0.04284747950978889  0.05367855944052079  0.06384007392593349  0.07413510826331547
  0.08430866734981886  0.09395749659984701  0.10412532798372189  0.11372193719525116
  0.12289848277938116  0.13206466770424119  0.14119506736146581  0.15080578714881016
  0.16093742298547356  0.17152846984599973  0.18197600248518492  0.19245885857401035
  0.20241604155440032  0.21190677135032804  0.22108894728324513  0.23072429311177847
  0.24090551362571982  0.25123671232534572  0.26143537508734316  0.27187969927106714
  0.28287737695766751  0.29394006234226361  0.30415183613882207  0.31363701982134518
  0.32307830441991686  0.33323366182665459  0.34352366926734729  0.35304533202332739
  0.36160123932774468  0.37019543014213491  0.37904125651116882  0.38908915641187208
  0.39968687288767302  0.41038085967968457  0.42142683429824424  0.43204566392075217
  0.44235813329277907  0.45244691453670899  0.46387865184797156  0.47564361222919771
  0.48858229636001393  0.50142059445962472  0.51401078356012520  0.52612975722273059
  0.53774866952820599  0.54931764040985698  0.56084949571625420  0.57200480153244293
  0.58340877302111749  0.59574531424033494  0.60731118927613759  0.61802486772939458
  0.62866218419919939  0.63937769138075928  0.64961455722828632  0.65864027785367041
  0.66764614010567280  0.67815920512729810  0.68908682461541149  0.69935887277171216
  0.70953869252301516  0.71977625488463337  0.73022996784807837  0.74081646178586347
  0.75129226802666549  0.76219696824061534  0.77308594832409616  0.78463372193609315
  0.79562996474610859  0.80644545620265451  0.81760972906015061  0.82923697241542060
  0.84081605382384905  0.85235032793863363  0.86387993586834921  0.87488453318331905
  0.88541363851460542  0.89634677384807859  0.90731260456347140  0.91811644466156705
  0.92816981463972636  0.93763907076396424  0.94700284132368417  0.95653950442055757
  0.96684847293358067  0.97805610508577734  0.98912334506036015  1.00000000000000000
 -0.00160340031244447  0.00782040031431897  0.01655777534746855  0.02505611381922945
  0.03350800856031398  0.04194556512060682  0.05032331820743251  0.05872143136398321
  0.06735539229161168  0.07598178569579142  0.08455126468185842  0.09255173432459349
  0.10093235893936002  0.10907224509973110  0.11735660153221521  0.12610526469751568
  0.13519265427216717  0.14394555064406350  0.15345974749601618  0.16419364066113482
  0.17554047031263101  0.18748809299140307  0.19857410732455427  0.20977162997701770
  0.22096082789706104  0.23270564361683427  0.24488324506123332  0.25612539945057960
  0.26661882151026328  0.27649503519474500  0.28687698229630748  0.29825778118248697
  0.30952858974796288  0.32258987728591704  0.33659993302235369  0.34993939360091197
  0.36121048944291639  0.37283428635064558  0.38562532631584118  0.40089682456807585
  0.41614809213185855  0.42960868419146941  0.44239807255568636  0.45493172300787538
  0.46751519744555248  0.48086874668329899  0.49502740268192319  0.50854639481319597
  0.52123019735822607  0.53414598590890128  0.54811261251038279  0.56237654739814180
  0.57724373240387550  0.59061825233465215  0.60475785383762770  0.61894301754818160
  0.63287873812081741  0.64597375529335177  0.65784418014686563  0.66967679024686766
  0.68200391866899435  0.69418639367710588  0.70644566141670861  0.71997235771416468
  0.73504606751023538  0.75013243790883144  0.76362005977690306  0.77420210066624850
  0.78330705286250657  0.79214537575359123  0.80124170976654829  0.81071945841822013
  0.81927794388123087  0.82736293133150896  0.83529641001732213  0.84359577823976728
  0.85259137042982214  0.86187828007983325  0.87060785190634515  0.87850378025953235
  0.88622655676480877  0.89375017002958879  0.90139374659301752  0.90864224073351529
  0.91558236178541619  0.92313205560867362  0.93109900589159489  0.93892260419096407
  0.94648451252141175  0.95399131434459539  0.96157485000522602  0.96915810342806163
  0.97646191398002280  0.98368335409026175  0.99152202226504094  1.00000000000000000
 -0.00215339165684764  0.01026341647242166  0.02115497581218136  0.03262202122014474
  0.04288249877050798  0.05225370272679154  0.06176220845877883  0.07177304524105887
  0.08330393988722484  0.09359225997140169  0.10389745727744994  0.11483580869751869
  0.12732100811988789  0.13878064075883589  0.14987911525970082  0.16035208118576813
  0.17116868800528245  0.18218164318528018  0.19323402997703654  0.20464841775645012
  0.21629435968354885  0.22847543701092712  0.24044108629376018  0.25320380781596757
  0.26675767211841506  0.27720812183717425  0.28611601016972049  0.29496526476098539
  0.30386400369807526  0.31268081620980714  0.32134361193166833  0.32966999846638700
  0.34031728643595427  0.35020627685978367  0.35987205821268781  0.36949700153820475
  0.38042498082982523  0.39201414220831315  0.40276612939257500  0.41267647031969618
  0.42189721698047883  0.43125092747960558  0.44081576601690392  0.45080349910509204
  0.46155157615171050  0.47246056704739214  0.48336419212760096  0.49418609143063136
  0.50456229736881308  0.51506606832597246  0.52545702791182058  0.53602440646911509
  0.54708144571535466  0.55883837399230130  0.57063378852288005  0.58166741903375530
  0.59210650742670701  0.60172454938635578  0.61136991562795862  0.62153118324749801
  0.63285221292119664  0.64362991664218072  0.65423661141263367  0.66395410917514230
  0.67418937046227267  0.68346505157745374  0.69343238143279973  0.70297463613360289
  0.71307387650320908  0.72374721106453277  0.73471271662603566  0.74531500454660338
  0.75500939896570129  0.76470165348722197  0.77478190878711617  0.78547601534027456
  0.79623016202833541  0.80641371272380635  0.81571277917451845  0.82437272650076987
  0.83299886385242483  0.84217667662242202  0.85260080611957234  0.86482398399308269
  0.87855967567996807  0.89007979424894668  0.90103573055516140  0.91145964574036253
  0.92234001141039645  0.93303182627612835  0.94464798174270459  0.95583719445916770
  0.96634871572244052  0.97701898609546844  0.98815442448643898  1.00000000000000000
 -0.00221018798845669  0.01021483268948682  0.02205540445873189  0.03331873508100425
  0.04429936145773661  0.05508509859613252  0.06592439621237614  0.07681739452873183
  0.08852624238551807  0.10129787493489806  0.11305732843750310  0.12298735374606232
  0.13282502326533435  0.14297630615805745  0.15418028522297153  0.16595181593287317
  0.17798002539397054  0.19013637651180151  0.20207045413227001  0.21321295424209052
  0.22389956541862940  0.23452108555073786  0.24522255967468984  0.25578418975653883
  0.26611514463584296  0.27606791426837202  0.28564769159989073  0.29565263504670736
  0.30627799618426765  0.31703139967996646  0.32806411164276417  0.33890887169835027
  0.34975711105868956  0.36037465611662817  0.37079567670100394  0.38057325721390328
  0.39007738790848012  0.40007899498148680  0.41023497046307128  0.41980116730891959
  0.42911879407548015  0.43898073281015598  0.44967695016741976  0.46125244910211372
  0.47200172288358466  0.48146887660710436  0.49029185594844615  0.49912199538655905
  0.50874679946853030  0.51865329836383844  0.52876721222909162  0.53930669570936673
  0.55037329089950782  0.56162923997811465  0.57286005402267415  0.58425859152624193
  0.59485389668658384  0.60494177715016006  0.61487224870288493  0.62473753628306905
  0.63441836908652982  0.64392135230941561  0.65401403410190395  0.66501230907205711
  0.67638879181561951  0.68803897420742088  0.69933141323493120  0.71038313320623592
  0.72135235949414833  0.73230438002405929  0.74270209294624445  0.75271872632449477
  0.76201491606240679  0.77107472052047932  0.78082559811088548  0.79062608220784969
  0.80137266066812363  0.81153503613023670  0.82185491047599080  0.83206877078670527
  0.84200387880308536  0.85166586295075164  0.86119393925532217  0.87055471208662127
  0.87980869497706060  0.88916625580891595  0.89897233496599038  0.91004619248597229
  0.92215115077910748  0.93385125763419130  0.94405396104210726  0.95355838257458669
  0.96574065469566361  0.97788007577703784  0.98908131296006441  1.00000000000000000
 -0.00012845263152918  0.00023959292664084  0.00059137387385725  0.00091386564428322
  0.00110990912766300  0.00130878989577797  0.00150628994149596  0.00169376451804766
  0.00186521033249157  0.00203239832649849  0.00220083928266305  0.00236506091311482
  0.00252628222005253  0.00270020021058433  0.00286890358460673  0.00303032394951581
  0.00317799859078236  0.00332403377734734  0.00347127728812797  0.00362528722786879
  0.00378180260279546  0.00393933249791458  0.00409812031019151  0.00425820879724157
  0.00441998970549781  0.00458446287198835  0.00475552285749356  0.00493436774951392
  0.00512121856195020  0.00535740436288123  0.00557965286725364  0.00579577247159163
  0.00601243467586808  0.00626233379437547  0.00648959941674794  0.00671698844672154
  0.00696875212612471  0.00718668342271069  0.00739072704765414  0.00759115841194023
  0.00778911917155980  0.00797647830651847  0.00820425058868227  0.00848328745866509
  0.00876747985050294  0.00902705213396010  0.00925042197737387  0.00947477096481354
  0.00971344835521658  0.00995792958335427  0.01020406293528991  0.01046884274980280
  0.01079701112143382  0.01114304238040549  0.01140315390309939  0.01164343064499920
  0.01188532652820627  0.01217981241050892  0.01262822174072721  0.01307744943283520
  0.01319706856658069  0.01331668770032618  0.01344597363951109  0.01357593932585079
  0.01373484594815172  0.01390056001467491  0.01431073575836899  0.01459392228228729
  0.01487525470198283  0.01520905089244824  0.01571516181275972  0.01639839341691347
  0.01714650597924684  0.01764520704968371  0.01791479403467174  0.01817330431741934
  0.01843163933826983  0.01881091455356653  0.01946051270240946  0.02007364921629626
  0.02056993113070383  0.02118986347724652  0.02194770251259617  0.02287185223796584
  0.02392460500684736  0.02597341550403386  0.02980386696865038  0.03290347406624204
  0.03552261117302474  0.03661475772472589  0.03753669489372263  0.05788778259178292
  0.06217826429911300  0.07667884802016356  0.21888579039674380  1.00000000000000000
 -0.00278797927035325  0.01053174040828909  0.02151089380331626  0.03371850827823705
  0.04442712159664722  0.05496272606415578  0.06569762579301210  0.07660918590439147
  0.08767718808835520  0.09877690887435174  0.10991544463969349  0.12043670665053841
  0.13049818860204690  0.14089141924250670  0.15118883346675030  0.16113606324732985
  0.17045343700743584  0.17991344447424173  0.18975092334678159  0.19994100855278765
  0.21022884877344955  0.22004909794009536  0.22979037326572493  0.23981387110465274
  0.25042726101655982  0.26122024831990209  0.27166825199584460  0.28213287484045180
  0.29389581412926907  0.30614822078706994  0.31793476874750964  0.32890876516133882
  0.33932698599392874  0.34985230729704903  0.36083816955014242  0.37242166196849669
  0.38390883414706406  0.39478111388845805  0.40556230113204211  0.41619006574940143
  0.42636543975805835  0.43608097592963024  0.44646476073827723  0.45798967915227984
  0.47053023925744325  0.48270999832284311  0.49384439266422980  0.50408059700447627
  0.51382185738507125  0.52381897230625907  0.53331231582215077  0.54266548084936150
  0.55173959951214602  0.56111752742010601  0.57156175976583579  0.58286213589279157
  0.59416274736040353  0.60501949850382486  0.61554318180306378  0.62620368985342079
  0.63681438156454973  0.64648481941890845  0.65632404211896023  0.66670902567796775
  0.67873222959460100  0.69076343452720268  0.70225533470668022  0.71334168384449237
  0.72366211505256905  0.73363673996861090  0.74385337152679720  0.75510102547441482
  0.76587386531107504  0.77639077249693422  0.78690879623457965  0.79816754458424888
  0.80949344271109291  0.82004319828006544  0.83041242346910005  0.84103582020088474
  0.85152066348616506  0.86118369046392995  0.87072266020166011  0.88106788404600567
  0.89241194399424495  0.90358626227216277  0.91452596035301992  0.92503628488350109
  0.93477906555379775  0.94423861118997565  0.95384143997617776  0.96326137606835738
  0.97250555623199619  0.98199020799190362  0.99103003099018938  1.00000000000000000
  0.40010344656854901  0.54712994498060308  0.56495424629419988  0.57794002020970792
  0.58826071593359075  0.59786574660621328  0.60696109314299773  0.61735594282457884
  0.62730946995696479  0.63716343368841533  0.64609571778462993  0.65685626571227096
  0.66808353972876866  0.67779432743799362  0.68813303620282051  0.69623316223491882
  0.70443411443561732  0.71145296388582435  0.71767314735139276  0.72405458628578334
  0.73074927791107258  0.73732503779759606  0.74330515378786632  0.74917051949733182
  0.75565638965063953  0.76259069910377419  0.76944613697118003  0.77577375242510682
  0.78173475269835413  0.78722426702654902  0.79258091086274840  0.79773508272435834
  0.80318656658511101  0.80892493199821436  0.81470099111688699  0.81999573006264381
  0.82472347156182035  0.82911560420475017  0.83349622549750646  0.83799931013139783
  0.84283001355159048  0.84753939456316618  0.85247042628623093  0.85722552928679463
  0.86200778349865281  0.86673300057092972  0.87092727343754262  0.87496531248853660
  0.87862276293376551  0.88238434773888452  0.88634276841983728  0.89053851336742218
  0.89474737937818982  0.89878844600830621  0.90261034176623700  0.90607841873986450
  0.90909614190120658  0.91215581104731569  0.91514765282604349  0.91817150819829929
  0.92138526495555717  0.92458072127794633  0.92765120449183747  0.93057992623314467
  0.93349104422485940  0.93641253904177679  0.93928082418876180  0.94204947191884569
  0.94467242954485886  0.94729054804192814  0.94973126384226880  0.95223391813654812
  0.95471863442631344  0.95720421060563332  0.95966548780814298  0.96209547033661269
  0.96435954405615176  0.96635666729631531  0.96827453974310274  0.97006083962605183
  0.97179095101859003  0.97342676530944894  0.97511483646065589  0.97666573268458756
  0.97832086339036084  0.98006366431516867  0.98192259689667583  0.98401122385426254
  0.98594054834639600  0.98786003468807049  0.98972480780796068  0.99152551474078265
  0.99334554518104579  0.99533829802961538  0.99758387076503829  1.00000000000000000
 -0.02195045508602064  0.13411293556330783  0.18321078475379868  0.21808246590447600
  0.24432394551268888  0.26591505510033986  0.28485427599699015  0.30300766086158842
  0.32023820214491810  0.33583148183283218  0.35011873968549939  0.36294791779153340
  0.37525887385552997  0.38795848892618973  0.40136453832344932  0.41359007369607409
  0.42467634765950230  0.43428314303737675  0.44325762105756000  0.45208010681914973
  0.46160939386862165  0.47169796807057768  0.48100966921673699  0.48954509505304050
  0.49776890130001239  0.50624756273916138  0.51499580712263482  0.52362983246975825
  0.53185564267735219  0.53951122084171421  0.54680709770312275  0.55387722684445551
  0.56082815201520997  0.56785095328271096  0.57501284694619648  0.58232967921897194
  0.59006328576145828  0.59804184960887774  0.60544859691816222  0.61234340301779766
  0.61894638151967052  0.62513572866078215  0.63126017248568944  0.63734003838801989
  0.64365991854534943  0.65003028073233926  0.65574920567059847  0.66149678062291561
  0.66677894727561993  0.67312460289775755  0.67941124930978347  0.68568257349034845
  0.69149629725268291  0.69680606561334202  0.70189824671274359  0.70690899884489689
  0.71209397609005165  0.71754197609018533  0.72309299056151932  0.72868307059015269
  0.73419516954539799  0.73953192146964930  0.74499482420875951  0.75037297150660476
  0.75556574109638941  0.76085423343184122  0.76631780863724197  0.77132494009797059
  0.77555747780907869  0.77956512123572896  0.78336693243952760  0.78743559722884859
  0.79209417953898653  0.79698793088632180  0.80179327720374216  0.80648596729074040
  0.81112360055198363  0.81572899152501932  0.81973085984556271  0.82391036445059573
  0.82862373257347277  0.83401728641929118  0.84007389569458712  0.84568267479576442
  0.85084192199420261  0.85626901684820078  0.86188542560406400  0.86758728836563825
  0.87307113940952930  0.87779808902429890  0.88308687472994196  0.88883946524513613
  0.89571689530868182  0.90601483146275130  0.92961060922328942  1.00000000000000000
   5.0844088390755191E-007  -1.0000000000000000     
 F F F F F F F F F F F F F F F F F F F F F F F F F F F F F F F F F F F F F F F F F F F F F F F F F F F F F F F F F F F F F F F F F F F F F F F F F F F F F F F F F F F F F F F F F F F F F F F F F F F F F F F F F F F F F F F F F F F F F F F F F F F F F F F F F F F F F F F F F F F F F F F F F F F F F F F F F F F F F F F F F F F F F F F F F F F F F F F F F F F F F F F F F F F F F F F F F F F F F F F F F F F F F F F F F F F F F F F F F F F F F F F F F F F F F F F F F F F F F F F F F F F F F F F F F F F F F F F F
  <DiscreteSampler_grid>
  grouped_processes
  1 # 1 for a reference and 2 for a running grid.
  10 # Attribute 'min_bin_probing_points' of the grid.
  1 # Attribute 'grid_mode' of the grid. 1=='default',2=='initialization'
  0.0000000000000000 # Attribute 'small_contrib_threshold' of the grid.
  0.5000000000000000 # Attribute 'damping_power' of the grid.
 # binID   n_entries weight   weight_sqr   abs_weight
    13   10   1.103006469148002E+000   1.193893522567522E+001   1.103006469148002E+000
    14   10   1.103006469148000E+000   1.193893522567519E+001   1.103006469148000E+000
    16   10   2.767283138214955E-001   7.451038647061275E-001   2.767283138214955E-001
    17   10   2.767283138214952E-001   7.451038647061257E-001   2.767283138214952E-001
  </DiscreteSampler_grid>
