  0.00000138440391504  0.00000144847724443  0.00000149233919891  0.00000153028903376
  0.00000157423999559  0.00000162119705944  0.00000167369131226  0.00000173102318716
  0.00000180247944638  0.00000187797835978  0.00000195531731964  0.00000202660804847
  0.00000209441876385  0.00000216439411166  0.00000224063510601  0.00000231807688883
  0.00000240708751215  0.00000250326534980  0.00000261371423129  0.00000273151248237
  0.00000284487693663  0.00000295241619955  0.00000305863514348  0.00000316426687449
  0.00000326909922713  0.00000338916551810  0.00000353592315340  0.00000369474535793
  0.00000386366280571  0.00000403390274284  0.00000418417534186  0.00000431965885991
  0.00000445303966802  0.00000457994763569  0.00000472224510012  0.00000489415616684
  0.00000507071143831  0.00000526153543783  0.00000546376326301  0.00000565103261185
  0.00000587447698128  0.00000607993610358  0.00000630508016936  0.00000656245696320
  0.00000684010682500  0.00000714917880001  0.00000749095605870  0.00000787716227203
  0.00000828162554846  0.00000868426046554  0.00000911927059861  0.00000959857439373
  0.00001008898752149  0.00001067986359075  0.00001130202012855  0.00001195370922125
  0.00001266495242012  0.00001340901069119  0.00001422736544337  0.00001510449362162
  0.00001609913448765  0.00001721743829033  0.00001837227124251  0.00001961527008306
  0.00002095508325392  0.00002250220644245  0.00002421409603860  0.00002610065591419
  0.00002822703858403  0.00003050715335663  0.00003313206690156  0.00003589911056541
  0.00003914638825547  0.00004300484006295  0.00004772554401910  0.00005251647418084
  0.00005685872342411  0.00006184091175043  0.00006759082328074  0.00007727504630283
  0.00008675942736811  0.00009831683411601  0.00011367818784399  0.00013530676788854
  0.00016246124377525  0.00019243500634267  0.00022764825076240  0.00027164010025856
  0.00033112561994455  0.00042735131206910  0.00057951134339585  0.00083883932647199
  0.00160424414355032  0.00321723810148190  0.07773495846785615  1.00000000000000000
  0.00000014553762856  0.00000015111810216  0.00000015594443867  0.00000016009073527
  0.00000016444838445  0.00000016848231934  0.00000017283824007  0.00000017832305645
  0.00000018382653398  0.00000018863433168  0.00000019330348485  0.00000019894702126
  0.00000020736943930  0.00000021694392510  0.00000022658647102  0.00000023691022753
  0.00000024981928843  0.00000026317412605  0.00000027763657922  0.00000029245767145
  0.00000030733904391  0.00000032730892301  0.00000034176105639  0.00000035638774472
  0.00000037110131629  0.00000038531517344  0.00000040063720200  0.00000041907372509
  0.00000044083259232  0.00000046556557572  0.00000048833210358  0.00000051433538130
  0.00000054247905430  0.00000057325840395  0.00000060793013560  0.00000064571832623
  0.00000068938298674  0.00000073201861982  0.00000077557706045  0.00000081907883642
  0.00000086265972329  0.00000090709333087  0.00000095564105504  0.00000101070775128
  0.00000107267539687  0.00000114076205721  0.00000120935692000  0.00000127671970786
  0.00000134555625188  0.00000141862416735  0.00000149374294417  0.00000157344339349
  0.00000166300941447  0.00000177293012702  0.00000187595705906  0.00000199361477497
  0.00000212258292813  0.00000226221231366  0.00000242319934405  0.00000260261078934
  0.00000279206640667  0.00000300016149271  0.00000321528308083  0.00000343601978683
  0.00000369537938389  0.00000396212620818  0.00000423025591867  0.00000453071019266
  0.00000487770231978  0.00000530448420165  0.00000576445089104  0.00000624501754039
  0.00000679182326511  0.00000741181872596  0.00000815678050684  0.00000904296652329
  0.00001009235302358  0.00001128135508576  0.00001262585796667  0.00001421504801823
  0.00001632509448329  0.00001887592587781  0.00002168901935727  0.00002514392764857
  0.00002966881356054  0.00003524025070061  0.00004236020688229  0.00005278789756726
  0.00006914577740762  0.00009316057208914  0.00012302906038123  0.00016877364720052
  0.00026884698504796  0.00058838859666063  0.39691603854092739  1.00000000000000000
  0.00000048978979742  0.00000052035255551  0.00000055906912671  0.00000060608011441
  0.00000065948364343  0.00000073105191186  0.00000082420485873  0.00000089852795868
  0.00000097415423626  0.00000105421788703  0.00000115300728883  0.00000126304953323
  0.00000139223143113  0.00000152295427863  0.00000167999297086  0.00000187785955531
  0.00000209973587619  0.00000231630644554  0.00000253756545089  0.00000279174931704
  0.00000308750566651  0.00000343338784827  0.00000380733783240  0.00000422062042558
  0.00000469851023551  0.00000520971561752  0.00000578094290663  0.00000641574538752
  0.00000712353395588  0.00000792078907066  0.00000864111184831  0.00000947364838504
  0.00001038134899189  0.00001150556489928  0.00001282005149400  0.00001413476734198
  0.00001547285787850  0.00001688826915679  0.00001842546919998  0.00002000692327943
  0.00002159530667373  0.00002329745578752  0.00002521935103450  0.00002737086107989
  0.00002964228861449  0.00003200362385620  0.00003447224626663  0.00003738079063244
  0.00004068528067410  0.00004441143805188  0.00004802315391982  0.00005171577248453
  0.00005554084340837  0.00005958971746909  0.00006387395868979  0.00006890343315405
  0.00007426221141902  0.00008014392976292  0.00008699642113782  0.00009482894626801
  0.00010420047046469  0.00011451068926029  0.00012439515646305  0.00013429130865853
  0.00014423931534207  0.00015450983742162  0.00016535953963735  0.00017771007659157
  0.00019093322074226  0.00020522823067535  0.00022163955161052  0.00024108625044740
  0.00026376633901178  0.00028687039065857  0.00030963277077761  0.00033600217020111
  0.00036283292298142  0.00039434766831338  0.00042810283746096  0.00046282235918092
  0.00049343340103646  0.00052790645350026  0.00056696938223246  0.00061117919835881
  0.00067122387599331  0.00074934194802963  0.00084574890399349  0.00096433621219331
  0.00114814311492373  0.00136481791940702  0.00162543911282616  0.00201132302449431
  0.00269916414940997  0.00455282689904826  0.45892101590439582  1.00000000000000000
  0.00000256438940227  0.00000272503109426  0.00000289011208436  0.00000308526961753
  0.00000331630671573  0.00000361315743701  0.00000386891335461  0.00000411316992581
  0.00000433103151065  0.00000453243927396  0.00000473741667286  0.00000495089089992
  0.00000523128011646  0.00000556241428625  0.00000586788103902  0.00000610900825031
  0.00000635996103499  0.00000661774460638  0.00000691436150304  0.00000727058049822
  0.00000767215596954  0.00000811072075967  0.00000856139608305  0.00000898578461332
  0.00000937993117540  0.00000979320173406  0.00001020873495563  0.00001066017138570
  0.00001121711873795  0.00001185138150850  0.00001250490132137  0.00001316463837775
  0.00001381507857152  0.00001452733894472  0.00001530025289799  0.00001617039593753
  0.00001707961638713  0.00001804091488830  0.00001899737519594  0.00001996060235572
  0.00002092148129844  0.00002189372660084  0.00002292547690259  0.00002397796130981
  0.00002514259404010  0.00002654691257212  0.00002804037997485  0.00002969743448560
  0.00003154664743030  0.00003358230592996  0.00003584634464895  0.00003818725290538
  0.00004059789628830  0.00004302687156766  0.00004570965967042  0.00004875463929527
  0.00005185993206072  0.00005503499720465  0.00005853042326582  0.00006250356243083
  0.00006650617490218  0.00007067840847165  0.00007528983108023  0.00007981151522699
  0.00008504797584148  0.00009028369513232  0.00009569105681030  0.00010161306973991
  0.00010819545019739  0.00011633401431640  0.00012639629819404  0.00013818485699702
  0.00015198295404075  0.00016767971145219  0.00018334558644034  0.00019845223823015
  0.00021401407219340  0.00023143598913120  0.00025008454371371  0.00027027060294502
  0.00029255275800406  0.00031568535169181  0.00034467269225757  0.00038400047548103
  0.00043649485367658  0.00050045593192936  0.00055849570363640  0.00062276618966976
  0.00069906540680429  0.00080638653280803  0.00099398417891911  0.00129562727849061
  0.00182924494452150  0.00309682853319453  0.09471755330570164  1.00000000000000000
 -0.00279718210065109  0.01322367597597456  0.02447714370751485  0.03599815793148923
  0.04733526643932255  0.05978581260773932  0.07294081259405312  0.08597577623659788
  0.10024682075405493  0.11610507225203334  0.13262698553277821  0.14839474773209441
  0.16281171400757080  0.17670504655541097  0.19056360200385700  0.20464604428233371
  0.21893340427502947  0.23266104849945998  0.24590101686422469  0.25874470434992997
  0.27148745030924809  0.28348764118561876  0.29563478693667400  0.30868045508757747
  0.32255435426657397  0.33615542735280102  0.34980476624187412  0.36361247111805844
  0.37720730966762711  0.39003324891902175  0.40270329652024739  0.41599019256865005
  0.42814890374506664  0.43892894247055297  0.44898326815041062  0.45920501170193967
  0.46930071185703642  0.47943865530939911  0.48939032433132179  0.50040342614092537
  0.51336815685299841  0.52616091527457243  0.53783362026838888  0.54861540394967190
  0.55974551707032094  0.57107226873319739  0.58219851556269386  0.59294666071504254
  0.60354481865974929  0.61361669434420629  0.62376549189067654  0.63385187813637267
  0.64437276585949887  0.65581795955316646  0.66694800385551067  0.67785419894430055
  0.68800378695041597  0.69754803289144329  0.70761122169491297  0.71774827721867163
  0.72808328518095800  0.73803002773864934  0.74729002779715337  0.75609477937738323
  0.76369488720581780  0.77147901989890966  0.77986209192928801  0.78996053385839238
  0.80030104650157241  0.80932824427498506  0.81746756573297941  0.82574364110559184
  0.83366486944980922  0.84127505033109895  0.84883632077983640  0.85555203685295866
  0.86262188212479052  0.87037748021129546  0.87832446114322238  0.88563384619362628
  0.89290763719275057  0.89925559726472970  0.90589553306127879  0.91240362533107411
  0.91900113634187819  0.92559652603909559  0.93180476696070391  0.93813600246196649
  0.94442138954228094  0.95046542301109593  0.95734369887912862  0.96519818765818899
  0.97446074419385742  0.98325661863187552  0.99187373126189493  1.00000000000000000
 -0.00329687076133107  0.01189080946232758  0.02472720901313186  0.03741158250895410
  0.04950413234628961  0.06060476098854139  0.07074935627611002  0.08120735952193411
  0.09196230317196651  0.10244145748497163  0.11266047342118178  0.12268323825392119
  0.13387044755524793  0.14609849256482249  0.15827844915689648  0.16969229876296668
  0.18155864607636707  0.19294135033974208  0.20444991644157598  0.21547700577836157
  0.22557292031547280  0.23578808907572632  0.24570910323764938  0.25623795301308966
  0.26658971075932120  0.27662243303189576  0.28516823472622110  0.29378310250934586
  0.30286330031245423  0.31263963214869600  0.32286037465692613  0.33311864402262825
  0.34363829656031653  0.35471982105663852  0.36564267372983633  0.37727886631964924
  0.38901617517554060  0.40186728089691537  0.41440823725874143  0.42423533517539885
  0.43420771650463463  0.44322383537574006  0.45250586832368095  0.46238095226594522
  0.47154260439194490  0.47973663128186800  0.48736158111760364  0.49536453269598751
  0.50353244405876785  0.51190770728106760  0.52155943410162742  0.53071474904361460
  0.53908353282688626  0.54723725925923405  0.55603977301054186  0.56582599166467562
  0.57746495174067047  0.58847945570943072  0.59817516815854366  0.60737722905187475
  0.61685313304363709  0.62667541227444890  0.63648734947932106  0.64598467156657946
  0.65581823913111847  0.66586049125090530  0.67594273165309227  0.68613474657535289
  0.69564767404637184  0.70477047110312108  0.71382304970677490  0.72317540157372329
  0.73330567158393012  0.74357916500742038  0.75505920146264971  0.76731582961125033
  0.77980098189967895  0.79171954577731263  0.80365942003715451  0.81546401667909230
  0.82772784091468754  0.83990673977621289  0.85230585036638096  0.86496714854169365
  0.87723372315140735  0.88880531601338275  0.90008418639041343  0.91096126641234376
  0.92154704675772214  0.93225540476596847  0.94354845324382330  0.95595444643232652
  0.96883195746347950  0.98079351177330520  0.99067805006846510  1.00000000000000000
 -0.00262805576105371  0.01022691180034284  0.02055086912879103  0.03138447881793778
  0.04238980394640662  0.05266058624824364  0.06194991247108959  0.07183208441808407
  0.08272612236892884  0.09347394537841848  0.10356282394473948  0.11370461314823448
  0.12426728373473793  0.13548342363956928  0.14677021791206432  0.15853886982024928
  0.17092236325812060  0.18237630770255076  0.19377044828857878  0.20557927681960023
  0.21717042796414116  0.22806022917590885  0.23740981522062449  0.24645528263164967
  0.25723558146231656  0.26928686415052022  0.28163733709423555  0.29346659344999049
  0.30490094127784195  0.31578500481112909  0.32591248248164689  0.33546083644297281
  0.34469934564447979  0.35414577300867095  0.36510424435011424  0.37720429032692671
  0.38825603418374133  0.39895591628850818  0.41026860852944225  0.42129216395033547
  0.43184588512748595  0.44186799316802911  0.45157573628786990  0.46175097270193249
  0.47212487358748806  0.48277669827011627  0.49428867567915336  0.50675573051255107
  0.52031252626402580  0.53303826823907141  0.54532029802896154  0.55757696507274379
  0.56864079462717465  0.57819061816209727  0.58635149046256474  0.59359011496083358
  0.60161454447781559  0.61101816170840051  0.62117677929620518  0.62879546194021962
  0.63709398298877296  0.64546499197556373  0.65527306734146740  0.66523204784039081
  0.67353238080166211  0.68113739261752582  0.68881270648865778  0.69720524801120831
  0.70609806015499443  0.71751239535964351  0.72941578737971668  0.74140037715586637
  0.75373925631649896  0.76583172628490059  0.77947229018037756  0.79252530192717552
  0.80589008073284596  0.81693037950409986  0.82788206501651906  0.83925360667639859
  0.85076191963923475  0.86131796674255123  0.87118875555182240  0.88114221452723185
  0.89123545454708808  0.90119550016108785  0.91062648902686860  0.92060166246445196
  0.93122771785834879  0.94153516587731434  0.95015674605042744  0.95805481671876291
  0.96666457013979656  0.97681646153198098  0.98838164746122414  1.00000000000000000
 -0.00265105645737154  0.01108242540976791  0.02114351604730062  0.03124113692087676
  0.04095632778930591  0.05032309264015969  0.05972629517645244  0.06921488276201060
  0.07899301602534221  0.09198239929224160  0.10511893053153888  0.11751175863609573
  0.12929336955266607  0.14129110937654552  0.15372412191960080  0.16401730647665477
  0.17405049510953480  0.18386241560751715  0.19424258102958711  0.20556714440926130
  0.21667356491315981  0.22743780424804058  0.23863619074253203  0.25037615773470090
  0.26287657870748199  0.27500451655632524  0.28584186729750671  0.29488897276751791
  0.30317522706292255  0.31184570424148778  0.32218386113490011  0.33314175845692273
  0.34344700779767184  0.35404661076934640  0.36524409657833479  0.37518889088976537
  0.38369937410976124  0.39185085061831193  0.39992053280281925  0.40845605937580814
  0.41718560450142445  0.42620889848820814  0.43621190408039434  0.44847655779945356
  0.46176874761918119  0.47496326152112811  0.48599341053041989  0.49562917028025938
  0.50501502293500500  0.51435731769968607  0.52515463668327600  0.53443963051112131
  0.54413747301671611  0.55388070759752328  0.56536111968467850  0.57782143671972719
  0.59007529661800895  0.60145597873597390  0.61348174118866128  0.62515064630278638
  0.63719450926626142  0.65040428558155206  0.66438628917774878  0.67780726956482007
  0.68963619223394235  0.70066669980204521  0.71105783733907768  0.72143107980025634
  0.73143256710287619  0.74108378525983865  0.74971733740670987  0.75845192114956472
  0.76628619990533631  0.77465292044903533  0.78488910844144977  0.79517681720165012
  0.80872787006198699  0.81960544787058354  0.82823701391625615  0.83589674702068029
  0.84363715448021903  0.85239974677935948  0.86244029408642775  0.87247029511199359
  0.88266275588925081  0.89324012029117250  0.90425536658217942  0.91568725657217653
  0.92748244978178218  0.93869698518258882  0.94893833408166450  0.95958455283616373
  0.97073659458730455  0.98164392393262012  0.99118145960796389  1.00000000000000000
 -0.00090753543676770  0.00257564024953193  0.00667681595051119  0.01111452043302567
  0.01494819364900264  0.01987153095550825  0.02492289357395024  0.02973766202497928
  0.03441267459063594  0.03932127442477828  0.04490123605047019  0.05010791185937075
  0.05583635607545631  0.06200754400513386  0.06817411337679849  0.07460860391175625
  0.08145159230594262  0.08833528881879781  0.09501910472227111  0.10167924237412553
  0.10873091052307619  0.11686001587864593  0.12427433714669689  0.13101155643008133
  0.13709160810071488  0.14342885653864157  0.15014502824498452  0.15726325230602894
  0.16540282382427809  0.17423137624066465  0.18332588559828741  0.19251352595268667
  0.20219880527283132  0.21337794144673836  0.22473185814788629  0.23544343611395732
  0.24602415237754022  0.25655778877677060  0.26720657621670368  0.27712339080887716
  0.28657434564399897  0.29635362607700738  0.30567541985998387  0.31464222389691948
  0.32313812903618017  0.33178188068617531  0.34083006919862008  0.34934693266059524
  0.35682781080931519  0.36686028182144903  0.37723724786853391  0.38934459928319537
  0.40295692042065845  0.41655709017651210  0.42974137709008237  0.44213351500743037
  0.45442050829427583  0.46740747766871943  0.48075014026339641  0.49401200678234108
  0.50818677361489240  0.52355839096439383  0.53914346913628419  0.55247736906754430
  0.56536620866078513  0.57812106461986645  0.59177074718052824  0.60490791995774407
  0.61848807104153458  0.63171459398735252  0.64527390924799766  0.65960054348424590
  0.67448454395950275  0.68918477868092609  0.70289683834766803  0.71618244812019694
  0.73023630645516791  0.74441009523165036  0.75873976092535156  0.77222143959077250
  0.78574978651991922  0.79957501544513021  0.81399398277222035  0.82743847994601294
  0.84147127475734229  0.85606776329135603  0.87141623716551386  0.88799190065889011
  0.90215904412701231  0.91522117630054101  0.92838333436004961  0.94303366512856679
  0.95763610534969734  0.97151714875773543  0.98559136191551810  1.00000000000000000
 -0.00291976459469323  0.00865418978897911  0.01950125104901696  0.02996624757439897
  0.04055613354323732  0.05119453733254387  0.06161084416667517  0.07230586612200719
  0.08188427902043859  0.09117249014322040  0.10013600044644509  0.10810157738168326
  0.11715119065492663  0.12704485506073404  0.13790837876616499  0.14900936700603676
  0.16042099890495848  0.17124386232471389  0.18166558249475009  0.19285059125859244
  0.20397830715365070  0.21387624111838813  0.22233156071820331  0.23063712572149778
  0.23986914722904301  0.24949212501369197  0.25964665178088631  0.26929710858051548
  0.28014361237787927  0.28973616242611361  0.29912099549503912  0.30901026806484283
  0.31895096114847926  0.32784907169143812  0.33621053272705298  0.34501179922182407
  0.35559961271328050  0.36681504710635160  0.37783039694029424  0.38920776002339857
  0.40025342283338999  0.41097070882099762  0.42142783699855935  0.43231226494249320
  0.44289750856169818  0.45349343325339364  0.46402620537172828  0.47469668631773743
  0.48590232298049996  0.49751140603656419  0.50809027361000547  0.51836062405312577
  0.52868792548826571  0.53911557808247057  0.54895587101716625  0.55832986858160216
  0.56890810803680314  0.58221544742258291  0.59246743893131670  0.60199400686903959
  0.61098123243801505  0.62013268372861841  0.62930979576367563  0.63879431359254246
  0.64864851937878187  0.66005656878739594  0.67178754536234619  0.68321221484283201
  0.69322353951414950  0.70302132337176793  0.71333786335223759  0.72511830353024564
  0.73662472589381867  0.74809334053773990  0.75924359471191660  0.77024887438910417
  0.78140014607244102  0.79391915295841553  0.80694562700220185  0.82097314860488024
  0.83416958930916685  0.84848726251314344  0.85852906678743768  0.86819600778423811
  0.87726753672060043  0.88573884536513892  0.89703455665259846  0.90855803233722210
  0.92077489902532939  0.93396648311056807  0.94649177460662848  0.95760542704496776
  0.96808965471274067  0.97893410997001773  0.98954320446018473  1.00000000000000000
 -0.00204492239016084  0.00907609536502466  0.01895669307439674  0.02996882715559986
  0.03973604950582628  0.04924117259039424  0.05913722221301178  0.07001569859587957
  0.08165747429425711  0.09359201272566303  0.10552809885652785  0.11823966020380046
  0.13121280762365237  0.14308343474720847  0.15403383666166745  0.16490507222474021
  0.17530908598822401  0.18506980949887769  0.19458264885893950  0.20326452636856246
  0.21202871319138761  0.22063521115815612  0.22964096312845614  0.23999598071007402
  0.25118099499349639  0.26104254579490610  0.27026725584272021  0.27920921259591397
  0.28846259524845524  0.29883482248517818  0.31026566852101733  0.32241564957657187
  0.33425910877673798  0.34494070548893779  0.35346226442398843  0.36090921281366639
  0.36821019513500070  0.37545319373034497  0.38393291919270828  0.39387960428078289
  0.40423930969007832  0.41566863549629629  0.42719904611575243  0.43741438122762394
  0.44643175590757833  0.45502659947815127  0.46401367015095352  0.47379341444143391
  0.48357210137032131  0.49328184865698332  0.50309017950402402  0.51345638202900068
  0.52338717793900602  0.53329799202799377  0.54344402923536272  0.55391070843125245
  0.56456676436634023  0.57484029467424091  0.58560145943497066  0.59667671558899871
  0.60748320857569227  0.61931222217637460  0.63012868684700873  0.64118308642835542
  0.65290213022327914  0.66529731340803100  0.67703100526875759  0.68884452942227481
  0.70066537968689480  0.71241274810050104  0.72422479436634990  0.73529401071068534
  0.74568438257939429  0.75593321341728648  0.76716873659439799  0.77854486052992078
  0.79005163721695149  0.80189455825975808  0.81258609993679898  0.82221026517713125
  0.83200306972728855  0.84312843250680736  0.85478894493307978  0.86484059348873477
  0.87464410382622870  0.88632616599922298  0.89752331649890726  0.90860224400292655
  0.91839148517008851  0.92835240809359187  0.93841879006388418  0.94987007229410447
  0.96324701653806188  0.97648168947964731  0.98884005352452975  1.00000000000000000
  0.45544432569098642  0.46277894978384498  0.47120689276287364  0.47892736688231552
  0.49166234145203808  0.50164032902118005  0.50996085879026720  0.51926993108629083
  0.52679455356580285  0.53431629725982455  0.54595161348152954  0.55424480802532194
  0.56218571293951158  0.57090095677409425  0.57927205316785324  0.58728127249259643
  0.59390252716639558  0.59987622208853764  0.60596898879827155  0.61192451061829756
  0.61768385829461803  0.62385040466814290  0.63074017661682635  0.63778480936232262
  0.64471536337839419  0.65102964800323093  0.65621796200995730  0.66152065600720855
  0.66713188266964152  0.67318969925735328  0.67901857692213641  0.68443077274688457
  0.69014619334292171  0.69646830235548296  0.70290507155674598  0.70848167786171523
  0.71367477939993362  0.71889163422942493  0.72454442509835226  0.72995397035172938
  0.73469410361732024  0.73947775276644701  0.74410563381203176  0.74913480902016494
  0.75395078775064861  0.75900065981250742  0.76404491072662206  0.76917851227718592
  0.77429308794220264  0.77945662054081977  0.78449074331326241  0.78937248507682989
  0.79433286231539768  0.79976201963876870  0.80490964038142310  0.80976164259826844
  0.81539577718718403  0.82170240725901755  0.82785044309543676  0.83363713609914147
  0.83906326949259602  0.84437641111345996  0.84969701714359624  0.85492042487451958
  0.85955544047739674  0.86444346626029089  0.86920983590901035  0.87372451198011214
  0.87799538793153198  0.88210403547418603  0.88564862886144502  0.88909383568801137
  0.89248046012515847  0.89607256856428819  0.90022678502312525  0.90472253789739765
  0.90917198864024829  0.91355337771164913  0.91791564982720575  0.92249138525928942
  0.92735470176454637  0.93206069640558931  0.93661293346079200  0.94116526937103384
  0.94574754362489566  0.95017709498254077  0.95432365838293731  0.95841126226749063
  0.96272612833498894  0.96740346760507012  0.97217483168206853  0.97703538725531280
  0.98223657335858572  0.98791787238256212  0.99396229319220286  1.00000000000000000
 -0.00953697798846899  0.15421942942241668  0.17108478325939891  0.18243674726213374
  0.19401215039448805  0.20472876932921250  0.21523354560620669  0.22430796466923295
  0.23327532539530724  0.24230192252582680  0.25110531242489126  0.25972620186185025
  0.26812198179467872  0.27600019301077799  0.28403679260586573  0.29170856762398462
  0.30084976699485333  0.30998886299901990  0.31869265414425768  0.32696367492699113
  0.33402749653329772  0.34098442478337965  0.34782121376800545  0.35484554295136228
  0.36219140039869380  0.36917293780394628  0.37589204776122059  0.38231751534450914
  0.38855786095099243  0.39447032687579209  0.40023107471191510  0.40611106647202483
  0.41180084823430346  0.41763237190027053  0.42330973832161073  0.42904987884265511
  0.43500050500159432  0.44152875453918600  0.44787805887015003  0.45379760340640413
  0.45930923008101193  0.46469822546291767  0.47043286764765735  0.47597176999771262
  0.48204370064232316  0.48762592898896456  0.49339299950731336  0.49884337303431586
  0.50424532328822991  0.51007684797491348  0.51615192412815003  0.52268099244716926
  0.52952104581650195  0.53576448413988131  0.54196463384132165  0.54851662973420434
  0.55513203651368592  0.56166198164037839  0.56720373665667601  0.57151305910926653
  0.57609546802224831  0.58057862819899142  0.58539712692027057  0.59189835548473813
  0.59837773963121033  0.60460985050290639  0.61040972313080255  0.61612403650369862
  0.62214694666970949  0.62887139749054322  0.63466247037879420  0.64035594510017013
  0.64601597889535267  0.65260669789041070  0.65971580773497651  0.66601683040407922
  0.67232747305540486  0.67856922841316369  0.68565250543287914  0.69318623991036932
  0.70064112003847490  0.70907438547478230  0.71946450244347082  0.73084009911728454
  0.74072467886743742  0.74996069488368777  0.75894356779042227  0.76849190881633622
  0.77919633963775681  0.79120131446065411  0.80576855849542084  0.82328923812990340
  0.84476925511621492  0.86963589589306223  0.90614328014489265  1.00000000000000000
   2.1573932754272122E-006  -1.0000000000000000     
 F F F F F F F F F F F F F F F F F F F F F F F F F F F F F F F F F F F F F F F F F F F F F F F F F F F F F F F F F F F F F F F F F F F F F F F F F F F F F F F F F F F F F F F F F F F F F F F F F F F F F F F F F F F F F F F F F F F F F F F F F F F F F F F F F F F F F F F F F F F F F F F F F F F F F F F F F F F F F F F F F F F F F F F F F F F F F F F F F F F F F F F F F F F F F F F F F F F F F F F F F F F F F F F F F F F F F F F F F F F F F F F F F F F F F F F F F F F F F F F F F F F F F F F F F F F F F F F F
  <DiscreteSampler_grid>
  grouped_processes
  1 # 1 for a reference and 2 for a running grid.
  10 # Attribute 'min_bin_probing_points' of the grid.
  1 # Attribute 'grid_mode' of the grid. 1=='default',2=='initialization'
  0.0000000000000000 # Attribute 'small_contrib_threshold' of the grid.
  0.5000000000000000 # Attribute 'damping_power' of the grid.
 # binID   n_entries weight   weight_sqr   abs_weight
    13   10   5.390801899194599E-002   1.412075197353132E-002   5.390801899194599E-002
    16   10   1.348502723973555E-002   8.841513088948278E-004   1.348502723973555E-002
    22   10   5.371739290144210E-002   1.400693766646009E-002   5.371739290144210E-002
    25   10   1.338989837088724E-002   8.699486251937099E-004   1.338989837088724E-002
  </DiscreteSampler_grid>
