  0.00000013435696739  0.00000014526268114  0.00000015320909458  0.00000016225048267
  0.00000017330564366  0.00000018571618571  0.00000019882365009  0.00000021247639424
  0.00000022842182002  0.00000024599636052  0.00000026374492871  0.00000027562013309
  0.00000028546027656  0.00000029580497094  0.00000030714108136  0.00000031863430020
  0.00000033116921327  0.00000034575390584  0.00000036388758476  0.00000038424476588
  0.00000040477448640  0.00000042628044536  0.00000044897781981  0.00000047353402000
  0.00000050108755674  0.00000053707927545  0.00000057925903012  0.00000061570804605
  0.00000064287200619  0.00000066850688199  0.00000069444405840  0.00000072181971410
  0.00000075130901855  0.00000078398254466  0.00000082146817833  0.00000086003198597
  0.00000090511086062  0.00000094985012184  0.00000099507411587  0.00000104076991399
  0.00000109416629248  0.00000115337069740  0.00000121238720919  0.00000126844582349
  0.00000132289933111  0.00000138230947692  0.00000144667269341  0.00000151294283594
  0.00000158493138388  0.00000167871738606  0.00000178933500481  0.00000189824804000
  0.00000201633515596  0.00000214276647135  0.00000227741776915  0.00000243833293164
  0.00000260414371128  0.00000275478442426  0.00000292129694248  0.00000310199871608
  0.00000330345366432  0.00000358727645440  0.00000393443337020  0.00000432350048244
  0.00000480194186759  0.00000539634145306  0.00000607202317097  0.00000673905034341
  0.00000742462508150  0.00000819296546256  0.00000913422334735  0.00001044550522936
  0.00001217659004201  0.00001431667789795  0.00001690112976318  0.00002009970731980
  0.00002412463092305  0.00002925758659377  0.00003590502340155  0.00004415504572720
  0.00005471451567242  0.00006869765254200  0.00008796525773149  0.00011303895872932
  0.00014867675154486  0.00020381280550642  0.00026737114638625  0.00035218366086682
  0.00048526148067748  0.00066807435725874  0.00089744949194730  0.00138357868952798
  0.00228546890869479  0.00517692373397409  0.04628297021226592  1.00000000000000000
  0.00000179603577480  0.00000190656448623  0.00000199043539692  0.00000207337402176
  0.00000216341696703  0.00000225967259186  0.00000235275743573  0.00000244337341120
  0.00000254389770433  0.00000265154359895  0.00000275996277115  0.00000287659276674
  0.00000300873539226  0.00000314971055120  0.00000329688537553  0.00000347041205824
  0.00000366974237050  0.00000389100383990  0.00000415224888536  0.00000443416958040
  0.00000472349292843  0.00000500965847834  0.00000530441355132  0.00000562446861206
  0.00000596224905284  0.00000632309708327  0.00000671007363446  0.00000710178502210
  0.00000745882872029  0.00000782741596222  0.00000821849534061  0.00000862508945284
  0.00000912982951456  0.00000968694723025  0.00001020239254409  0.00001071878596498
  0.00001124781489209  0.00001179984822655  0.00001246668986997  0.00001321994697318
  0.00001405288732999  0.00001495125877909  0.00001584983757717  0.00001678024298027
  0.00001779032967284  0.00001872438633835  0.00001973663656169  0.00002083665409216
  0.00002205927823367  0.00002347144293266  0.00002493268175710  0.00002648542580039
  0.00002821344781862  0.00002988675695869  0.00003143284417312  0.00003305072732986
  0.00003475150308454  0.00003704384402500  0.00004008490223605  0.00004327431835752
  0.00004659475797718  0.00005033812812918  0.00005432275531914  0.00005888182744825
  0.00006385106431557  0.00006954619986376  0.00007603497643017  0.00008301779867005
  0.00009079109358189  0.00009989117766198  0.00010961020610618  0.00011965618470623
  0.00013090933525954  0.00014444516640392  0.00015987916164195  0.00017571614333605
  0.00019249083291903  0.00021230097063651  0.00024030777462612  0.00026560364312390
  0.00029048899013444  0.00031628091714132  0.00034677671859002  0.00038483938625140
  0.00043298525197072  0.00050325150660027  0.00057984714602775  0.00067892777416118
  0.00079105670519835  0.00090442934518316  0.00105665210897074  0.00129093830415526
  0.00163025639319625  0.00215505135947504  0.04094788711346686  1.00000000000000000
  0.00000077619145747  0.00000319219127949  0.00000344987096039  0.00000369322655543
  0.00000396413380977  0.00000425282384738  0.00000454660743922  0.00000485950989013
  0.00000520642803505  0.00000557585998237  0.00000597945194548  0.00000642857805462
  0.00000689140709009  0.00000737678761618  0.00000789721771078  0.00000845666711456
  0.00000902711107509  0.00000964346162570  0.00001030816849044  0.00001106079664820
  0.00001191266228965  0.00001285830441701  0.00001387326869906  0.00001489941894767
  0.00001595782650339  0.00001704597134211  0.00001828738051100  0.00001962631136457
  0.00002115238108527  0.00002263673607558  0.00002425726538657  0.00002588986803952
  0.00002790145227421  0.00003023671253865  0.00003268341215289  0.00003520081628642
  0.00003771172830035  0.00004025121029918  0.00004288702734276  0.00004569052630883
  0.00004859319587666  0.00005164888184367  0.00005485017697269  0.00005815334793425
  0.00006192132244526  0.00006580178838855  0.00006992280138892  0.00007431532607896
  0.00007843893332461  0.00008282269535633  0.00008750940368591  0.00009308312003891
  0.00009945151351917  0.00010675802824776  0.00011451184161625  0.00012247877505780
  0.00013090484936161  0.00013968833198767  0.00014906870794949  0.00015823936746510
  0.00016778532313382  0.00018019248823683  0.00019388892213126  0.00020889925317305
  0.00022665021208131  0.00024977857750317  0.00027623081358640  0.00030366029701411
  0.00033385356070016  0.00036851475045794  0.00040597071503344  0.00044355473353793
  0.00047869694194639  0.00051281419724591  0.00055133866530562  0.00058848517729256
  0.00063554847966527  0.00067337321899135  0.00070207110786526  0.00072843412558308
  0.00076157538689151  0.00079629549859302  0.00085266782631512  0.00091431343281130
  0.00105912720647512  0.00114328310545199  0.00122055126771459  0.00131715725877236
  0.00143661376542523  0.00155838727511395  0.00182687837946783  0.00209536948382171
  0.00241298996850666  0.00302261613192595  0.11536132154246830  1.00000000000000000
  0.00000130160705845  0.00000195241664732  0.00000217367709507  0.00000241185150130
  0.00000266169453937  0.00000291056937664  0.00000309162395666  0.00000328110579789
  0.00000348825623796  0.00000369555786450  0.00000388833708668  0.00000408142536375
  0.00000428661545822  0.00000449279025969  0.00000474033618734  0.00000507169987732
  0.00000539573724974  0.00000572601645442  0.00000605620432085  0.00000642943824852
  0.00000684161478030  0.00000729794991242  0.00000775592130322  0.00000823971327970
  0.00000874756290909  0.00000932316641710  0.00000995214737255  0.00001058384842016
  0.00001123356469089  0.00001189132091301  0.00001258518477292  0.00001328856987665
  0.00001404458546616  0.00001492240095169  0.00001581475183094  0.00001677056417732
  0.00001775590710778  0.00001875783943310  0.00001985889269438  0.00002094342553936
  0.00002199721089290  0.00002311285283352  0.00002429014798719  0.00002553092047542
  0.00002694755484413  0.00002860298042792  0.00003043666559013  0.00003229783834938
  0.00003409883781199  0.00003578809020391  0.00003764411403153  0.00003958193773460
  0.00004174240725535  0.00004432587456236  0.00004731899259108  0.00005045408780064
  0.00005436761556558  0.00005803404769425  0.00006164839661077  0.00006546127802556
  0.00006955724436178  0.00007388777363705  0.00007749953993077  0.00008125994280833
  0.00008510031280524  0.00008872030450767  0.00009315786048878  0.00009793456673235
  0.00010274817177839  0.00010870125241884  0.00011525714389937  0.00012256796088237
  0.00013065521573318  0.00014065722520956  0.00015169141170488  0.00016359318797412
  0.00017667151960972  0.00019170863773309  0.00020966073863800  0.00023052332762211
  0.00025375080972591  0.00028002253083832  0.00031037071429682  0.00034637037064633
  0.00039037128664277  0.00043669898648905  0.00050786662028087  0.00058991156028632
  0.00073260802335837  0.00085906143901912  0.00102981212062367  0.00119815919614490
  0.00153480981052521  0.00203347491668322  0.17922021068308930  1.00000000000000000
 -0.00250441489001256  0.01028243105994664  0.02033877044283542  0.03022498675548829
  0.04028322341317433  0.04985767223595286  0.05852309534352042  0.06656509797701846
  0.07566350305950893  0.08458308947568728  0.09566353706673199  0.10658606920248079
  0.11631646056846184  0.12554080110729068  0.13551612757179046  0.14750466969739875
  0.16035328425113482  0.17134197173063556  0.18133684831562907  0.19128707140326445
  0.20174324270519828  0.21270154259222487  0.22408544021639223  0.23530889132790453
  0.24627216070535196  0.25750110514747382  0.26954060633177424  0.28253852129864782
  0.29500678547310355  0.30663027379384156  0.31741983261748979  0.32821912546821974
  0.33730453846338343  0.34637511689136380  0.35515631630082667  0.36444865603354820
  0.37543008686688645  0.38595528365188969  0.39570379333869449  0.40506990003517263
  0.41573949385438191  0.42754029687041584  0.44001987319493324  0.45135208443665581
  0.46086346869962769  0.47053221695263409  0.48050773820767734  0.49161334010405416
  0.50198772074680431  0.51259164281709246  0.52340137525478392  0.53491599198226181
  0.54641460849777634  0.55725223358964959  0.56744098639384188  0.57765025574172035
  0.58785362718600809  0.59904635874294088  0.61040202343668859  0.62165020996774278
  0.63318574105301684  0.64391764673345164  0.65483436472541490  0.66385437706482431
  0.67201587566305876  0.68032292581545217  0.68930095753353038  0.69964565972715753
  0.71170731378662655  0.72323600454130366  0.73521279921695981  0.74527300319808754
  0.75274941832024966  0.76011552761994028  0.76737910528409758  0.77456862763108236
  0.78486962494526691  0.79566789401899241  0.80854495960937822  0.82002743108722731
  0.83014662227045322  0.84091036774398575  0.85209219968187866  0.86352894339359632
  0.87392733171903714  0.88454948953107504  0.89527796733429521  0.90610748855575318
  0.91701199254357213  0.92739261046956367  0.93894959078721629  0.95239092846123607
  0.96570334006509306  0.97725425187089221  0.98820996817474027  1.00000000000000000
 -0.00177847230591876  0.00795232905098140  0.01713840443360376  0.02717022009418322
  0.03623082483576824  0.04542535092762239  0.05476144133745017  0.06453820452110533
  0.07154434897935312  0.07778688310440052  0.08428919087608371  0.09167458736538872
  0.10120436035705827  0.11207249282403474  0.12417728183518176  0.13639722283332131
  0.14827285293502115  0.16009652884492839  0.17139097635006559  0.18244648068550445
  0.19317137091765060  0.20346928683137905  0.21412343638847661  0.22527091223012202
  0.23598104434054498  0.24551032937014255  0.25609477396776814  0.26797131370754501
  0.27988809917380081  0.29185754501321426  0.30373434952670753  0.31527767691339498
  0.32543539585419379  0.33454624945379702  0.34395238673493539  0.35441593454040227
  0.36549295687353078  0.37616273229040126  0.38710997881487585  0.39783706782449446
  0.40859866484327284  0.41886875893828207  0.42818919355257240  0.43691168770987104
  0.44558932473467244  0.45463915066806804  0.46526529002284778  0.47674258838362288
  0.48978303154776515  0.50276254529161979  0.51456992626996922  0.52586316604226258
  0.53743536853458551  0.54962340598675330  0.56017212215518297  0.56806293489998738
  0.57609405402701774  0.58388953991453918  0.59388685260787488  0.60451702409010177
  0.61515776029611180  0.62635700070550293  0.63695291691181510  0.64688112716205148
  0.65690417952240776  0.66785344870123620  0.67972575883132713  0.69052294466348396
  0.70078126733343149  0.71154762895221968  0.72289998387730570  0.73446303316727346
  0.74637583686232545  0.75912242405797048  0.77279179162458056  0.78596600088430524
  0.79847576326221681  0.80837932689051673  0.81676736497056546  0.82522550352060753
  0.83449695091730780  0.84568823627670364  0.85784519033242423  0.87025882226840645
  0.88185560607923130  0.89261597484129784  0.90248836164274293  0.91149770933088181
  0.92139922374815908  0.93127938395431620  0.94124370173695437  0.95212861748028843
  0.96285166802038680  0.97509393177350412  0.98703744696312501  1.00000000000000000
 -0.00195481274875267  0.00645089452284697  0.01559713181028046  0.02566375706082200
  0.03756481356108819  0.04967512720141263  0.06104405224703330  0.07203591984253166
  0.08219533775887210  0.09138787790648616  0.10001538747650786  0.10868472404525673
  0.11878094576535198  0.12947082259253567  0.13956175646065314  0.14823065390667198
  0.15648893391810054  0.16543873658110642  0.17577029229460370  0.18670109078512806
  0.19721996964575617  0.20774190955060498  0.21734049280188084  0.22607249429235404
  0.23447633811669985  0.24323136924342581  0.25337036616085490  0.26291107279587822
  0.27148143960926019  0.27998899083971240  0.28919155332159135  0.29960428091802033
  0.31105703998023582  0.32070348462791731  0.32993647595742132  0.33819947071116774
  0.34726617510599500  0.35698947102695583  0.36917398705931981  0.38094806736790171
  0.39287917306076525  0.40355086039438337  0.41271684169594069  0.42208947333278912
  0.43157460484344101  0.44121554381525252  0.45117125093622379  0.46084822517564583
  0.46986559188163590  0.47912780215795148  0.48848181504459426  0.49822257026760408
  0.50908217406873346  0.52132989196027857  0.53512315673913158  0.54842107855953537
  0.56001232096275022  0.57061739018447999  0.58108322612432584  0.59266952853201837
  0.60575008765366289  0.61924035869710803  0.63156944345003641  0.64234266078801960
  0.65223697085479226  0.66212543739147134  0.67357996098557305  0.68503964394590633
  0.69565593416500937  0.70579641443138497  0.71666480079906458  0.72793082277064713
  0.73882849724280208  0.75069740267053364  0.76344135148955639  0.77578068069294892
  0.78741600933888622  0.79808109205496025  0.80886150530935508  0.82079951754027436
  0.83039006403349147  0.83980555692325354  0.84900514519782344  0.85826837263607136
  0.86931110268855616  0.88025969513555125  0.89087599115201477  0.90047366046710531
  0.91050202533136582  0.92112542283600007  0.93233869017123783  0.94511932919918440
  0.95907901635065695  0.97261698321002921  0.98594214004401315  1.00000000000000000
 -0.00007903507348966  0.00014738641835124  0.00036236502024919  0.00050044197167452
  0.00062702113036717  0.00069699364791514  0.00076696616546312  0.00083840942685808
  0.00091001396591047  0.00097855089048556  0.00104567857881896  0.00111411022484557
  0.00118534927777714  0.00125515843853542  0.00130742015500216  0.00135968187146890
  0.00141189053843467  0.00146142980581652  0.00151096907319837  0.00156050834058021
  0.00160490086274919  0.00164798560647277  0.00169107035019635  0.00174298513685615
  0.00179915952617283  0.00186051188393585  0.00193521552571933  0.00201566275420760
  0.00210237232822488  0.00219509210500314  0.00228824581144890  0.00238114296767995
  0.00247168596636205  0.00256350842415070  0.00266427742910102  0.00274468038850005
  0.00282119146760782  0.00289850664026061  0.00296923530672870  0.00303483915103175
  0.00310893880475421  0.00318766410549013  0.00327301947177308  0.00335947015552185
  0.00344947767049162  0.00353978995195081  0.00363049100679165  0.00372601074158311
  0.00382820527063839  0.00395499227683483  0.00409618841866491  0.00430299969018130
  0.00452711960246889  0.00476302678097686  0.00498993786005524  0.00521022786781894
  0.00546126814188510  0.00565402517556703  0.00583241749021581  0.00599981186309422
  0.00616769666383072  0.00655612030949420  0.00681050784094835  0.00704776377916118
  0.00720863159047590  0.00732006167574599  0.00744315881036111  0.00759393424835134
  0.00774470968634157  0.00791112760277178  0.00807825592245394  0.00841404627356673
  0.00888389916631402  0.00938211716680764  0.00981370156265574  0.01024295110604415
  0.01075449887714520  0.01113650535485254  0.01155070552607672  0.01200254006992887
  0.01251150119863744  0.01289356946249177  0.01322669679221326  0.01353292371670039
  0.01383745480221058  0.01455957896415379  0.01582846375190870  0.01677473259857098
  0.01705439338378162  0.01728448550473858  0.01751457762569554  0.01916956903740598
  0.02038723010847888  0.02736374968512804  0.70844119683677809  1.00000000000000000
 -0.00312720534964717  0.01677548963789448  0.03444668445818310  0.05286144911558332
  0.06807095034605240  0.08106738360793074  0.09452652428564115  0.10854359310690537
  0.12664880673714096  0.14515755726945814  0.16106591895352856  0.17645693408783392
  0.19320042412883706  0.20979612823269922  0.22420245639912695  0.23722328682227622
  0.24919602457676954  0.26101571525251699  0.27241623729134534  0.28422718836799271
  0.29549375977253067  0.30670469858566485  0.31727354146225167  0.32848567187313965
  0.33928047498461111  0.35028162062341472  0.36100492955847230  0.37121954111283956
  0.38054984447998258  0.38901526345477139  0.39726144912038608  0.40571739321304356
  0.41411004231834314  0.42191556876569614  0.42899598796823646  0.43584362375979574
  0.44165114219663743  0.44658576751479023  0.45148550112461150  0.45665376547657938
  0.46214665538001587  0.46853222414476792  0.47524393003254933  0.48109505855848955
  0.48600795497332555  0.49038892420008640  0.49451700946816868  0.49862298703052721
  0.50269255412260161  0.50687226090116855  0.51159209295834607  0.51680876684329224
  0.52206066685466157  0.52723246777095223  0.53233519464945012  0.53748821700751148
  0.54292762312229836  0.54868418428728105  0.55464481085197515  0.56053350412684688
  0.56688777938702317  0.57359563592244966  0.58057796549303509  0.58793705933574514
  0.59492985959180689  0.60147801974167181  0.60788976449915932  0.61425808189303510
  0.62117529339726185  0.62920910506905670  0.63791127356090138  0.64716946084584170
  0.65617398777036240  0.66533466288182097  0.67546026731198605  0.68651746692537163
  0.69837457804700287  0.71138238012723187  0.72474572234153722  0.73814755496331719
  0.75168060514845114  0.76607537550575378  0.77985831775736203  0.79296922273309911
  0.80538690474443342  0.81937986162079945  0.83520426530983738  0.85139235697927218
  0.86906242769298225  0.88903464295075374  0.90981798691042925  0.92965723851472593
  0.94750477860339766  0.96359584653897379  0.98003251629609245  1.00000000000000000
 -0.00005327671838193  0.00002003085286862  0.00009333842411916  0.00016897884007057
  0.00026699705520316  0.00036501527033576  0.00044955524148834  0.00050382172879395
  0.00055808821609956  0.00060358916047013  0.00064033382668898  0.00067707849290783
  0.00071366848826411  0.00075012591855434  0.00078658334884456  0.00082513926797986
  0.00086538895749857  0.00090563864701728  0.00095330022637835  0.00100227496965062
  0.00105771109909154  0.00111770266486450  0.00117655077535892  0.00123377185122838
  0.00128976078012874  0.00133776632997766  0.00138577187982658  0.00143375182575892
  0.00148169600191123  0.00152964017806354  0.00158289261348756  0.00163909990607603
  0.00169639640972751  0.00176264587846018  0.00182889534719285  0.00189829780589448
  0.00196783636355480  0.00203616535024932  0.00210437538562202  0.00216517457601528
  0.00222281479486325  0.00228055313100382  0.00234418238998607  0.00240781164896833
  0.00247022264515677  0.00253176702373713  0.00259088722680719  0.00263833131699567
  0.00268577540718414  0.00273307324167235  0.00277989702114041  0.00282672080060847
  0.00287398142581161  0.00292248064456174  0.00297097986331186  0.00304512546371549
  0.00316054266630519  0.00328312766904492  0.00333203757956795  0.00337297364568647
  0.00341390971180500  0.00345393918269677  0.00349165788089619  0.00352937657909560
  0.00356709527729501  0.00360347416517313  0.00363859116075091  0.00367370815632868
  0.00370882515190646  0.00378107709883136  0.00413660647230419  0.00457969974201834
  0.00467155894955468  0.00475155864694910  0.00483152493076336  0.00492525410383144
  0.00540098559332895  0.00550226867385543  0.00560101529293106  0.00570082308829467
  0.00582954185291029  0.00604960611084722  0.00617287780299852  0.00633530821794749
  0.00649872345284153  0.00835945469746693  0.00958813457568608  0.01030552238146480
  0.01045921924320715  0.01069268420157401  0.01108916689469515  0.01167735683995636
  0.02233119984183094  0.02551714790546495  0.20460009272659735  1.00000000000000000
 -0.00298427133737347  0.01209707211449578  0.02423740853841186  0.03622174881287401
  0.04850583845878851  0.06258678101539515  0.07769274808297022  0.08952478604624130
  0.09886875649373067  0.10837932317482941  0.11805649303139319  0.12731805928701911
  0.13497663841248192  0.14256418998156925  0.15090648991557090  0.16058274164487460
  0.17135909656401743  0.18200458779912138  0.19260910378056559  0.20357505079239568
  0.21558961548658961  0.22845075943267568  0.24056063991535051  0.25206391535909600
  0.26343917619746060  0.27573063728831715  0.28887092033212736  0.30263407794495295
  0.31491785089383229  0.32490523967601598  0.33452318981129753  0.34362002693537269
  0.35216594159993636  0.35980602529458006  0.36569333288412836  0.37178638391886043
  0.38012564815940858  0.38928820451282958  0.39895361615930680  0.40847077794474473
  0.41726043583508921  0.42592445151152564  0.43586561027306975  0.44508690372574822
  0.45444530581977149  0.46467940059141599  0.47549784324786071  0.48663375284025734
  0.49713703512237023  0.50631471809909001  0.51577558680616298  0.52487432044593718
  0.53581137965311831  0.54737825793876327  0.55835243854129601  0.57071970561869345
  0.58264727062418475  0.59445079694834069  0.60585583188162073  0.61783533404102131
  0.63000635206524025  0.64036146827015505  0.65049154424701605  0.66092538074570217
  0.67178032346437622  0.68200327111682757  0.69162528646458565  0.70248545871391788
  0.71213850348402308  0.72187857846570336  0.73126825160494136  0.74003352977710046
  0.75124835252610445  0.76284785810805189  0.77392635154823042  0.78428211471071274
  0.79492662324203522  0.80672570919652220  0.81912179990963607  0.83148449587689255
  0.84308904180528998  0.85408475301539855  0.86444574774047922  0.87534464064862583
  0.88692282816133428  0.89749412983364985  0.90799488903805181  0.91681929911628168
  0.92674491689457261  0.93752696042055095  0.94958441898849255  0.96147197858254874
  0.97233067253075267  0.98227106681221821  0.99140861697948723  1.00000000000000000
  0.44841431236463769  0.50532997326655127  0.52799822346015568  0.53075070246102651
  0.53534676741063636  0.53862333436396603  0.54200692345950352  0.54571838507492421
  0.55887251864213128  0.56584877781268372  0.57101612550210157  0.57677424596760551
  0.58340360676240033  0.59061028604531052  0.59532665066824175  0.59935659278706288
  0.60374508453658859  0.61170360455729489  0.61638309047427742  0.62055084612249678
  0.62469180384377521  0.63274507981839156  0.64034093148079163  0.64741855607216436
  0.65374845372320256  0.65920818311919938  0.66471449060272203  0.66948728241951483
  0.67451391507223502  0.68006588974669335  0.68575073350256277  0.69177653457191546
  0.69798021754697082  0.70433680997060077  0.71062424770593424  0.71672330588124300
  0.72265138440138266  0.72848752284229723  0.73447926401131625  0.74049095228685546
  0.74633615644297990  0.75202176501185980  0.75727792106347647  0.76249966238316669
  0.76764625738964087  0.77276198378422467  0.77724118621803007  0.78165035070259870
  0.78606719519407864  0.79044606211424928  0.79449715840408974  0.79841089581251257
  0.80269852390100094  0.80720855716252748  0.81136457650748073  0.81553327809113829
  0.81997718659215801  0.82441194140200746  0.82864001673665921  0.83280798067194550
  0.83749679169895552  0.84239024126810946  0.84687964671876792  0.85127516978977280
  0.85575707561685588  0.86056489600802388  0.86525445501243892  0.86992416099552894
  0.87452028636654933  0.87893745691576819  0.88301688018145885  0.88700688563305574
  0.89081908782788344  0.89499799201414976  0.89975283277079598  0.90485386515379707
  0.90981641616853404  0.91446555228453441  0.91896949149645413  0.92350554681875818
  0.92816367075761530  0.93269226340321920  0.93704405091943388  0.94138036666554814
  0.94582956750023650  0.95014828070078350  0.95460927106228044  0.95919786463908896
  0.96405661481401728  0.96867189961242517  0.97331739000550777  0.97780712775295586
  0.98249316618393856  0.98766808997009070  0.99321670169158238  1.00000000000000000
 -0.00478586524055336  0.13283435596823667  0.14632779925576403  0.15450008897194992
  0.16184204725445192  0.16797284552357755  0.17433426931025350  0.18084041030916670
  0.18665850584433669  0.19233512438803813  0.19696694883243324  0.20122598895149049
  0.20536382204849601  0.20869276841675166  0.21289307316217823  0.21713554864280921
  0.22184236098876350  0.22555839873926947  0.22912250535514264  0.23321726901377135
  0.23772878558844218  0.24322363146159126  0.24950005552185389  0.25565476297745338
  0.26087150112704277  0.26581419393974864  0.27070969390348487  0.27534723121839449
  0.28047414472608767  0.28623043889582894  0.29180827543565580  0.29647959459343531
  0.30014175346884253  0.30378441043345933  0.30770183128120226  0.31215364870740792
  0.31807987695033840  0.32408030462211918  0.32960372989604469  0.33524975134753976
  0.34104897309957077  0.34627728716021028  0.35197647335667792  0.35725096167870146
  0.36312866275814870  0.36907173934816362  0.37474558554985621  0.38065401845537483
  0.38670383030434641  0.39252576681001078  0.39832081137174147  0.40320977319585327
  0.40830716641715303  0.41363236721724761  0.41981308211466817  0.42701697322603183
  0.43403967970025747  0.44091796518188020  0.44766799350253805  0.45415295108009957
  0.46087369766199682  0.46740552772062699  0.47470650107770018  0.48287711978058817
  0.49201667779051300  0.50102199394737135  0.50918998483491940  0.51704606973697043
  0.52518965330451362  0.53343292861143499  0.54157083896471503  0.54902668231982110
  0.55631563717829546  0.56416059552287512  0.57303790055328019  0.58216378715089523
  0.59182191448798771  0.60219047150166649  0.61379821490581954  0.62534525494527193
  0.63685237981094123  0.64897887124117593  0.66086432264366546  0.67172784787948681
  0.68230734441112695  0.69492514366026270  0.70814979378817666  0.72154199845421785
  0.73613336674317609  0.75230419371172907  0.76908078336993480  0.78759799520458651
  0.80872393551700417  0.83663657450234497  0.88164712644144050  1.00000000000000000
   1.8162019476213237E-006  -1.0000000000000000     
 F F F F F F F F F F F F F F F F F F F F F F F F F F F F F F F F F F F F F F F F F F F F F F F F F F F F F F F F F F F F F F F F F F F F F F F F F F F F F F F F F F F F F F F F F F F F F F F F F F F F F F F F F F F F F F F F F F F F F F F F F F F F F F F F F F F F F F F F F F F F F F F F F F F F F F F F F F F F F F F F F F F F F F F F F F F F F F F F F F F F F F F F F F F F F F F F F F F F F F F F F F F F F F F F F F F F F F F F F F F F F F F F F F F F F F F F F F F F F F F F F F F F F F F F F F F F F F F F F F F F F F F F F F F F F F F F F F F F F F F F F F F F F F F F F F F F F F F F F F F F F F F F F F F F F F F F F F F F F F F F F F F F F F F F F F F F F F F F F F F F F F F F F F F F F F F F F F F F F F F F F F F F F F F F F F F F F F F F F F F F F F F F F F F F F F F F F F F F F F F F F F F F F F F F F F F F F F F F F F F F F F F F F F F F F F F F F F F F F F F F F F F F F F F F F F F F F F F F F F F F F F F F F F F F F F F F F F F F F F F F F F F F F F F F F F F F F F F F F F F F F F F F F F F F F F F F
  <DiscreteSampler_grid>
  grouped_processes
  1 # 1 for a reference and 2 for a running grid.
  10 # Attribute 'min_bin_probing_points' of the grid.
  1 # Attribute 'grid_mode' of the grid. 1=='default',2=='initialization'
  0.0000000000000000 # Attribute 'small_contrib_threshold' of the grid.
  0.5000000000000000 # Attribute 'damping_power' of the grid.
 # binID   n_entries weight   weight_sqr   abs_weight
    19   10   1.612503449741103E-002   1.446611197821518E-003   1.612503449741103E-002
    20   10   1.612503449741104E-002   1.446611197821521E-003   1.612503449741104E-002
    22   10   4.024517175205156E-003   9.001157702327367E-005   4.024517175205156E-003
    23   10   4.024517175205158E-003   9.001157702327386E-005   4.024517175205158E-003
    25   10   1.604299898468716E-002   1.446678488846867E-003   1.604299898468716E-002
    26   10   1.604299898468716E-002   1.446678488846870E-003   1.604299898468716E-002
    28   10   3.988034251444451E-003   9.002238324452037E-005   3.988034251444451E-003
    29   10   3.988034251444453E-003   9.002238324452059E-005   3.988034251444453E-003
    34   10   1.612503449741103E-002   1.446611197821518E-003   1.612503449741103E-002
    35   10   1.612503449741104E-002   1.446611197821521E-003   1.612503449741104E-002
    37   10   4.024517175205156E-003   9.001157702327373E-005   4.024517175205156E-003
    38   10   4.024517175205158E-003   9.001157702327386E-005   4.024517175205158E-003
    40   10   1.604299898468716E-002   1.446678488846867E-003   1.604299898468716E-002
    41   10   1.604299898468717E-002   1.446678488846870E-003   1.604299898468717E-002
    43   10   3.988034251444450E-003   9.002238324452032E-005   3.988034251444450E-003
    44   10   3.988034251444452E-003   9.002238324452055E-005   3.988034251444452E-003
  </DiscreteSampler_grid>
