  0.00000141587989320  0.00000157740731244  0.00000163935948860  0.00000170131166475
  0.00000176543929807  0.00000183018313180  0.00000190542076316  0.00000198934917199
  0.00000211761426382  0.00000234483801827  0.00000258654229981  0.00000283718681745
  0.00000309741728659  0.00000336208743714  0.00000362400016451  0.00000390166355648
  0.00000420705129686  0.00000450747761900  0.00000480387913507  0.00000509208932186
  0.00000539713315809  0.00000571479332512  0.00000604817878580  0.00000640575976018
  0.00000677807897694  0.00000717993756534  0.00000761545762592  0.00000808930371940
  0.00000857107871357  0.00000908525065404  0.00000960496191409  0.00001014284294725
  0.00001073999835998  0.00001141063010100  0.00001203681765727  0.00001266244218154
  0.00001328885987914  0.00001401707851538  0.00001486306304604  0.00001563109170298
  0.00001645507011405  0.00001737130533510  0.00001846750133020  0.00001985040204010
  0.00002126341102138  0.00002278438503882  0.00002446372894780  0.00002644426746480
  0.00002869872365280  0.00003092912098205  0.00003313350369234  0.00003545737204352
  0.00003804244215798  0.00004088551700211  0.00004378522165834  0.00004668968851830
  0.00004970521624557  0.00005274133949193  0.00005599884800661  0.00005931180439011
  0.00006321263290669  0.00006745729551157  0.00007202309097286  0.00007738243158645
  0.00008301244139891  0.00009043280441148  0.00010034934884101  0.00011089222723961
  0.00012097624151153  0.00013111455701956  0.00014253993048067  0.00015786563373352
  0.00017200019783053  0.00018572201254665  0.00020134105699123  0.00021689669100152
  0.00024040319560280  0.00026747048772005  0.00030154563959070  0.00034274098978322
  0.00040039296911251  0.00046797086578146  0.00053620560800152  0.00060897084649796
  0.00069149563101339  0.00080169320630894  0.00095099721183123  0.00116163155011200
  0.00135236194346113  0.00159815058120451  0.00194314154162226  0.00250014923625724
  0.00391246704784127  0.00701974263769553  0.08855012456532611  1.00000000000000000
  0.00000014212912855  0.00000017486654414  0.00000019303884935  0.00000021040181725
  0.00000022485777338  0.00000023777341345  0.00000024962263288  0.00000026031927961
  0.00000027589573943  0.00000029620108834  0.00000031690319221  0.00000033309816875
  0.00000034828447039  0.00000036271023155  0.00000037870745555  0.00000039349173104
  0.00000040819055838  0.00000042702793072  0.00000045015215785  0.00000047552120494
  0.00000050164807738  0.00000052311435553  0.00000054462178681  0.00000056744661785
  0.00000059152394048  0.00000061657476778  0.00000064126668665  0.00000067496846251
  0.00000071712413332  0.00000075654650569  0.00000081087841330  0.00000085645814422
  0.00000089909104548  0.00000094337442726  0.00000098953927550  0.00000104646404014
  0.00000111623280345  0.00000119642607476  0.00000128686949965  0.00000137155669797
  0.00000145370740777  0.00000153731213401  0.00000163033331148  0.00000173438527246
  0.00000183942686512  0.00000194867963331  0.00000206196670700  0.00000219819660467
  0.00000234202466045  0.00000250480033806  0.00000265443450115  0.00000278740060138
  0.00000294021801985  0.00000312737502688  0.00000333518693372  0.00000364669399330
  0.00000401339013732  0.00000443721737441  0.00000489585152106  0.00000537741401838
  0.00000588067009187  0.00000631740897316  0.00000677003725873  0.00000728414085656
  0.00000792126731917  0.00000876530349910  0.00000980293921164  0.00001101425549230
  0.00001252122466965  0.00001431852894640  0.00001633116978754  0.00001866747347506
  0.00002130140337127  0.00002427258966837  0.00002798439697353  0.00003302938562777
  0.00003727943409838  0.00004175313237148  0.00004679731975646  0.00005328676122642
  0.00006395862125702  0.00007767933252014  0.00009289860520739  0.00011298360360542
  0.00014342817129340  0.00019374676422257  0.00025926271249948  0.00034874336273918
  0.00047099320989629  0.00063492839828140  0.00088946862272730  0.00134566905869090
  0.00247102914019502  0.00770579835541043  0.21309114894580850  1.00000000000000000
  0.00000172010020755  0.00000173489959267  0.00000176178351886  0.00000179253242690
  0.00000182827352511  0.00000185796467740  0.00000188461456564  0.00000191299867104
  0.00000194224109619  0.00000197233724472  0.00000200198798730  0.00000202807975628
  0.00000205385150823  0.00000208788710798  0.00000212813216472  0.00000218013964993
  0.00000223950902429  0.00000231459869551  0.00000240672847261  0.00000248329263941
  0.00000255157945520  0.00000262098736236  0.00000269401979690  0.00000277822278804
  0.00000288075053233  0.00000299962574078  0.00000313519263567  0.00000328501284528
  0.00000343428879642  0.00000357270110794  0.00000371461636899  0.00000386280537313
  0.00000401812695046  0.00000419035850439  0.00000441154205347  0.00000464963388044
  0.00000491003014846  0.00000519035309307  0.00000548907153491  0.00000581843155587
  0.00000616454227597  0.00000652669384111  0.00000690823908302  0.00000730026192248
  0.00000760579050171  0.00000796735689317  0.00000836376834406  0.00000878853318120
  0.00000935159383437  0.00000998173143774  0.00001065423394529  0.00001140525503374
  0.00001227743697968  0.00001316623025077  0.00001403929418126  0.00001495029770654
  0.00001597256520176  0.00001723566306714  0.00001870881746331  0.00002021059174211
  0.00002191530354202  0.00002392272528888  0.00002612962247247  0.00002846774620840
  0.00003092984852676  0.00003372133126459  0.00003741362309211  0.00004186588906061
  0.00004606215037705  0.00005038584480927  0.00005474481121251  0.00006028786747709
  0.00006695058504703  0.00007343283586257  0.00007974437439141  0.00008782971237834
  0.00009945691165596  0.00011367464308505  0.00012595367407343  0.00013860378244362
  0.00015400841496599  0.00017273542544918  0.00019696879718911  0.00022923456685571
  0.00027105856416333  0.00032544895037935  0.00038439137835736  0.00044498652361447
  0.00051847000984388  0.00065261967404098  0.00086726604936250  0.00109180432770302
  0.00138513255340446  0.00200747261896607  0.09866982753293163  1.00000000000000000
  0.00000156305483465  0.00000208009390795  0.00000242492534242  0.00000279687706915
  0.00000317771718326  0.00000367841763950  0.00000420797431232  0.00000473577780833
  0.00000538782673529  0.00000614955675017  0.00000695527852081  0.00000769999680252
  0.00000832442631998  0.00000882077347841  0.00000940202116708  0.00001007215027316
  0.00001078580412766  0.00001177376058760  0.00001285350844161  0.00001386335686423
  0.00001482451987777  0.00001583593319388  0.00001702211854605  0.00001849895462498
  0.00002001263371589  0.00002176586855521  0.00002339517638655  0.00002485049041745
  0.00002631949622907  0.00002792488848420  0.00002970130844810  0.00003101454981014
  0.00003236119300054  0.00003377230796569  0.00003529899682634  0.00003754660391542
  0.00003995536250959  0.00004236183607002  0.00004505575646137  0.00004826491390463
  0.00005183806232130  0.00005550363840469  0.00005939570003674  0.00006383372540502
  0.00006874383189829  0.00007334131210173  0.00007732736446410  0.00008140085621565
  0.00008619510223427  0.00009138306137548  0.00009720350747042  0.00010324205044239
  0.00010894089205922  0.00011492650598699  0.00012193789276258  0.00012942242692283
  0.00013728280420423  0.00014556293967729  0.00015370191946384  0.00016232176732324
  0.00017325022046690  0.00018609061207476  0.00019898100124932  0.00021192594519041
  0.00022606768330267  0.00024057403921968  0.00025340946330427  0.00026660387642958
  0.00028126224966404  0.00029963612435365  0.00032491710954453  0.00035512503175097
  0.00038784911526694  0.00042004109728797  0.00045212808479709  0.00049021259298467
  0.00053233447087900  0.00057989840943650  0.00063579771992684  0.00070175902184810
  0.00076710591183992  0.00084091736857437  0.00091410359374449  0.00098506841267260
  0.00106086829485995  0.00114510477500191  0.00125579927520986  0.00141430070572599
  0.00165315182617386  0.00205491409604027  0.00257270755446737  0.00312597222587328
  0.00386831499678908  0.00510311928033356  0.10056398604981102  1.00000000000000000
 -0.00251579904869028  0.00543818785407074  0.01307674434054198  0.02029793391796800
  0.02637066198867820  0.03278428045031512  0.03890526042669641  0.04368939317946845
  0.04866399862676168  0.05365346784305324  0.05913211117338013  0.06586397538182208
  0.07242522160030404  0.08008066554856512  0.08897825963287485  0.09864140560561353
  0.10744382095327470  0.11593303040350690  0.12468783335996500  0.13152071259137604
  0.13664144121395408  0.14239689052994919  0.15065938502470258  0.16076045512201434
  0.17193638253916271  0.18223706195363831  0.19259213525252447  0.20409032144386882
  0.21592760420255211  0.22661237614930985  0.23754053582214305  0.24717231721416552
  0.25290435056990840  0.25836432045019436  0.26370143089184039  0.26920249897697462
  0.27487324316269440  0.28325603593195703  0.29271752945143542  0.30248790904352885
  0.31242800390979825  0.32403205596314566  0.33513656144299719  0.34509626064747506
  0.35425507181479887  0.36296305671378265  0.37259622646730312  0.38365188071368217
  0.39354323362046140  0.40220440229864751  0.41078994116120049  0.42050494554073220
  0.43242007114882552  0.44480731426291181  0.45693349796364185  0.46955777531352877
  0.48119962582338077  0.49088555453107480  0.50042314041364433  0.50997462949035710
  0.52230869230299382  0.53553553151859234  0.54926493761091366  0.56299470343950531
  0.57725850460839612  0.59148329560745239  0.60446659866149377  0.61579323892748850
  0.62744494226439707  0.64061946394517799  0.65355561616945523  0.66594296664111774
  0.67768022278950768  0.68994449723871953  0.70164526022612828  0.71435324495776253
  0.72940159312941533  0.74539978699032650  0.76133232644558113  0.77683414552267771
  0.79174688751219091  0.80537566618948364  0.81879828312628244  0.83241054566730532
  0.84684944948972696  0.86126489059376887  0.87416653351342188  0.88619199080227351
  0.89931381578856107  0.91363321861377378  0.92741060092305949  0.93979349167060822
  0.95301473815481164  0.96788903315564567  0.98435328154161128  1.00000000000000000
 -0.00250740650522419  0.01153853929484396  0.02350399761443076  0.03049370335565198
  0.03752210040087774  0.04466535145386904  0.05137714269201338  0.05749435877721201
  0.06675982617604827  0.07752846158778375  0.08745412907502502  0.09659775213308702
  0.10651284819702686  0.11630737226739835  0.12457920472101944  0.13133087419510253
  0.13820157802294289  0.14505221509529354  0.15621883522080096  0.16598812802152338
  0.17691387108702075  0.18823353068543425  0.19833543256785399  0.20672109375519510
  0.21442570237185926  0.22240793379599949  0.23073555966732354  0.24070220451798663
  0.25026370744309862  0.26024578411223298  0.26968983486136333  0.27792841548714015
  0.28638782431412746  0.29587364011861722  0.30778297456256382  0.32362610827841704
  0.34015195372934010  0.35443828501321051  0.36717127059650628  0.37911827549354066
  0.38959171037537499  0.39905004511168513  0.40784200059880799  0.41609876060172440
  0.42434692356969228  0.43516646169401341  0.44492240426888596  0.45687339819510797
  0.46938443785820905  0.48107985596354225  0.49123975772138173  0.50037440189530968
  0.50881143275485141  0.51659763567451777  0.52419609543060164  0.53136040536649487
  0.53834824647775048  0.54625335412451315  0.55537117537827296  0.56822843644195331
  0.58340484697684014  0.59620127090051322  0.60747751453795151  0.61940673840011584
  0.63235839602010258  0.64430591355259736  0.65627867837632570  0.66712882104505222
  0.67877395753232617  0.68908312502628244  0.69745855783003374  0.70508454300988888
  0.71272975882878331  0.72150687092677590  0.73201927298636815  0.74349427764084253
  0.75573775167521073  0.76879572211105096  0.78196049665852829  0.79432012531243568
  0.80580978591915331  0.81729996709252428  0.82928149190336098  0.84175501883248793
  0.85508810056021878  0.87028001588084236  0.88465289153629700  0.89808866209425042
  0.91094785999976868  0.92363213465312699  0.93598214778288569  0.94971967523907608
  0.96286654237504421  0.97554898958271141  0.98784553126167918  1.00000000000000000
 -0.00130332016630991  0.00862381909511105  0.01867340606633878  0.02837441654628065
  0.03533450225133996  0.04125535488821648  0.04694780501420816  0.05360543073469418
  0.06032230174443292  0.06869779691810153  0.07710132614160604  0.08536532413521147
  0.09449454730927179  0.10483815012343213  0.11621825315508393  0.12671489536749161
  0.13803073435066729  0.15054743086610367  0.16460413595516885  0.17823188833560108
  0.19104987113282165  0.20597200037002861  0.21930530056480846  0.23146467060896325
  0.24296722584551309  0.25449522678369146  0.26790407879034422  0.28085257524424190
  0.29184954088542026  0.30158855129483197  0.31088988520573746  0.32115527761129309
  0.33275772239849039  0.34436444042003711  0.35471446171434345  0.36483676042345992
  0.37499153412723257  0.38775667447401685  0.39907196696029640  0.40841656878505944
  0.41754822695510413  0.42624130337415178  0.43507210298776178  0.44498213399680075
  0.45482075192555155  0.46453812480355539  0.47311983076005931  0.48322489973837712
  0.49440446270768906  0.50645606372173002  0.51891047896773557  0.53049490120660014
  0.54129262940187750  0.55063533914502050  0.55972896287404605  0.56878497774884262
  0.57788170962860386  0.58367214666177436  0.59031953094730161  0.59752168937988459
  0.60475850353615157  0.61470297737273938  0.62794539209608546  0.64075396668042894
  0.65184581479367554  0.66209669585804176  0.67124600084254582  0.67983964046888445
  0.68887434388358160  0.69926040844351933  0.70737409023591069  0.71622375546046657
  0.72541873522217348  0.73553325227830868  0.74761327986731130  0.75838808937696967
  0.76914101502091148  0.78028478132966528  0.79212981695132989  0.80449933055834044
  0.81686139361463350  0.82861363981913794  0.84054336173629141  0.85394497064408337
  0.86841294249826140  0.88334006317888358  0.89728408865008114  0.90867474289512140
  0.91968609621851904  0.93045320710715829  0.94138793836993717  0.95275211915152236
  0.96412775134150652  0.97570515672189384  0.98783642644785263  1.00000000000000000
 -0.00173201105358189  0.00887263487485983  0.01935397074693412  0.02946139781188427
  0.03991385795344207  0.05299680943790210  0.06741187609758008  0.08153075331165656
  0.09392968843593209  0.10575424298608369  0.11665491541381975  0.12730329385073164
  0.13798333218244482  0.14955843827925380  0.16186474223457903  0.17364055062239636
  0.18447118393017578  0.19569184955378405  0.20805954462445270  0.22090903239530713
  0.23430132768222967  0.24617689689418643  0.25677501545597292  0.26707802749315274
  0.27829906679914190  0.29137435757228508  0.30413021498882448  0.31654394067957481
  0.32928582746307983  0.34094799023157302  0.35327151226324732  0.36447543463313087
  0.37641864640099476  0.38824621680596427  0.39861682041476865  0.40792593589680570
  0.41669379720849020  0.42594878829304100  0.43597503945963439  0.44572583103751207
  0.45594617728486786  0.46616840445500674  0.47352922592558727  0.48056880366653043
  0.48739017881004754  0.49408526139960196  0.50184195947479715  0.51253794778617645
  0.52228656065010515  0.53223031669861598  0.54206723863526729  0.55381805302984954
  0.56186811957850002  0.56877029475313390  0.57516054745268130  0.58320725076050650
  0.59356090224014912  0.60367607067785534  0.61333472978424608  0.62189328895960183
  0.63179583208782319  0.64450487437848247  0.65545084236086404  0.66524049548341579
  0.67571499946134350  0.68644308345607064  0.69653765474246543  0.70562951297912446
  0.71486517261014970  0.72615947931214020  0.73700460869740547  0.74782516414564848
  0.76031807856305778  0.77295458403882167  0.78460792942627899  0.79529974892171784
  0.80592204351810570  0.81606859175798752  0.82414009024058144  0.83004063592332367
  0.83573489944325985  0.84234700411901331  0.85082908649406586  0.86078953735555608
  0.86987417656406996  0.87904220298963709  0.88989327916462835  0.90248452126259338
  0.91640339306516327  0.93267530575659530  0.94773816964586899  0.96081143028160210
  0.97121054164702603  0.98062728980695602  0.98988510201869140  1.00000000000000000
 -0.00280530677145707  0.00939155307201380  0.01802375322711272  0.02657360358103570
  0.03539024074954885  0.04510139316075752  0.05518257053712182  0.06786593260474630
  0.07766569621326903  0.08428238763469202  0.09163026133101052  0.09926799660189492
  0.10660820896785671  0.11500310686617998  0.12510488252310492  0.13606163655396089
  0.14765130810398389  0.16122313453163409  0.17372407879940915  0.18614234383034917
  0.19816115446383445  0.21019907392739934  0.22211866359002200  0.23440594936059933
  0.24602549304392418  0.25618822955700205  0.26555483306717881  0.27564427884882842
  0.28456543495924846  0.29348452805611230  0.30152716638162091  0.30873900569384727
  0.31634977618607335  0.32422509615524536  0.33460497161794850  0.34924811241554937
  0.36500123667660589  0.38079926905630634  0.39547693180685811  0.40790415097855354
  0.42018393749605393  0.43215911264577206  0.44330537843014373  0.45373308280622376
  0.46521848282717077  0.47678404852301942  0.48584039718994465  0.49394951479304450
  0.50186711996679489  0.50966219801623314  0.51769863815357731  0.52630088289680799
  0.53466820230983358  0.54194078028852866  0.55102316990882039  0.56022572453192354
  0.57189391176881987  0.58183094296458882  0.59327249074965727  0.60437264395644674
  0.61732433756953053  0.63108038382932174  0.64518123174826725  0.65891728730848331
  0.67227738999971098  0.68499497697757517  0.69583840242979034  0.70239342352376333
  0.71006438015482964  0.71781302135496594  0.72635312822666331  0.73790100508849832
  0.75120848808839613  0.76577904923111895  0.77874565242945726  0.78999054904900112
  0.79993310469185275  0.80879381846017340  0.81779223852248772  0.82738560433213171
  0.83813619159916353  0.84942291084917176  0.86228992787128023  0.87429218211039594
  0.88394156103899069  0.89240345889306616  0.90027552947917755  0.91018276229614137
  0.91992174235930668  0.93025130320734972  0.94133892866497937  0.95330524990550969
  0.96641838623567000  0.97823408041713722  0.98899579357363954  1.00000000000000000
 -0.00005215732619322 -0.00002485186217260  0.00000245360184802  0.00003260771887935
  0.00015270793541097  0.00027280815194258  0.00040221294270603  0.00054824031734654
  0.00066225308906217  0.00074068439453683  0.00082429986563563  0.00091011335901162
  0.00099806229137141  0.00108343444672251  0.00116708939598406  0.00126168116173403
  0.00135547197992736  0.00144602846984324  0.00153849550047278  0.00163365022926551
  0.00173600898228881  0.00184287791529414  0.00197550341266627  0.00210528206058485
  0.00222834248025947  0.00232908575548074  0.00243199128542251  0.00254012474892833
  0.00264983506294624  0.00276360315677205  0.00287544400525946  0.00298395789435237
  0.00309553323856123  0.00321649510143553  0.00333782741980905  0.00346054332867381
  0.00359377886252037  0.00376973272880737  0.00393353710404739  0.00409056819545896
  0.00423056921337254  0.00437489653466287  0.00454729604359728  0.00481972420277735
  0.00488845319160917  0.00495718218044100  0.00502591116927282  0.00509369944896067
  0.00516076732414367  0.00522783519932667  0.00529490307450967  0.00535023560014632
  0.00540458033312232  0.00545892506609833  0.00551326979907434  0.00561937249721028
  0.00572753725635722  0.00584629342389488  0.00598203574259394  0.00619357632960764
  0.00640447513941221  0.00661514237951819  0.00682274953983826  0.00703796075080442
  0.00728753019507824  0.00765055393643090  0.00809056631745459  0.00863440231652782
  0.00926972051400041  0.00996617645204548  0.01025528356797321  0.01044696125461538
  0.01063447484888257  0.01080909342312011  0.01099851999732450  0.01121295578608052
  0.01142398969854802  0.01167745383261538  0.01198173226879298  0.01293088775247166
  0.01351285379303848  0.01412716341939994  0.01612399071473217  0.01690950738220466
  0.01763274956109172  0.01938043885772708  0.01997217902767122  0.02044938718245656
  0.02060970296607969  0.02079224955177106  0.02097967782721620  0.02117652319108374
  0.03342777834315077  0.07228571061992332  0.50024997355012402  1.00000000000000000
 -0.00244044306153728  0.01101968237559813  0.02273676486858947  0.03415053620600895
  0.04529399203420648  0.05722247406403058  0.06983455847972704  0.08328415305849309
  0.09677053452866649  0.11035910772285804  0.12306173906786090  0.13441163809306833
  0.14458348158344320  0.15467460107674177  0.16575138787342597  0.17852039490648794
  0.19043679716689058  0.20427806992168879  0.21699560641502924  0.23031044510119619
  0.24325439655314701  0.25443656826724514  0.26383463019310466  0.27260113326271945
  0.28201829180169496  0.29356125188669518  0.30666990186630261  0.31739585486175348
  0.32525416788146599  0.33377565024766015  0.34212819734795968  0.35209885841807292
  0.36085458342975069  0.36904022411387438  0.37746227264821153  0.38778555786718255
  0.39779871587810234  0.40568523423702668  0.41211538543427301  0.41853716132854518
  0.42527058584430794  0.43381195048003957  0.44375346295309898  0.45302955805663386
  0.46345615058061895  0.47503913980142692  0.48621332338607742  0.49880802971980720
  0.51125917911558605  0.52397688583273128  0.53429885033470215  0.54450703984428450
  0.55383923506097288  0.56137250132202521  0.56789399180527589  0.57446293603809706
  0.58110803275347933  0.59045990072024679  0.59896962427413336  0.60865836573219401
  0.61733829988521860  0.62711883480542996  0.63844563032692392  0.65155077517731164
  0.66467438061088358  0.67772471407560775  0.69103338878668741  0.70471814435460589
  0.71618881463003514  0.72697957591099993  0.73775635666016837  0.74885806530091670
  0.76027935226292176  0.77224977711789999  0.78506047433848847  0.79881559453300177
  0.81235226605818223  0.82340142581420772  0.83346976285703156  0.84274960877912353
  0.84931957946963932  0.85587641240822165  0.86290502318700535  0.87239196775613637
  0.88664414799986380  0.90004605405967752  0.91197123914988432  0.92400744131802348
  0.93686060086079381  0.94870339423313965  0.95992789023719272  0.97091900416803101
  0.98002134293960042  0.98740891579833423  0.99377253212822048  1.00000000000000000
  0.45832415069935012  0.49717660444978845  0.52202310542548580  0.53939778470892830
  0.55680656635549475  0.57062277913012049  0.57914686592861131  0.58744154163039985
  0.59701220448440440  0.60867244086139216  0.62216968944503426  0.62992451645641556
  0.63658083578269142  0.64337258858860646  0.65164947329517942  0.66005886379976675
  0.66601288419605720  0.67170011009896879  0.67681305198823871  0.68314622880680664
  0.69014832552333449  0.69700912107762858  0.70354307677515404  0.70894256072304263
  0.71490950656792285  0.72159230031233623  0.72895650584879901  0.73583589992262721
  0.74162441773085530  0.74723115950307206  0.75235911417581447  0.75735098008579838
  0.76331920899258765  0.76962114333583642  0.77576557001504032  0.78174548501898411
  0.78717833142438765  0.79205442017855021  0.79667173082092479  0.80133931351874454
  0.80621807539694212  0.81130160377661076  0.81642501429024184  0.82134175895420614
  0.82619838000489576  0.83103981842035579  0.83576979065095269  0.84067481048231196
  0.84562244117241114  0.85046783933279801  0.85495612427705392  0.85948357693452504
  0.86400952815740295  0.86879871568709910  0.87398356888387529  0.87873930292391045
  0.88219092825754786  0.88557940226389942  0.88889234875563083  0.89243492300758864
  0.89636865940121735  0.90027350811303897  0.90433519873515800  0.90857496922547420
  0.91266986554050844  0.91665629497194512  0.92048229150236560  0.92418207480532932
  0.92774182201320043  0.93126079336289347  0.93476002576146977  0.93825680662162381
  0.94160042031005720  0.94448610087651086  0.94701360293744519  0.94949506952985352
  0.95187066968466716  0.95423066811191615  0.95675643596188964  0.95927281378433860
  0.96169437377948286  0.96399357750651027  0.96619898904846813  0.96855910763493924
  0.97106608029515551  0.97353630214300912  0.97592570194261885  0.97865486088758036
  0.98178405601115748  0.98474047235560880  0.98752605282726447  0.99026227801408750
  0.99283963867538394  0.99526151405493379  0.99763694815498516  1.00000000000000000
  0.03886413467634327  0.13356778381212336  0.14359438710949760  0.14849720565911073
  0.15302219372860471  0.15737397682489040  0.16187666989971641  0.16754335566737674
  0.17335519636366489  0.17858446855350868  0.18363426087630863  0.18797215115192853
  0.19190024389769453  0.19609347032840072  0.20098505242001696  0.20698193570886469
  0.21255406078065453  0.21811007327861776  0.22377149910389335  0.22911797366077000
  0.23457714297547716  0.24027695602612234  0.24475309283200539  0.24897551075290111
  0.25327041201888317  0.25837096520140468  0.26389753808899719  0.27028841985102869
  0.27761441074402293  0.28578770163374001  0.29364657970071545  0.30036180683783359
  0.30616972219191474  0.31180089615831280  0.31740549544047120  0.32330177252100117
  0.32889826032879887  0.33396838419322239  0.33890656262762675  0.34406772445965700
  0.34981549610887624  0.35651053405357147  0.36400394058588736  0.37169028418610939
  0.37927231171985420  0.38651175973000734  0.39304006543099640  0.39882184003889681
  0.40366535078543020  0.40841900585872604  0.41353675779302218  0.41962189083084339
  0.42647364042644242  0.43210649375341914  0.43753377538620059  0.44298184452071543
  0.44870656041232665  0.45511486822390068  0.46169817417608716  0.46915757293977028
  0.47596916603683043  0.48294831258514653  0.48918102288671234  0.49636593240440580
  0.50380499173716620  0.51193957314106109  0.52057845880186437  0.52919131568134903
  0.53673624559519284  0.54277242390823588  0.54830699127123117  0.55391878885684098
  0.55977172853871260  0.56750659717049157  0.57675573750445253  0.58460913161862571
  0.59290126980522884  0.60151914771655501  0.61059865443394346  0.62218557665547203
  0.63245430961719584  0.64266637196602128  0.65269678576581158  0.66327583220714526
  0.67543663435969126  0.68904885472366395  0.70323041855778112  0.71749083272055536
  0.73199459135543987  0.74663157631959476  0.76498967946620688  0.78722697001993225
  0.81400483596384809  0.84279483745845307  0.88381732322338591  1.00000000000000000
   1.0708092474105590E-004  -1.0000000000000000     
 F F F F F F F F F F F F F F F F F F F F F F F F F F F F F F F F F F F F F F F F F F F F F F F F F F F F F F F F F F F F F F F F F F F F F F F F F F F F F F F F F F F F F F F F F F F F F F F F F F F F F F F F F F F F F F F F F F F F F F F F F F F F F F F F F F F F F F F F F F F F F F F F F F F F F F F F F F F F F F F F F F F F F F F F F F F F F F F F F F F F F F F F F F F F F F F F F F F F F F F F F F F F F F F F F F F F F F F F F F F F F F F F F F F F F F F F F F F F F F F F F F F F F F F F F F F F F F F F F F F F F F F F F F F F F F F F F F F F F F F F F F F F F F F F F F F F F F F F F F F F F F F F F F F F F F F F F F F F F F F F F F F F F F F F F F F F F F F F F F F F F F F F F F F F F F F F F F F F F F F F F F F F F F F F F F F F F F F F F F F F F F F F F F F F F F F F F F F F F F F F F F F F F F F F F F F F F F F F F F F F F F F F F F F F F F F F F F F F F F F F F F F F F F F F F F F F F F F F F F F F F F F F F F F F F F F F F F F F F F F F F F F F F F F F F F F F F F F F F F F F F F F F F F F F F F F F
  <DiscreteSampler_grid>
  grouped_processes
  1 # 1 for a reference and 2 for a running grid.
  10 # Attribute 'min_bin_probing_points' of the grid.
  1 # Attribute 'grid_mode' of the grid. 1=='default',2=='initialization'
  0.0000000000000000 # Attribute 'small_contrib_threshold' of the grid.
  0.5000000000000000 # Attribute 'damping_power' of the grid.
 # binID   n_entries weight   weight_sqr   abs_weight
    19   10   9.705210269958517E+000   5.050510279464391E+002   9.705210269958517E+000
    20   10   9.705210269958508E+000   5.050510279464374E+002   9.705210269958508E+000
    22   10   2.394427432116254E+000   3.116222808435069E+001   2.394427432116254E+000
    23   10   2.394427432116254E+000   3.116222808435065E+001   2.394427432116254E+000
    25   10   9.992410480371564E+000   5.148443111907352E+002   9.992410480371564E+000
    26   10   9.992410480371559E+000   5.148443111907336E+002   9.992410480371559E+000
    28   10   2.513603127015233E+000   3.236453216351988E+001   2.513603127015233E+000
    29   10   2.513603127015231E+000   3.236453216351977E+001   2.513603127015231E+000
    34   10   9.705210269958515E+000   5.050510279464391E+002   9.705210269958515E+000
    35   10   9.705210269958506E+000   5.050510279464374E+002   9.705210269958506E+000
    37   10   2.394427432116253E+000   3.116222808435067E+001   2.394427432116253E+000
    38   10   2.394427432116253E+000   3.116222808435062E+001   2.394427432116253E+000
    40   10   9.992410480371564E+000   5.148443111907350E+002   9.992410480371564E+000
    41   10   9.992410480371557E+000   5.148443111907334E+002   9.992410480371557E+000
    43   10   2.513603127015233E+000   3.236453216351988E+001   2.513603127015233E+000
    44   10   2.513603127015230E+000   3.236453216351976E+001   2.513603127015230E+000
  </DiscreteSampler_grid>
