  0.00000013205431689  0.00000015389567165  0.00000016783079282  0.00000017702846946
  0.00000018392653968  0.00000019010974845  0.00000019559241078  0.00000020043127897
  0.00000020495851027  0.00000020960037472  0.00000021491577996  0.00000022214718168
  0.00000022985186692  0.00000023704322775  0.00000024380229962  0.00000025155977032
  0.00000025846393942  0.00000026429225597  0.00000027008327162  0.00000027630228557
  0.00000028310461570  0.00000029078584041  0.00000029976523081  0.00000031140528565
  0.00000032518284405  0.00000033962131727  0.00000035278095715  0.00000036374037915
  0.00000037380907671  0.00000038409893157  0.00000039588305441  0.00000040994062381
  0.00000042554268003  0.00000044290355464  0.00000046475608189  0.00000048783766781
  0.00000051289722871  0.00000053903980391  0.00000056649069566  0.00000059641081936
  0.00000062798341085  0.00000065927240399  0.00000069035889943  0.00000072286257714
  0.00000075902853563  0.00000080032010256  0.00000084483463151  0.00000088790790996
  0.00000092996345427  0.00000097443645627  0.00000102066409190  0.00000106899912170
  0.00000112136897966  0.00000117436641184  0.00000122388711376  0.00000127192900280
  0.00000132868147945  0.00000139599229302  0.00000146041772613  0.00000152540715441
  0.00000160354660545  0.00000170178156360  0.00000180752792426  0.00000191926725787
  0.00000204501299301  0.00000218333098017  0.00000234701748317  0.00000250535404342
  0.00000267095508674  0.00000285074627848  0.00000307355591465  0.00000331893891871
  0.00000355215565639  0.00000377348671386  0.00000400116061874  0.00000424731085943
  0.00000450856378530  0.00000483904651118  0.00000528102599857  0.00000581305959294
  0.00000640839149788  0.00000704068653165  0.00000775249530329  0.00000853616856488
  0.00000951110912797  0.00001082600121771  0.00001248469425717  0.00001466265809011
  0.00001757545560850  0.00002190383637017  0.00002879089673948  0.00004220742616109
  0.00007126496353720  0.00023222883922809  0.28031152464158399  1.00000000000000000
  0.00000077797891443  0.00000086059422409  0.00000092642103119  0.00000099389409381
  0.00000107266053585  0.00000116239236404  0.00000126375232814  0.00000139523405697
  0.00000158070448102  0.00000181096052063  0.00000205846882914  0.00000229681273823
  0.00000251806983860  0.00000277372375277  0.00000308584973709  0.00000343098042563
  0.00000374392413862  0.00000403774268365  0.00000448882896342  0.00000506644975991
  0.00000572085135976  0.00000632272402841  0.00000689567354782  0.00000749344886580
  0.00000815363413167  0.00000887455259920  0.00000960568078117  0.00001029954150502
  0.00001094936732654  0.00001155931424510  0.00001218901608463  0.00001283891558810
  0.00001350854394604  0.00001419143333668  0.00001488383859991  0.00001559347820356
  0.00001628215163962  0.00001688911977498  0.00001745687347992  0.00001805522582155
  0.00001864720219567  0.00001920618676718  0.00001988386289307  0.00002051973588294
  0.00002104324707765  0.00002160383896448  0.00002239078869800  0.00002337944437212
  0.00002449223010988  0.00002563946814544  0.00002669076013709  0.00002772593646074
  0.00002889661153383  0.00003022918267713  0.00003172252821261  0.00003341764525572
  0.00003529891598898  0.00003724599147098  0.00003921046277326  0.00004113986093177
  0.00004303793323867  0.00004490785973906  0.00004671108122608  0.00004864969447193
  0.00005087753701954  0.00005334914322953  0.00005590094816524  0.00005875712355466
  0.00006208948376009  0.00006567343685622  0.00006926789702994  0.00007332395746697
  0.00007869791390934  0.00008500027268684  0.00009174895094722  0.00009892659424348
  0.00010670575974203  0.00011539099843478  0.00012462902637630  0.00013578571413814
  0.00014824165124022  0.00016279254286396  0.00018110083659920  0.00020243926107246
  0.00023026596569679  0.00026747610128349  0.00031494540165932  0.00037152122216405
  0.00043973861761448  0.00052884537007618  0.00066344193416010  0.00093680851534919
  0.00156232582273214  0.03969588833211152  0.46641793190795466  1.00000000000000000
  0.00000138208607783  0.00000139126651399  0.00000140476595535  0.00000142075447919
  0.00000143348563855  0.00000144339204574  0.00000145268768747  0.00000146186971911
  0.00000147289581011  0.00000148357580504  0.00000149454240392  0.00000150686200138
  0.00000152153091357  0.00000153650813143  0.00000155211179287  0.00000156920070577
  0.00000158804490228  0.00000161513902223  0.00000162834730029  0.00000163854016748
  0.00000164942928343  0.00000166947979380  0.00000170219395570  0.00000173512935440
  0.00000175896504222  0.00000178200446193  0.00000181277884097  0.00000185256719818
  0.00000189294364708  0.00000193510595801  0.00000198576997665  0.00000203794354357
  0.00000208725298627  0.00000213872063488  0.00000219960150013  0.00000227545392105
  0.00000235828759964  0.00000244853171240  0.00000255269202920  0.00000266899265374
  0.00000278825556134  0.00000291110789256  0.00000305816781996  0.00000319530828411
  0.00000331805958625  0.00000343786570212  0.00000355642452310  0.00000368509131300
  0.00000382247283358  0.00000396347771600  0.00000411750344591  0.00000427640346668
  0.00000442686708966  0.00000458831723900  0.00000476769012121  0.00000496528824895
  0.00000518115036027  0.00000542642117585  0.00000574528880559  0.00000612433461144
  0.00000650787056030  0.00000685586092399  0.00000718894361967  0.00000754129160751
  0.00000791420089484  0.00000829663529751  0.00000868665665855  0.00000913177671101
  0.00000961246876280  0.00001007819099504  0.00001067266735943  0.00001137922274285
  0.00001219458180903  0.00001312936321054  0.00001419918243300  0.00001534230555666
  0.00001647749130415  0.00001775268242551  0.00001911922198660  0.00002085517653783
  0.00002301293255120  0.00002556475494384  0.00002875943754092  0.00003263114985374
  0.00003716699632504  0.00004291762993913  0.00005029140136578  0.00005949684051702
  0.00007376444505588  0.00009695686240714  0.00013561237565339  0.00019171607462497
  0.00029226109672739  0.00088143615376261  0.23142761896480807  1.00000000000000000
  0.00000206976424257  0.00000228363335540  0.00000247764997202  0.00000269223855268
  0.00000292770662546  0.00000318297958472  0.00000345173137075  0.00000370946228541
  0.00000397450111310  0.00000428530864122  0.00000457563168333  0.00000487160519132
  0.00000516644883923  0.00000544617903198  0.00000572272301769  0.00000594635130352
  0.00000619855507579  0.00000646162471330  0.00000677452512742  0.00000716095419110
  0.00000752163144468  0.00000785649632657  0.00000820479827751  0.00000855277223018
  0.00000891511705837  0.00000941148236997  0.00000998976167734  0.00001062765730799
  0.00001135495056099  0.00001217446916688  0.00001300655168378  0.00001381236207879
  0.00001460920805244  0.00001547574668733  0.00001645115228931  0.00001756717721786
  0.00001884585084002  0.00002028689248686  0.00002178676161357  0.00002317348375198
  0.00002440368174159  0.00002562210214779  0.00002696244109721  0.00002853677027998
  0.00003054403369296  0.00003276501395937  0.00003508894556790  0.00003764866574841
  0.00004057181509286  0.00004382081592390  0.00004734678934169  0.00005104313830305
  0.00005491763485006  0.00005893852908755  0.00006291070679636  0.00006698945954334
  0.00007082499090156  0.00007479692431385  0.00007896911540774  0.00008391387139090
  0.00008873260373062  0.00009429524648059  0.00010026816264960  0.00010686760328282
  0.00011471045092875  0.00012224032734819  0.00013147934125414  0.00014370833275754
  0.00015728497322776  0.00017220548530953  0.00018900790378968  0.00020882236510348
  0.00023106715132663  0.00025340794744236  0.00027775618279631  0.00030452157881163
  0.00033082100754592  0.00035687821064009  0.00038553924142955  0.00042026248583225
  0.00046473142111443  0.00051775330577053  0.00058541262581470  0.00066632730012526
  0.00076550390660059  0.00087508929209206  0.00100315189120862  0.00115086848998381
  0.00129594165934395  0.00146552286471813  0.00160598248739881  0.00173025740836119
  0.00211259475123297  0.00939529204527705  0.02910602274051545  1.00000000000000000
 -0.00078974935384270  0.00591536428161962  0.01712620866818592  0.03066288151103992
  0.04448070882726499  0.05753967637240917  0.06818879348589837  0.07920062721065180
  0.08939518288111313  0.09810104623814828  0.10730856824610818  0.11708833100686446
  0.12607348081028219  0.13581886452017750  0.14838884739395350  0.16078073367011811
  0.17287987201926022  0.18534357957226874  0.19835412235079361  0.21194707797832410
  0.22541849361320357  0.23860681561762684  0.25127681982669997  0.26167492450138624
  0.26935036291996356  0.27648046083929051  0.28386901878456550  0.29251188218333840
  0.30073854189200860  0.30805041005194422  0.31590949127229206  0.32466692251725698
  0.33473765240318210  0.34490414281957926  0.35511975027741005  0.36651621410701857
  0.37863311478365547  0.38984900039938941  0.39874370807561899  0.40663475485911249
  0.41481516966745741  0.42415338731281776  0.43364364480753576  0.44260612981882141
  0.45061687240291781  0.45866306866849016  0.46703584637650936  0.47543325455494617
  0.48509782669383583  0.49442889467152318  0.50396681998304582  0.51401976922817683
  0.52415021255081173  0.53404817156806994  0.54369762096215224  0.55322077444548012
  0.56294092791006189  0.57325931951276543  0.58475366804811701  0.59650086452067008
  0.60780641832559801  0.61891220027135374  0.63082211166967794  0.64356969678244935
  0.65586393400083132  0.66680181684496687  0.67715385040888265  0.68773434790023369
  0.69866254505481085  0.71086831940522843  0.72272161154889125  0.73382251233342888
  0.74425203165962972  0.75358387553012540  0.76230524559667789  0.77089896956039206
  0.77902933612582392  0.78644041188023162  0.79434234223203437  0.80270913855589354
  0.81263425379318310  0.82463178131562642  0.83689061300632750  0.84790221533011823
  0.85864593441914450  0.86998869124307587  0.88221405650779872  0.89501331106371951
  0.90890059178573068  0.92365117785878648  0.93794392388875047  0.95062964855971910
  0.96204075062494254  0.97402231184117127  0.98671862318288039  1.00000000000000000
 -0.00286212502251300  0.01043696194812440  0.02236788287273449  0.03452481857720693
  0.04582959651278744  0.05623238743752963  0.06621154295027022  0.07589531341087997
  0.08655389142728974  0.09884193861247913  0.11122728290094283  0.12237107469034522
  0.13216562835506621  0.14163995265191415  0.15190397868415603  0.16275961458820168
  0.17394383757283316  0.18523114255508843  0.19703185071834275  0.20843313196499230
  0.21769295921685206  0.22534063808151403  0.23303172445722184  0.24168649644034146
  0.24977847950662599  0.25666401392365218  0.26418137622398413  0.27047099254896817
  0.28142725992346723  0.29192606683297434  0.30389164377775624  0.31518623314513361
  0.32577957996044055  0.33627680451884967  0.34723227840797005  0.35917260462267170
  0.37188713441286692  0.38486244825698884  0.39738165762634681  0.40967404166207405
  0.42168297320745496  0.43359465693160337  0.44661779132433643  0.45988026261778858
  0.47309311374079072  0.48495766241980520  0.49626606615423974  0.50844377185736234
  0.52119870457634276  0.53251188089896306  0.54362333212293334  0.55362075241730524
  0.56266429797347128  0.57124283564825629  0.57989699752928381  0.58942962555988654
  0.59992930402589428  0.61014960769290760  0.62066941404780251  0.63211678629463008
  0.64424252216022160  0.65667221391663300  0.66854282009347954  0.68030852707226674
  0.69332817343987574  0.70506863287425625  0.71635746009957979  0.72718910739086584
  0.73511791820458217  0.74297467814959561  0.75037689625209036  0.75741340008217395
  0.76689515848442280  0.77784889897860554  0.78781624949628770  0.79738653208693588
  0.80788316471409094  0.81928034564838559  0.83161208708023782  0.84318672452946586
  0.85348055637305720  0.86354049847645320  0.87290292921765289  0.88074311043699116
  0.88848284063886074  0.89671015051587311  0.90438196820818906  0.91349590863830843
  0.92332191693529608  0.93383457718474960  0.94421007558555015  0.95470346015921670
  0.96624425156948812  0.97779729652292602  0.98900383987063134  1.00000000000000000
 -0.00098753856868136  0.00422620898547749  0.00970451868565188  0.01558353916995870
  0.02078907883089331  0.02531715269613561  0.03019397925740791  0.03682245559473794
  0.04450160052690314  0.05110928580089644  0.05704464067136328  0.06186138152982653
  0.06810470800874173  0.07694443445809487  0.08603829263412691  0.09473234247397251
  0.10282327138980073  0.11055631445337781  0.11697905251506119  0.12383535944116478
  0.13128619212737855  0.13987210899946345  0.15000518864065560  0.16167384651986472
  0.17395610535196215  0.18648476290591787  0.19933818316461258  0.21190987273530534
  0.22387388957007123  0.23662920802308365  0.24974743350598297  0.26279795434708419
  0.27484821127893355  0.28682450289547473  0.29945050328073963  0.31268752067897049
  0.32575052206006316  0.33783075495228360  0.35008298503905405  0.36284402900159463
  0.37544208407198532  0.38783526978682109  0.40024910310080686  0.41384016120473094
  0.42863139699158798  0.44329677648789295  0.45687426743465787  0.47095633706282608
  0.48395106693510676  0.49785507436202492  0.51225632480564132  0.52691437378522044
  0.54138228283494183  0.55482602079423893  0.56850516365030224  0.58229582997002438
  0.59718943060508833  0.61216674237473534  0.62707719438544340  0.63792386479449281
  0.64808737032469665  0.65793684533377284  0.66772065931509639  0.67920601674799252
  0.69028972287719537  0.70143133251116496  0.71342094514222709  0.72362165913108578
  0.73316196134383094  0.74270910054966843  0.75333517364098468  0.76577058256591657
  0.77753669709306927  0.78958476734414174  0.80203221266826086  0.81397191162211935
  0.82502798431270707  0.83589208219733291  0.84668175127174983  0.85581952754204660
  0.86545421396407607  0.87522689311210944  0.88557852931000680  0.89664983870736703
  0.90719646213005545  0.91692745649065355  0.92576814034788968  0.93447212343834773
  0.94305294444552978  0.95186726818911838  0.96052400832862195  0.96883801006177939
  0.97719059852291112  0.98528699393464636  0.99308308038715243  1.00000000000000000
 -0.00277493054204693  0.01009233107601147  0.02311965415993684  0.03601703656985977
  0.04974372535689104  0.06213717537484170  0.07338476240594483  0.08377758997950641
  0.09260473195222500  0.10104194145954658  0.11024363766666857  0.11930505659688408
  0.13012219546038140  0.14126635294665643  0.15263571341073731  0.16445746815859011
  0.17609695621804525  0.18765678634259264  0.19847309225473542  0.20690334878467734
  0.21377846383829957  0.22080617007697134  0.22828765181294988  0.23678667185526911
  0.24766177574107975  0.25852659098021796  0.26835251215949218  0.27810768659179141
  0.28819928833151898  0.29978093931113209  0.31154419959005752  0.32197867439078270
  0.33133343874154464  0.34073906088259232  0.35008069508133166  0.36039404699358546
  0.37211540342612937  0.38399325329496531  0.39639763766522534  0.40904298983704662
  0.42029350844068680  0.42974019161790228  0.43906059679499782  0.44894974664686010
  0.45976347427593106  0.47176553804831306  0.48270526925847412  0.49276773774345967
  0.50396516206982189  0.51666801047813304  0.52674793890561922  0.53481544327814312
  0.54255225831338216  0.55044353032783699  0.55906087176635144  0.56813144841043461
  0.57704784769184658  0.58589172014108515  0.59817145097404356  0.60977773090181053
  0.62088464492976270  0.63207024647711518  0.64317423884464653  0.65322714715485575
  0.66307660166411486  0.67287357022132221  0.68330585045182390  0.69486959209132848
  0.70681445060962067  0.71834860677404477  0.72919353164517797  0.73910371392531649
  0.74999895808833128  0.76142001909217749  0.77126558707161474  0.78072816736565886
  0.78919559934772332  0.79864693721708091  0.80962020672748569  0.82177599731587359
  0.83468337851937568  0.84747765817358656  0.85921990745275822  0.86981828202469846
  0.88025615973390159  0.89017743138499417  0.90007906538341520  0.91145843271942351
  0.92340375896585103  0.93507295886402786  0.94604656754379968  0.95631251944760798
  0.96640393527737445  0.97676604902860498  0.98776913740897299  1.00000000000000000
 -0.00203847840666388  0.00722044898168432  0.01583195216957249  0.02524153706851006
  0.03406254060859525  0.04408894124071736  0.05424872222092728  0.06519060526878401
  0.07607739030640133  0.08684278509267565  0.09769310408642062  0.10872759922304724
  0.11916289927080084  0.12981116434218512  0.14050040677716277  0.15117471740115185
  0.16161552660106412  0.17294369446498603  0.18417266976467903  0.19583329531845658
  0.20701459229504057  0.21764168660627922  0.22889847071136438  0.24045338820040563
  0.25167394760239625  0.26198698879193233  0.27189058952342504  0.28204334944399861
  0.29422863049075637  0.30647223529711920  0.31966753636177309  0.33161482552813082
  0.34431262286520820  0.35627558476849741  0.36912781621100388  0.38067076077839651
  0.39099552195117099  0.40161888960387221  0.41152133669357793  0.42230363744286625
  0.43495391670266192  0.44775946466154048  0.46021586471971987  0.47210714696161377
  0.48404765609237937  0.49544176898001863  0.50652293963668915  0.51747916126015225
  0.52918914056875344  0.54050391206614778  0.54880843796932499  0.55733746339477841
  0.56547542366315517  0.57406363865258447  0.58340633939532549  0.59201728419407285
  0.60016457642190546  0.60909676438402094  0.61791132135751015  0.62647168725453672
  0.63467659648819774  0.64276020812935897  0.65369584941963432  0.66624736789159766
  0.67855682558978103  0.68957119426491864  0.69971369900412972  0.70833953184479348
  0.71603994410713667  0.72256300362168657  0.72873495587475456  0.73493987228400137
  0.74177429407137496  0.74991536569703077  0.75946479105944353  0.77093041703707521
  0.78424243332352217  0.79829197148631825  0.81206977125109603  0.82555091569704697
  0.83724899127028485  0.84710355580322039  0.85679054760231521  0.86602837964025114
  0.87588404990444679  0.88569871646128395  0.89542093901549924  0.90659892438201017
  0.91875992477866453  0.93115672812084371  0.94368850735559273  0.95570470254134210
  0.96704759003551488  0.97835183120611946  0.98935347806140805  1.00000000000000000
 -0.00000599321117142  0.00002691019190950  0.00006360109138797  0.00010513167574253
  0.00014916671574514  0.00019391941197599  0.00023935245167399  0.00028557761813418
  0.00033233572297541  0.00037948110037817  0.00042642470824312  0.00047244436941584
  0.00051588076891870  0.00055385472358564  0.00058948713013154  0.00062399862253886
  0.00065994315289114  0.00069993568704659  0.00074406472737067  0.00078830109658306
  0.00082554534743877  0.00086134118934667  0.00089807574785710  0.00093727193354896
  0.00098074359099006  0.00102857667296565  0.00107782300367234  0.00112790951713514
  0.00117991139412349  0.00123493383652523  0.00129233523830043  0.00135296429240083
  0.00142053942271563  0.00148920871100966  0.00155278712517349  0.00161868383606513
  0.00168097772190625  0.00174530014564438  0.00181102824295599  0.00187711585211958
  0.00194356066519881  0.00202740146337041  0.00208429883073526  0.00214484799552794
  0.00221032401902919  0.00228238232821338  0.00235474831291074  0.00242091090217048
  0.00248608547896567  0.00255297247052967  0.00262229445768712  0.00269802137740909
  0.00277587467196427  0.00286232431441682  0.00295482683970194  0.00305107953267256
  0.00315174690662221  0.00327507172506101  0.00342096219403040  0.00358058014348530
  0.00374614588746923  0.00395079145327915  0.00420065892712929  0.00439411532497911
  0.00456174705865722  0.00469657273122185  0.00486722788395265  0.00506447121115263
  0.00525945181955020  0.00545540528548671  0.00565973034559096  0.00581293883227637
  0.00595189200643772  0.00606947857266583  0.00617947576530360  0.00632437065722695
  0.00672234818579899  0.00717724294596347  0.00739004360667549  0.00761973942977081
  0.00802486872684516  0.00848800954669545  0.00894976872576825  0.00951010990799528
  0.01028387441174854  0.01122122411045194  0.01169832158112504  0.01211291873345661
  0.01274971144582972  0.01365510199108008  0.01415471254343898  0.01485632951876082
  0.01606212773736054  0.01788194835667315  0.01911687112628722  1.00000000000000000
 -0.00231896280499045  0.01091855708405527  0.01714544755129075  0.02459020014145525
  0.03293888685901456  0.04317986488947200  0.05619117392169373  0.07103071980931690
  0.08552036470303924  0.09752045000904545  0.10848435402259705  0.11923613366374264
  0.12863654692635429  0.13817995517924814  0.14916295004778202  0.16220446998910565
  0.17589454394873741  0.18728723209097511  0.19748629369324563  0.20794216516246472
  0.21730556949910601  0.22674352246284754  0.23715566275006525  0.24729829173056175
  0.25608482137191735  0.26414060299071590  0.27190731299708792  0.27972235322111627
  0.28932415383389082  0.30088490136728890  0.31311830372600813  0.32487685018569290
  0.33556600395893899  0.34666978550659067  0.35755829629241459  0.36805490463830853
  0.37747950672808295  0.38649559652833898  0.39577164256011355  0.40598869883936634
  0.41652573251672542  0.42665712326501309  0.43621784881257802  0.44590012323324540
  0.45647125028659996  0.46713118250128527  0.47856769085879852  0.48884296071024896
  0.49849790125686477  0.50827690106337209  0.51825083279111617  0.52846800257639004
  0.53945120156708082  0.55066302188352734  0.56113514529582176  0.57137100898551596
  0.58124859760965952  0.59115347423308318  0.60143665462630513  0.61167592313269881
  0.62141196093948903  0.63048727301463237  0.63941839064200423  0.64803118614834898
  0.65509179606117685  0.66144049297395469  0.66791402461594962  0.67405093803808580
  0.68116830559709285  0.69070857922422424  0.69912581509420813  0.70755694534199332
  0.71551856619561383  0.72501166016571228  0.73485159730297300  0.74536154350539674
  0.75606689456726861  0.76654760757988460  0.77725437246047657  0.78820836008429029
  0.79964032286663100  0.81151042083091007  0.82404734091752874  0.83710420177488776
  0.84963917114605370  0.86204511782997861  0.87420425174832006  0.88630136500560219
  0.89929845534716790  0.91392383996028714  0.93063885231713972  0.94813093331400833
  0.96411772132441365  0.97741626809651938  0.98914433546334124  1.00000000000000000
  0.42645946785953937  0.49725784579672005  0.56345507679335649  0.56860760041217995
  0.57497357415843253  0.58314532849599654  0.58933978153253463  0.59677056213082924
  0.61021538336347581  0.61850529041195934  0.62740738826528220  0.63809758404360661
  0.64810501269674858  0.65609863723050399  0.66284865926641146  0.66902198623292275
  0.67478036456918566  0.68044088974286787  0.68655455256872078  0.69392099338068280
  0.70158292313791970  0.70780629435737197  0.71233879212661988  0.71658218945252439
  0.72145823194070924  0.72699940103485816  0.73292870838183966  0.73781951871854279
  0.74230070888414490  0.74705821710675346  0.75226275417280319  0.75768694623362454
  0.76309642421814594  0.76839448850002612  0.77367799180417041  0.77980465399867138
  0.78494693339264843  0.78991080301912953  0.79493094229624639  0.80015575674889861
  0.80488683648902726  0.80938803379131929  0.81408236250676802  0.81887359590240461
  0.82353242224960044  0.82799276686278933  0.83240550297049543  0.83689969364401717
  0.84132967259379599  0.84569389698004871  0.84989714296122143  0.85405783918501477
  0.85839339385134761  0.86278919919362085  0.86743370644124751  0.87193325931730659
  0.87626191707522283  0.88054577786586608  0.88487506883695877  0.88915602439855712
  0.89332533456697194  0.89741563097912769  0.90147169681759720  0.90556531089292991
  0.90972662660435022  0.91380593738314075  0.91776759901010063  0.92137254632777921
  0.92474106148711499  0.92809175347881345  0.93156076843773794  0.93491088550714674
  0.93827710694447830  0.94157172369588582  0.94478855443509580  0.94788143987099671
  0.95098658417820481  0.95428472867036518  0.95749056935146482  0.96031385006923431
  0.96297143955565911  0.96566279392198640  0.96813359453504499  0.97098465494203989
  0.97385326914037096  0.97672865301918976  0.97944594772012328  0.98206087075539261
  0.98457030194393869  0.98703205209327904  0.98922165853774535  0.99108167327082219
  0.99301592693741725  0.99509937690370931  0.99729500917682878  1.00000000000000000
 -0.02683032639971510  0.12320750969213441  0.15795418478001777  0.17869396567442222
  0.19626381453754405  0.21194086780292987  0.22553885491651432  0.23764205876141933
  0.24863348850652758  0.25898725928454119  0.26880628015095448  0.27892171412611400
  0.28906532354042913  0.29808061172856504  0.30620639256594434  0.31365578243428316
  0.31999133330944551  0.32588889121547848  0.33155044446581133  0.33713714051950344
  0.34378150343666686  0.35170957542891201  0.35966252999750842  0.36717584994963015
  0.37413198412305193  0.38093209152481650  0.38742538310972563  0.39254028713414058
  0.39693070564279825  0.40144246922886712  0.40605423368338661  0.41095096917889445
  0.41630572790957387  0.42135066891463746  0.42536973277385265  0.42895821508824483
  0.43373223506472325  0.43762408985713147  0.44093405049967516  0.44550625695119095
  0.44993245837416407  0.45448450114293759  0.45956551755007408  0.46486060710639038
  0.47021922221912266  0.47519832517701099  0.47914451509565986  0.48297641490072840
  0.48721095377986662  0.49226612888683641  0.49703309090858072  0.50191520867917860
  0.50736859616723784  0.51265117541528271  0.51789626647362197  0.52322223640386256
  0.52854098632791602  0.53396941240169149  0.53964090563200828  0.54501015630117877
  0.55010976538674494  0.55522513612716773  0.56062738688607605  0.56657329061817518
  0.57308140821600528  0.57954107912843944  0.58560545875018011  0.59194479686407142
  0.59831449833301631  0.60494516042905133  0.61202429095366173  0.61934840045954631
  0.62634278296955148  0.63260930200641718  0.63857409263445919  0.64488434960251073
  0.65198419912718797  0.65997135478445323  0.66824443393138233  0.67659001913622741
  0.68478993634222485  0.69274075549376202  0.70068432329794328  0.70865166254836587
  0.71763888374256701  0.72735395015370807  0.73862906633686398  0.74944359114631653
  0.76151797443630209  0.77575438996655444  0.79201872791398131  0.81002838052382287
  0.82722507743295715  0.84300086032466626  0.87828309860514986  1.00000000000000000
   1.6112287423084515E-006  -1.0000000000000000     
 F F F F F F F F F F F F F F F F F F F F F F F F F F F F F F F F F F F F F F F F F F F F F F F F F F F F F F F F F F F F F F F F F F F F F F F F F F F F F F F F F F F F F F F F F F F F F F F F F F F F F F F F F F F F F F F F F F F F F F F F F F F F F F F F F F F F F F F F F F F F F F F F F F F F F F F F F F F F F F F F F F F F F F F F F F F F F F F F F F F F F F F F F F F F F F F F F F F F F F F F F F F F F F F F F F F F F F F F F F F F F F F F F F F F F F F F F F F F F F F F F F F F F F F F F F F F F F F F
  <DiscreteSampler_grid>
  grouped_processes
  1 # 1 for a reference and 2 for a running grid.
  10 # Attribute 'min_bin_probing_points' of the grid.
  1 # Attribute 'grid_mode' of the grid. 1=='default',2=='initialization'
  0.0000000000000000 # Attribute 'small_contrib_threshold' of the grid.
  0.5000000000000000 # Attribute 'damping_power' of the grid.
 # binID   n_entries weight   weight_sqr   abs_weight
    13   10   6.761609729753863E-003   2.627926574965993E-004   6.761609729753863E-003
    16   10   1.730811625730970E-003   1.750519615198197E-005   1.730811625730970E-003
    22   10   6.308787819853804E-003   2.218705497247258E-004   6.308787819853804E-003
    25   10   1.507112285187752E-003   1.248480351327782E-005   1.507112285187752E-003
  </DiscreteSampler_grid>
