  0.00000012152783751  0.00000012350496974  0.00000012642500185  0.00000012946734869
  0.00000013218560181  0.00000013504919650  0.00000013842504778  0.00000014247079083
  0.00000014711027188  0.00000015127203608  0.00000015543347315  0.00000015989762104
  0.00000016535193066  0.00000017212022606  0.00000017999949561  0.00000018841215158
  0.00000019568307165  0.00000020253189839  0.00000021110289756  0.00000021921926544
  0.00000022736445115  0.00000023599047021  0.00000024397795214  0.00000025084015036
  0.00000025818559061  0.00000026633050329  0.00000027576272978  0.00000028633208529
  0.00000029760351956  0.00000030877671178  0.00000031965850864  0.00000033071366699
  0.00000034158006478  0.00000035341008712  0.00000036756848845  0.00000038127942866
  0.00000039493147965  0.00000040893485958  0.00000042370590614  0.00000044166397994
  0.00000045889396339  0.00000047628026918  0.00000049392233044  0.00000051434913181
  0.00000054103705241  0.00000057004386344  0.00000059798941796  0.00000062717595874
  0.00000065695229126  0.00000068671348018  0.00000071625522319  0.00000074604593561
  0.00000078811513732  0.00000083548555712  0.00000088627984892  0.00000094080222513
  0.00000099584035714  0.00000105018959248  0.00000110942781507  0.00000117642777864
  0.00000124889557995  0.00000132755731310  0.00000141835377835  0.00000151796505604
  0.00000162588989442  0.00000174987568211  0.00000187494525718  0.00000201506182070
  0.00000216612079517  0.00000234191453501  0.00000255419535034  0.00000279248509087
  0.00000305755181439  0.00000331815984456  0.00000360037520793  0.00000390423455293
  0.00000425634121344  0.00000464344012226  0.00000506887982080  0.00000555556131993
  0.00000613854213165  0.00000687151042082  0.00000776960029129  0.00000890617240164
  0.00001041036315489  0.00001236597354076  0.00001483798603641  0.00001813743999848
  0.00002258532263941  0.00002870945172958  0.00003811098514401  0.00005805403476917
  0.00010115195510234  0.00024685419516118  0.17274909052595921  1.00000000000000000
  0.00000021528191195  0.00000040272803477  0.00000050275105125  0.00000052845093268
  0.00000056363022845  0.00000059657718831  0.00000063319532916  0.00000067012799329
  0.00000071336713522  0.00000076880906568  0.00000083368138391  0.00000090152397446
  0.00000096400386626  0.00000102368316816  0.00000108848571353  0.00000115725947475
  0.00000122492399851  0.00000127719281391  0.00000132998367437  0.00000138464995182
  0.00000144587086816  0.00000151447693118  0.00000158608490900  0.00000169308982581
  0.00000181068254570  0.00000190700066568  0.00000202577199537  0.00000215068525100
  0.00000228035473795  0.00000244153126212  0.00000265039504406  0.00000286029788382
  0.00000304644386897  0.00000321332130289  0.00000337201853783  0.00000353978114731
  0.00000372413377295  0.00000392272076140  0.00000414658292069  0.00000439004063453
  0.00000463239450841  0.00000487087176712  0.00000511701970590  0.00000535899223879
  0.00000561964017004  0.00000587299284677  0.00000615545955377  0.00000650078171321
  0.00000690160692145  0.00000731064352839  0.00000772190590572  0.00000809897354957
  0.00000846881536524  0.00000886184816567  0.00000931586045760  0.00000988102409730
  0.00001043821212879  0.00001105853689256  0.00001174614117932  0.00001249104211422
  0.00001328133238126  0.00001422753398001  0.00001528500647661  0.00001644669290410
  0.00001775714981035  0.00001910574321586  0.00002051449625715  0.00002207219281342
  0.00002388650177869  0.00002593342391602  0.00002815679119300  0.00003059782121505
  0.00003316473756884  0.00003592147559682  0.00003894522994618  0.00004223612404111
  0.00004610390178068  0.00005061552763791  0.00005581564410173  0.00006183389389122
  0.00006862736395307  0.00007626679431179  0.00008541229278969  0.00009643837121711
  0.00010934613613308  0.00012583470701049  0.00014641995733254  0.00017374581602915
  0.00021228376585134  0.00026620275714129  0.00035248533630574  0.00048628344200173
  0.00072860061257902  0.00145278483848152  0.22023468094159010  1.00000000000000000
  0.00000783321107275  0.00000922357208680  0.00000981750237902  0.00001041257993967
  0.00001092266637146  0.00001142082956391  0.00001183044528361  0.00001220310197329
  0.00001258239138323  0.00001295775422135  0.00001339652020941  0.00001373218538360
  0.00001410937331324  0.00001450681092207  0.00001502792723876  0.00001565956404773
  0.00001630592770763  0.00001689776188113  0.00001745760122211  0.00001802276487455
  0.00001852685339949  0.00001907170989920  0.00001969345652467  0.00002046608000397
  0.00002126600396366  0.00002211085950569  0.00002296945231396  0.00002387296123406
  0.00002476424623101  0.00002559416514141  0.00002648210988055  0.00002747113293094
  0.00002851815489147  0.00002964966474301  0.00003082860572879  0.00003208951786233
  0.00003342607059386  0.00003503633009052  0.00003665894387312  0.00003826998822083
  0.00003997873895871  0.00004197286878702  0.00004416028013517  0.00004630455834969
  0.00004849705199545  0.00005096853293197  0.00005377827734106  0.00005667533800017
  0.00005964157990661  0.00006292913479254  0.00006611369563475  0.00006932974626802
  0.00007298791090323  0.00007728506031286  0.00008197934325076  0.00008686072889750
  0.00009207556603394  0.00009785993146166  0.00010366187259058  0.00011000160459573
  0.00011664059875157  0.00012306648680971  0.00013013880045312  0.00013789344871015
  0.00014607933575697  0.00015526524522211  0.00016534710351185  0.00017663026648667
  0.00018910680535850  0.00020353109898099  0.00021881144550505  0.00023511844246104
  0.00025237029769802  0.00027103645830124  0.00029110662068958  0.00031230006399893
  0.00033538442723677  0.00036222669364749  0.00039189355166987  0.00042647817915697
  0.00046850970198062  0.00052074048506342  0.00058606644207240  0.00066055803069553
  0.00074853080198885  0.00084573367183624  0.00097625390415427  0.00113934001083691
  0.00136550847479266  0.00171998644088863  0.00226200392356814  0.00306845188925112
  0.00420235059747529  0.00684196653602402  0.28236092293144954  1.00000000000000000
  0.00000157969222346  0.00000160284911414  0.00000164171040032  0.00000168542289244
  0.00000173458268284  0.00000178657823478  0.00000184240298618  0.00000190276191717
  0.00000196297499311  0.00000202746569123  0.00000210500634776  0.00000219353441297
  0.00000229303845875  0.00000238702791198  0.00000247541403819  0.00000256805495358
  0.00000266268848834  0.00000276516475081  0.00000287928843044  0.00000299619441864
  0.00000311481493105  0.00000323340967874  0.00000335778985411  0.00000350437862201
  0.00000367674375119  0.00000384027017860  0.00000401083490312  0.00000419703309130
  0.00000440038368642  0.00000461832623344  0.00000485717251471  0.00000512488993962
  0.00000538177111207  0.00000569580917952  0.00000602472540029  0.00000638138417709
  0.00000678859798560  0.00000723734017734  0.00000771557830986  0.00000822528117136
  0.00000875924312490  0.00000933844292649  0.00000999351342078  0.00001069186691133
  0.00001143040671422  0.00001217252928773  0.00001293381773656  0.00001374417070712
  0.00001466106699487  0.00001568264064121  0.00001683540805149  0.00001810879302463
  0.00001950804513476  0.00002103706046710  0.00002260720692552  0.00002413411303837
  0.00002566720850218  0.00002727333683609  0.00002898508184248  0.00003082636861136
  0.00003301956661667  0.00003528226456831  0.00003810038644835  0.00004098374844234
  0.00004408457728352  0.00004721173166794  0.00005068938237490  0.00005455359991798
  0.00005940923512594  0.00006450146452019  0.00007038977705177  0.00007617891578312
  0.00008259036452783  0.00008963022539519  0.00009814844646588  0.00010787006929189
  0.00011894530407705  0.00013089389012429  0.00014461300870599  0.00016136937262029
  0.00018289039282454  0.00021063876875855  0.00024191532057801  0.00027490156070370
  0.00031505303976173  0.00036219609390357  0.00040089681383197  0.00045250113643284
  0.00051896791891653  0.00060386903624421  0.00069208566365870  0.00085408498874287
  0.00126400395193749  0.00216846267465855  0.01800528701927754  1.00000000000000000
 -0.00222727837609879  0.00871488409215475  0.01816803622124949  0.02956012476126922
  0.03997185189904639  0.05043226440641776  0.05996383974578567  0.06985521534917991
  0.07973931970250879  0.08903520911283408  0.09872495949055235  0.10929171429360818
  0.12076759072620002  0.13063596199668931  0.13985570870685293  0.14952759321299930
  0.15986515447143940  0.16922077156861626  0.17804652000674162  0.18751968041740263
  0.19875675060374748  0.21169166403317122  0.22346104768090119  0.23442868957609581
  0.24481803017165302  0.25610659278341547  0.26744367067463010  0.27860858722773990
  0.28930791459977395  0.30120113554102945  0.31325256148372255  0.32549801629315511
  0.33779849211007890  0.35157989550675950  0.36252807405211956  0.37311204461314873
  0.38440090096124779  0.39603793517069324  0.40675416808416737  0.41621260903608948
  0.42480167031152344  0.43407456768489594  0.44442711992676387  0.45563905969654667
  0.46586004460655744  0.47422266467529478  0.48361808891885061  0.49397589127324448
  0.50538264200081617  0.51546253662815644  0.52500225621602559  0.53447093960147241
  0.54402901492331113  0.55368493560443333  0.56213607110596331  0.57116670831800542
  0.57976390178611981  0.59032141097977942  0.60051634315556646  0.61093414141787150
  0.62180734880133159  0.63271940506355140  0.64417972486486852  0.65438575114093545
  0.66450469884513830  0.67586355824100153  0.68804731659566754  0.69806767146036452
  0.70863351219598847  0.71902587150442410  0.72899688709212229  0.73759112861827358
  0.74616298998586927  0.75560515910043646  0.76559289852086276  0.77490283073012245
  0.78358852377959176  0.79242711438544666  0.80232701365924697  0.81329540999507466
  0.82500794119570131  0.83662406171147630  0.84741174787649798  0.85847384729842924
  0.87083701225150334  0.88414560545587417  0.89680289845651018  0.90851192756017018
  0.92013711570999879  0.93156469193068880  0.94297953346980334  0.95398663995826827
  0.96535164004777663  0.97652564847754153  0.98836510560491575  1.00000000000000000
 -0.00220007167276439  0.01030927068692012  0.02101188816937215  0.03126765002824843
  0.04179088141645185  0.05112955390403780  0.06045896359085300  0.07010567193418843
  0.08072288467242877  0.09188561050760324  0.10301276210460734  0.11346709542529346
  0.12339454083036525  0.13270912286404427  0.14211059766787804  0.15138939612809232
  0.16078425350646924  0.17028390503077681  0.18067488607000759  0.19170966886676494
  0.20289410805520181  0.21372634539710569  0.22411764350581109  0.23414144085736191
  0.24370328842141725  0.25360656200707121  0.26391880352538333  0.27371668545590327
  0.28392124607342439  0.29476520429439373  0.30660366906086822  0.31864696126111480
  0.33039451189917701  0.34213659963198667  0.35406730886967303  0.36583792608813709
  0.37678357847892785  0.38668887629719539  0.39555654399557860  0.40521906149058801
  0.41597178370302246  0.42704423681352111  0.43769058349742024  0.44816575221184912
  0.45913908574697387  0.47138161355635222  0.48368839843421846  0.49444091750700353
  0.50400140390288306  0.51317161324188287  0.52356161035747439  0.53466887931255558
  0.54564713741007109  0.55688623338747378  0.56810725569618836  0.57782972737881289
  0.58712451999900861  0.59582433394680911  0.60597720141479561  0.61697366057972924
  0.62869343119783372  0.63970460450000532  0.65059746001990704  0.66120164543406179
  0.67241908655713645  0.68392540346239694  0.69416675423473884  0.70398538582263304
  0.71340874221886796  0.72184415883382880  0.72995326655009340  0.73808824996557787
  0.74570093981649799  0.75455101004568692  0.76519158095959794  0.77691207472084589
  0.78890981436400642  0.80065460779693343  0.81203866443771622  0.82286608632073366
  0.83355803559280539  0.84420627469205411  0.85515096418058523  0.86621062345132516
  0.87738734454576561  0.88880588823694373  0.89989119936695727  0.91065747425966470
  0.92138542177352756  0.93269582773918036  0.94414780957891820  0.95523481420687717
  0.96532772253765931  0.97593153959605994  0.98726160547827380  1.00000000000000000
 -0.00312196220313881  0.01063529216732551  0.02319143400102262  0.03725410529518100
  0.05166308486436404  0.06617596947910658  0.07985064816786767  0.09353608851945049
  0.10690915542034694  0.12060669200637043  0.13352079255786628  0.14619254570825232
  0.15928703016976303  0.17222439107106355  0.18448189802398426  0.19690846212980118
  0.20942033363296214  0.22206041767079354  0.23366787609410952  0.24521914328642644
  0.25699855693549045  0.27009288399176801  0.28333604716336724  0.29711755819876784
  0.31142028109779657  0.32427659887079552  0.33590752468397889  0.34682294117664270
  0.35872641524692683  0.37198517573014728  0.38472156452736417  0.39623581986997597
  0.40693165814198040  0.41806502235666276  0.42950753047244694  0.44143837673840197
  0.45343237367672107  0.46670696618038882  0.47967158276897187  0.49169275789449957
  0.50356760040114001  0.51482451097836990  0.52524446840767525  0.53497813823689910
  0.54502565065219488  0.55603163350954021  0.56712657551518930  0.57787652803471801
  0.58828724319702352  0.59872971519679985  0.60956117569658808  0.62093701021084635
  0.63244375684146570  0.64350481891235112  0.65426112010041637  0.66521534928717452
  0.67660232767636386  0.68825154168887448  0.70062844994314533  0.71250823754340953
  0.72364890773246393  0.73409700538895828  0.74427718312115598  0.75379127157169656
  0.76321924988493850  0.77279541609946967  0.78205407541024041  0.79109149065324091
  0.79903436205994738  0.80657134914747353  0.81443795759879123  0.82234102972391221
  0.83056262606939191  0.83824791699508616  0.84558295615701140  0.85230176880620401
  0.85914624205293266  0.86616684730711135  0.87382056305308953  0.88035999736168391
  0.88655536025505666  0.89288998565452982  0.89954250743624564  0.90684969972377494
  0.91360613146887248  0.92069365563228078  0.92783723517454586  0.93569967572289825
  0.94438675132820549  0.95327174124193736  0.96183586333554028  0.96979889465765767
  0.97736265672788825  0.98525201023907039  0.99267177266576079  1.00000000000000000
 -0.00240121673287018  0.00883064093535115  0.01796357125750853  0.02804400773158555
  0.03888622112651682  0.05125024776715520  0.06321976839817060  0.07537868577357464
  0.08598775422157232  0.09681735395778841  0.10797494279846624  0.12033204353715431
  0.13250320491018633  0.14419327297057943  0.15500214986221231  0.16466681437338918
  0.17425619417377419  0.18450187565246592  0.19513280855634393  0.20552075026603753
  0.21517149286429543  0.22426249020366648  0.23335720339410959  0.24290992473602435
  0.25353385054326250  0.26404479213762766  0.27510185885341304  0.28647277703173701
  0.29798974825485108  0.30966754866747531  0.32116924605206848  0.33351279299592040
  0.34526980118167161  0.35684010690759155  0.36788648925531925  0.38086434058272889
  0.39334768792153674  0.40534736517034564  0.41680308813430733  0.42863239200816272
  0.43926001438586798  0.44894195107812668  0.45823598143028249  0.46798016208230864
  0.47903486526297318  0.49126473997573122  0.50123444465447953  0.50986050451272613
  0.51830345089956986  0.52783610188692409  0.53821624884309160  0.54845951634981793
  0.55920555831423557  0.56878970856273747  0.57822625577409048  0.58725878750046911
  0.59701517871325183  0.60677472485822259  0.61551517359793606  0.62431457759730247
  0.63289346526919188  0.64332911488575251  0.65377491303259638  0.66382442237556094
  0.67447957142215620  0.68585172634385871  0.69717586574843260  0.70793055768781021
  0.71781133357436788  0.72719058250170987  0.73668200289937513  0.74607719040358844
  0.75684993529113254  0.76701319744713525  0.77698748472383206  0.78726315764236965
  0.79790437432478478  0.80890117726306321  0.81989275902289915  0.83166443055672379
  0.84363061402209849  0.85472439800123667  0.86533923024213255  0.87530731807626527
  0.88458862747636202  0.89387189473699824  0.90408309649978980  0.91481718916776766
  0.92544306746135918  0.93501596491190342  0.94450288080957656  0.95426805415251215
  0.96435861389197142  0.97489050128735744  0.98679886332876277  1.00000000000000000
 -0.00226069890829683  0.01379851011810221  0.02660558070279176  0.03856816990549546
  0.04928043136719996  0.05922707953110295  0.06812128149319488  0.07659511469131776
  0.08543967257132735  0.09469341971745796  0.10335878789581765  0.11175276526162246
  0.12040670408722283  0.12982040155158425  0.13961475437409043  0.14916341415759607
  0.15810295675456440  0.16635234829727702  0.17438430210642367  0.18290034138880445
  0.19217263056308884  0.20162429453010369  0.21098519941034080  0.22059968283104678
  0.23086383689440432  0.24218857389823581  0.25228691822630916  0.26174658540707579
  0.27078020359033528  0.28003786311688361  0.28899749942600533  0.29758830383293594
  0.30617289114584045  0.31511280982601025  0.32342347786163667  0.33197309026538702
  0.34000718869611229  0.34846253244261488  0.35677555302421832  0.36511802252143033
  0.37331756472614969  0.38140540577618576  0.38937810147572538  0.39751111264301642
  0.40633655507409927  0.41521607111828057  0.42419481889256216  0.43243296768074213
  0.44134607017689559  0.45071769739151007  0.46045727145853438  0.47000459401238248
  0.47926505802133706  0.48854961076482301  0.49859548463072290  0.50879321820476719
  0.51906348007460013  0.52981191928539062  0.54030760685462442  0.55100086731831688
  0.56118293352473336  0.57063017285606510  0.57961445606931017  0.58903862740359525
  0.59980671205336289  0.61015281758795559  0.62058045507367487  0.63172944322250912
  0.64360222612914209  0.65556764762409370  0.66677521748393176  0.67807748305264259
  0.68885440122754715  0.69935536114955499  0.71011901863530080  0.72142190861130007
  0.73411245181190876  0.74686449455085757  0.75943608214689051  0.77136847515915408
  0.78197382308226748  0.79335060449571859  0.80606143132454122  0.81944151513658703
  0.83282990054115857  0.84748519212966811  0.86273795403515319  0.87753773035518834
  0.89220814676734717  0.90549909197610146  0.91803055419845170  0.92987500583155147
  0.94297042451270874  0.95811265517363153  0.97716477623386899  1.00000000000000000
 -0.00187062508342873  0.00772994904905993  0.01703837174320642  0.02653327221699146
  0.03649236940015638  0.04625963325451721  0.05560729517911977  0.06529771764045388
  0.07521778163998058  0.08605722561687504  0.09721575538623745  0.10835067535691946
  0.11979109034595892  0.13119359595850241  0.14328828666959811  0.15583701842201231
  0.16784738019728615  0.17942277149845892  0.18997521696416669  0.20003124516991000
  0.21093471699956121  0.22233125733857950  0.23326005042581083  0.24334532571682527
  0.25336806199581607  0.26359542051522855  0.27358963812551890  0.28327667723939098
  0.29246517753500079  0.30132274985435126  0.30985925981792128  0.31809221559966938
  0.32701933297589847  0.33603068846828721  0.34516671438855873  0.35495581699768886
  0.36571111939832363  0.37702808056573794  0.38822499996606979  0.39892269666420627
  0.40966004459447658  0.42026703062290433  0.43060448453686945  0.44040587460757508
  0.44920826811945153  0.45807377481254402  0.46775039617588859  0.47843979853129587
  0.48980637910084712  0.50165652262227067  0.51400398811700332  0.52468038275151441
  0.53432564561726692  0.54325357342959435  0.55226089400299838  0.56124376890920158
  0.57036477033733912  0.58029070748854583  0.59051501850597188  0.60105469259503241
  0.61122602699994022  0.62163206923853309  0.63252665164950495  0.64407913986076304
  0.65649934398711129  0.66853261256399332  0.67983147052327730  0.69095354067452142
  0.70219593412951387  0.71402661851346005  0.72672722448987914  0.73967136035855185
  0.75187213208421511  0.76333542570195922  0.77474953658625467  0.78681236006640143
  0.79940351177695290  0.81194080924230694  0.82367298648429665  0.83537074430089731
  0.84647568423330655  0.85647211771792686  0.86547195512724695  0.87488699807242321
  0.88544669878944127  0.89650294384634466  0.90762729132159781  0.91793651366274787
  0.92796360225801067  0.93764110123284627  0.94736076583681061  0.95610165925455470
  0.96529823491035893  0.97458456651866820  0.98684178920396437  1.00000000000000000
 -0.00225652410964735  0.01097756222635804  0.02119708520480666  0.03204469481191754
  0.04271421589126984  0.05385031929654321  0.06533962158891360  0.07700176669044080
  0.08851608505424584  0.09997032859989796  0.11159318908743369  0.12347955627686492
  0.13493271158050976  0.14511752249445001  0.15428909966067067  0.16338484632458683
  0.17283239516141075  0.18454008621192433  0.19613078514315019  0.20769902443741370
  0.21833823991222928  0.22799747194895881  0.23762454934693866  0.24754814558371485
  0.25810593163636147  0.26845648844138298  0.27843046704339297  0.28828988151641127
  0.29760042362686506  0.30673124217984399  0.31669974982811738  0.32672338026940279
  0.33670606163659378  0.34658488260191228  0.35732137836014122  0.37008426244880499
  0.38292730184384455  0.39534076605232604  0.40693854498218823  0.41812068983470513
  0.42947651658146413  0.44085869383261489  0.45094837794592091  0.46094218421067851
  0.47148739358978597  0.48142328693332154  0.49175142105317643  0.50235385637863694
  0.51461060884880994  0.52627034959966790  0.53573656407798165  0.54443060060304083
  0.55228212764431461  0.56045262783977190  0.56943068818120024  0.57894068680183952
  0.58874761378147678  0.59804653452396461  0.60731727618922760  0.61667656048977348
  0.62645456240405850  0.63611494327952678  0.64628474605172204  0.65660349164535359
  0.66667806495039894  0.67767627261948082  0.68928975827271899  0.70084849509069302
  0.71169547213089157  0.72146443184589748  0.73109177877350162  0.74109333846873893
  0.75172693684138892  0.76427387992677176  0.77713528848243008  0.79107466243251323
  0.80370500493710306  0.81467475207744000  0.82485282671475002  0.83450997766736912
  0.84446672069578443  0.85426936901762063  0.86454860381464105  0.87497974783468047
  0.88584091705984802  0.89718908014517762  0.90885728807605559  0.92003306438294574
  0.92975617050876591  0.93932989027145430  0.94931691147099573  0.95901739241986783
  0.96823612382626345  0.97695234997048352  0.98821555965812702  1.00000000000000000
  0.42404056614720481  0.43681816840306975  0.44781355451758642  0.46281749028962921
  0.47162376499799624  0.47777100335961514  0.48822636287734522  0.49846540022908031
  0.50490759521193462  0.51167648759314655  0.51936952750999799  0.52950891386807242
  0.54166921966710957  0.54783467477549241  0.55223845672715466  0.55692809029034374
  0.56176808064994932  0.56811115249687949  0.57678210485838854  0.58569221695847062
  0.59425026171729201  0.60154639019302636  0.60716914615244533  0.61220701884503859
  0.61703954206165235  0.62199842204846079  0.62734375363219397  0.63243171536897658
  0.63773882114650593  0.64345102832388257  0.64836697714931091  0.65290646598454838
  0.65754009929243540  0.66268473692429564  0.66823436323440266  0.67333032203882204
  0.67858452338330666  0.68420698786340761  0.69025244815686282  0.69589332312384300
  0.70136712504660403  0.70687045426678496  0.71226608576735884  0.71710709769145509
  0.72205657202694484  0.72685063327998067  0.73192861611816351  0.73609917924453128
  0.74055025967817367  0.74503902307645076  0.74982551888130866  0.75475876027613886
  0.75992327827952455  0.76554290385293300  0.77157874282383587  0.77640380583643165
  0.78067652250844433  0.78477060906114238  0.78914925067199415  0.79438993914550216
  0.80002118232008979  0.80559294263458703  0.81076951451410273  0.81578505430384074
  0.82064076325440161  0.82559136248025300  0.83027487272471090  0.83508696166589147
  0.83991734417479813  0.84548471569905848  0.85122489102370502  0.85663760028409730
  0.86162900620449179  0.86636032783766870  0.87123154307747575  0.87616960254405918
  0.88187093462448918  0.88724030458510705  0.89244233307759158  0.89762248822370683
  0.90301037981105325  0.90859862148044457  0.91435170281992073  0.92010795364011744
  0.92623958104951143  0.93223493264222956  0.93817556314541473  0.94413407301537644
  0.95032023898933016  0.95686236442745876  0.96346390940196525  0.97012763408966451
  0.97662417434334203  0.98343726665182074  0.99125218709267771  1.00000000000000000
 -0.01928066385776901  0.11150115823999712  0.13806739370990978  0.15536446020176883
  0.17012162717143042  0.18369181004565110  0.19544108990989620  0.20579568335387680
  0.21545976667826597  0.22439638168885714  0.23233018509415451  0.23976275324963328
  0.24817797175055331  0.25764560995698654  0.26633580007288021  0.27477609227513372
  0.28300037392716343  0.29162581914157087  0.29814717225848109  0.30485214491038803
  0.31177603382169000  0.31897687326866880  0.32612546443291729  0.33248636399827952
  0.33847499259970687  0.34447164391720297  0.35093761176657018  0.35784997420678044
  0.36498180602835728  0.37214485604806841  0.37944533675745196  0.38656041609362890
  0.39334213354128061  0.39995098753583125  0.40635541873679648  0.41255096525011353
  0.41860735728743509  0.42453511486130285  0.43034534419458043  0.43607585228834445
  0.44177562387774794  0.44766436107642604  0.45431304146266588  0.46071773885084993
  0.46614042277394152  0.47140546577591974  0.47686735085796189  0.48220228921696612
  0.48786080162070017  0.49371611738133275  0.49981007962787866  0.50648411565303797
  0.51350736144759679  0.52012153607904577  0.52656660791640508  0.53311304934389214
  0.53985574573185213  0.54670984380353593  0.55331219819723743  0.55969298711681670
  0.56595149447251092  0.57235247074501561  0.57892854647264258  0.58524152499653281
  0.59129964771690657  0.59713683945758989  0.60303921300159047  0.60930483391723800
  0.61526607155954960  0.62103740669028262  0.62666455930082821  0.63246174687749646
  0.63889674973940569  0.64537994365301354  0.65238736044092049  0.66008322180451795
  0.66805513190350851  0.67571659078299218  0.68419726176223139  0.69202751584149957
  0.69954417789732359  0.70684320496617092  0.71401865626644767  0.72183013454558442
  0.73035052447627535  0.74000766711944388  0.75072636513809254  0.76283631930094709
  0.77551139601833052  0.78964060213267628  0.80539690388294949  0.82088147721760230
  0.83677841478197268  0.85190063749785017  0.87521137077213096  1.00000000000000000
   6.1656712192658777E-007  -1.0000000000000000     
 F F F F F F F F F F F F F F F F F F F F F F F F F F F F F F F F F F F F F F F F F F F F F F F F F F F F F F F F F F F F F F F F F F F F F F F F F F F F F F F F F F F F F F F F F F F F F F F F F F F F F F F F F F F F F F F F F F F F F F F F F F F F F F F F F F F F F F F F F F F F F F F F F F F F F F F F F F F F F F F F F F F F F F F F F F F F F F F F F F F F F F F F F F F F F F F F F F F F F F F F F F F F F F F F F F F F F F F F F F F F F F F F F F F F F F F F F F F F F F F F F F F F F F F F F F F F F F F F
  <DiscreteSampler_grid>
  grouped_processes
  1 # 1 for a reference and 2 for a running grid.
  10 # Attribute 'min_bin_probing_points' of the grid.
  1 # Attribute 'grid_mode' of the grid. 1=='default',2=='initialization'
  0.0000000000000000 # Attribute 'small_contrib_threshold' of the grid.
  0.5000000000000000 # Attribute 'damping_power' of the grid.
 # binID   n_entries weight   weight_sqr   abs_weight
    13   10   8.950510873995194E-005   3.203949993400506E-008   8.950510873995194E-005
    16   10   2.181092991105445E-005   1.879432588457137E-009   2.181092991105445E-005
    22   10   9.122518464142771E-005   3.427233248989276E-008   9.122518464142771E-005
    25   10   2.268252239003030E-005   2.160291775461783E-009   2.268252239003030E-005
  </DiscreteSampler_grid>
