  0.00000011762336575  0.00000012549534409  0.00000012901272523  0.00000013263365128
  0.00000013685547499  0.00000014107729869  0.00000014683418413  0.00000015312311195
  0.00000015959067948  0.00000016586080871  0.00000017209056757  0.00000018115131863
  0.00000019130174342  0.00000020430201727  0.00000021728970187  0.00000023045390799
  0.00000024341474520  0.00000025618947219  0.00000026861708336  0.00000028019139957
  0.00000029768912876  0.00000031663640241  0.00000033542709860  0.00000035515969234
  0.00000037505628757  0.00000039514160687  0.00000041615824636  0.00000043867642473
  0.00000046511353222  0.00000049459265537  0.00000052467260251  0.00000055425057018
  0.00000058401997660  0.00000062050507690  0.00000066088729131  0.00000070070147774
  0.00000074106309163  0.00000079043546612  0.00000084954631197  0.00000091639141510
  0.00000099091522575  0.00000106269482768  0.00000113349309988  0.00000120791255371
  0.00000128163272667  0.00000137438983857  0.00000148464155167  0.00000160177322552
  0.00000172224978019  0.00000184418032788  0.00000198016574999  0.00000214098024297
  0.00000231846274467  0.00000251093746688  0.00000271842027041  0.00000295506485837
  0.00000321730226215  0.00000349749962797  0.00000380692875932  0.00000414510405954
  0.00000456002529474  0.00000500489113486  0.00000549983559213  0.00000604015153747
  0.00000663696179972  0.00000730554453304  0.00000810055203650  0.00000909655812239
  0.00001028966721898  0.00001170874193387  0.00001330671805263  0.00001510870140099
  0.00001710282041322  0.00001943957139587  0.00002225981428671  0.00002594607445857
  0.00003064298578322  0.00003679690570192  0.00004376765033037  0.00005210941344735
  0.00006304838080647  0.00007569515317442  0.00009214498043027  0.00011669820370478
  0.00015530792141848  0.00021239443812605  0.00030637876182443  0.00046515780218398
  0.00079335169634292  0.00230934518371719  0.00459368530446118  0.00674182291951169
  0.03002259416832620  0.06401686131019431  0.10931996417649109  1.00000000000000000
  0.00000051713290269  0.00000069406008080  0.00000078757404075  0.00000084143828214
  0.00000090541059660  0.00000097770873418  0.00000105129643821  0.00000112784073688
  0.00000121445012929  0.00000132944702797  0.00000143798771128  0.00000152894452315
  0.00000160788208765  0.00000168402874425  0.00000176330618807  0.00000189162219414
  0.00000200432190782  0.00000211080555853  0.00000222126421223  0.00000235211435807
  0.00000252325630642  0.00000268588168424  0.00000286042632387  0.00000310240234226
  0.00000339869455454  0.00000377669552769  0.00000414764554834  0.00000449456431283
  0.00000483427920473  0.00000519839106967  0.00000557780985932  0.00000596738744876
  0.00000638737032050  0.00000685155197452  0.00000737146571300  0.00000801731380290
  0.00000877241153739  0.00000959119441590  0.00001036441363157  0.00001113760503672
  0.00001197108666525  0.00001296459567823  0.00001421109652543  0.00001565281594379
  0.00001728689064166  0.00001913357840272  0.00002125768863709  0.00002357078882889
  0.00002593380450606  0.00002846799482956  0.00003130036707204  0.00003459471323063
  0.00003820704814343  0.00004214437099209  0.00004625513675541  0.00005065431629467
  0.00005537823998644  0.00006053076799712  0.00006650296857753  0.00007317041691450
  0.00008040215019230  0.00008843646276057  0.00009724973335300  0.00010691380264449
  0.00011773133840456  0.00012936057231197  0.00014182417749898  0.00015518535354162
  0.00017009425301694  0.00018773887299536  0.00020936452419072  0.00023340389378784
  0.00025941817456635  0.00028796964422177  0.00031729287772388  0.00034853747042281
  0.00038507787600812  0.00043190494734999  0.00049639305901179  0.00057738253107277
  0.00066425720901311  0.00076130489724457  0.00087741982708264  0.00102913455832805
  0.00124369514080598  0.00156745867040188  0.00195216738962721  0.00246331093131598
  0.00332609224938348  0.00493699843126617  0.00668674179169384  0.00849986066084886
  0.01059023688192781  0.01795532620990869  0.36162513871367263  1.00000000000000000
  0.00000190952313332  0.00000204963296839  0.00000218790596194  0.00000233680019197
  0.00000248669499602  0.00000265267296691  0.00000283500032053  0.00000303970651243
  0.00000325565060435  0.00000351159798346  0.00000378810186690  0.00000406077996565
  0.00000432633820969  0.00000459484677438  0.00000491366957094  0.00000524249443258
  0.00000557730134384  0.00000593312464491  0.00000630149899604  0.00000672068404869
  0.00000718433456215  0.00000765678060778  0.00000812498181729  0.00000860089885906
  0.00000913043466260  0.00000972015371683  0.00001036175764214  0.00001105955341377
  0.00001180186523630  0.00001256639192609  0.00001336724480273  0.00001421489372384
  0.00001511905523518  0.00001615193625361  0.00001715050873095  0.00001821290517717
  0.00001931311533556  0.00002047398447559  0.00002176530382972  0.00002316759292448
  0.00002485226676089  0.00002652908795909  0.00002854599651364  0.00003048206430871
  0.00003256569204216  0.00003487164884639  0.00003734738692458  0.00004004564816915
  0.00004299271796912  0.00004613389555060  0.00004962315283623  0.00005325898257845
  0.00005701573007128  0.00006112891403229  0.00006575182338026  0.00007101135230171
  0.00007693782299048  0.00008391755279440  0.00009131336488167  0.00009887866247557
  0.00010653047595722  0.00011497905036600  0.00012446379062836  0.00013467257686371
  0.00014512453713125  0.00015519468886296  0.00016442049598184  0.00017555965847050
  0.00018857977830132  0.00020516581019843  0.00022633599065078  0.00025445680728625
  0.00028908996128277  0.00032793472370136  0.00036086250313492  0.00038909870658803
  0.00041659251650034  0.00044914097293322  0.00049555189249266  0.00054763801109606
  0.00060897707343614  0.00067445740664789  0.00073842006824456  0.00081012058950900
  0.00090632085285619  0.00102225124494960  0.00116244504208887  0.00124988399156613
  0.00134490289029227  0.00148175605040084  0.00175489529175508  0.00215366983411005
  0.00365145781057458  0.00627129680115348  0.05715025581173847  1.00000000000000000
  0.00000147092895821  0.00000150029895978  0.00000152609652123  0.00000155214930515
  0.00000158595866718  0.00000162378372113  0.00000167256765975  0.00000172790561748
  0.00000178533843849  0.00000184523298948  0.00000190628214451  0.00000196775494943
  0.00000203137246041  0.00000210380590152  0.00000217699404058  0.00000225236217823
  0.00000233284947786  0.00000241218754001  0.00000250035304888  0.00000259704718431
  0.00000269821623166  0.00000280268860393  0.00000291296018838  0.00000303446503814
  0.00000316316217947  0.00000329128747206  0.00000342012497147  0.00000354991593406
  0.00000368839154662  0.00000383396070344  0.00000400181427123  0.00000421067312603
  0.00000442400688071  0.00000463135627564  0.00000486021853717  0.00000510296839115
  0.00000536191782664  0.00000564149047599  0.00000594056216468  0.00000625796643544
  0.00000660527830246  0.00000701341297951  0.00000739213139846  0.00000782831408446
  0.00000829373589035  0.00000882806531039  0.00000940407430693  0.00000996968970244
  0.00001056261452685  0.00001122699554875  0.00001191224410541  0.00001262766220616
  0.00001334742039842  0.00001412159847327  0.00001505305848671  0.00001606381994636
  0.00001718742444844  0.00001831092387435  0.00001955662070691  0.00002092666940467
  0.00002242913709490  0.00002411658549315  0.00002607150055100  0.00002829132247577
  0.00003060281079035  0.00003282660388529  0.00003505690147596  0.00003776072697307
  0.00004096950797757  0.00004462295016790  0.00004879366449017  0.00005384274828301
  0.00005976461334218  0.00006618351059548  0.00007341005143922  0.00008171091783684
  0.00009126705944728  0.00010243668476172  0.00011494237516478  0.00012969461083347
  0.00014626194975075  0.00016535642706445  0.00018557547645173  0.00020738417334192
  0.00023190182129037  0.00026526775143464  0.00031609158261323  0.00039053210133389
  0.00049902463458487  0.00064246376347458  0.00081472565820764  0.00101913555282224
  0.00141433854988624  0.00225976087686090  0.03244770847922711  1.00000000000000000
 -0.00257538503614936  0.01302344812685002  0.02569698760632914  0.03799881967538398
  0.05026200744385238  0.06285201335846728  0.07443714715255881  0.08436098937092333
  0.09353637422247618  0.10337812672964636  0.11383138524097058  0.12492299486769838
  0.13526789048706411  0.14527591375160442  0.15516966065361568  0.16530346128384071
  0.17547910436411607  0.18630645849537322  0.19782995032670783  0.21015269361690150
  0.22229385073373872  0.23377249955457674  0.24436105732087254  0.25409645858100499
  0.26368970939107211  0.27345101260451388  0.28396198052820681  0.29383381349313548
  0.30367114086728386  0.31293383372401617  0.32213421341501547  0.33134465884112108
  0.34053620809046764  0.35059205253453779  0.36066230964609458  0.37100074064559013
  0.38079097730408151  0.38975701277516683  0.39871712525314712  0.40822044521477213
  0.41866140243456101  0.43002315013258474  0.44200219683863295  0.45415821245698851
  0.46673674445745322  0.47861041205717786  0.48972911011303361  0.49941577997438774
  0.50903279599078455  0.51868161717009009  0.52811379583771423  0.53846869172397216
  0.54922405297010590  0.55967898661622173  0.56973364316953512  0.57929828999221789
  0.58847514494210751  0.59782389520237267  0.60785605696843015  0.61846866511425480
  0.62964601321981284  0.64094946656595986  0.65283059102730556  0.66392423425461711
  0.67453329795903694  0.68470580389389601  0.69470169301147244  0.70507826053595812
  0.71527219110157347  0.72593791308568034  0.73606172015904014  0.74624915750294274
  0.75664830648075820  0.76729051592235875  0.77773749443764462  0.78826794235473552
  0.79895907737828664  0.80996344945079934  0.82065399929409621  0.83166310623816098
  0.84318823170445067  0.85508163369226442  0.86658429874139464  0.87633120942629983
  0.88484883197255970  0.89286549141101623  0.90194481878180766  0.91126905384179857
  0.92132077727389472  0.93189275937723792  0.94318842901045308  0.95523783100763271
  0.96621583869592020  0.97733718352759535  0.98860897808060455  1.00000000000000000
 -0.00255452542594174  0.01105838769669992  0.02169326349507479  0.03185136878032541
  0.04200166286559774  0.05375924547983553  0.06593194328789763  0.07742138324643341
  0.08711492302996009  0.09651933159999744  0.10637344479071613  0.11622158361328613
  0.12613244746419217  0.13533519205655875  0.14532469279697502  0.15579223424237959
  0.16732138766610108  0.17917366426700873  0.19036071569141882  0.20147579257946127
  0.21212651881769348  0.22186493797684134  0.23110909683295294  0.24030889800984467
  0.24964328025823604  0.25832796965023730  0.26671127102630438  0.27570862658984235
  0.28661310802012163  0.29865591059984775  0.31126347916957731  0.32301983044462307
  0.33414282788372179  0.34538499650147181  0.35666152879955526  0.36695673396153256
  0.37654114736052513  0.38653673502800884  0.39676630766935961  0.40765038335730880
  0.41830873910005550  0.43014341553301821  0.44210676141073291  0.45375652642046455
  0.46578134204212046  0.47810553494720637  0.48928149762025464  0.49987377066124161
  0.51004599607536016  0.52033157393613150  0.53085116264079280  0.54171096730780255
  0.55315859259386979  0.56484762960183110  0.57603063048953640  0.58665218298235589
  0.59703349181276089  0.60693549279067405  0.61646145463426871  0.62603134594218435
  0.63662679440965486  0.64796382765730687  0.65968870118977030  0.67126397326136100
  0.68225048716175651  0.69239474576350435  0.70188697929382304  0.71111058824086659
  0.72031256712232972  0.72945277180864465  0.73851304482219515  0.74827406448839140
  0.75867570298664122  0.76885960520838470  0.77752450790880734  0.78572356164837120
  0.79435046931953834  0.80396378162387960  0.81395333769000489  0.82482811152496760
  0.83543457665882537  0.84590935001016887  0.85597719345073908  0.86606165646529143
  0.87693920811044879  0.88811484369187044  0.89976535811768676  0.91101413756083238
  0.92173369936869853  0.93212538394075495  0.94301779821528242  0.95457908825811444
  0.96606224261112128  0.97730732520631580  0.98850579723668885  1.00000000000000000
 -0.00236004018090448  0.00996457635945418  0.02164945579250475  0.03460886696185111
  0.04807377645891087  0.06078316032855716  0.07273422447824565  0.08407318221816093
  0.09373168624132160  0.10453581967970102  0.11502855758923620  0.12697889560214365
  0.13824232172415485  0.14912994053352349  0.15992015963175507  0.17060719615688483
  0.18230955459565096  0.19435871232594321  0.20716547217231204  0.21983899018095840
  0.23143374346996853  0.24186160217716113  0.25095969130824403  0.26041720226754822
  0.27004076524390774  0.28187462250524870  0.29420440520000379  0.30633076457976771
  0.31822594062713178  0.33042411888913692  0.34319171647432278  0.35641063993614625
  0.37054691766230619  0.38414785134425011  0.39730992160834078  0.40913906771513453
  0.42062183673088543  0.43113154822596211  0.44181988722767052  0.45265429516120942
  0.46311567921466212  0.47272391843593231  0.48259022940065316  0.49312937564485898
  0.50420361717895668  0.51554857238033514  0.52790251966199953  0.54171888350441355
  0.55484869721222752  0.56682850609162816  0.57845106777931354  0.58998128007201267
  0.60186320399641791  0.61332413477814274  0.62438664460460813  0.63378521906149077
  0.64335007371391062  0.65368126120137748  0.66424323290684273  0.67427492917447540
  0.68342308562068799  0.69256102173035095  0.70199787419956849  0.71174500795228102
  0.72168092974619558  0.73139593872044972  0.74120077909690063  0.75119201073460928
  0.76114805341692782  0.77092501357094334  0.78043566027025701  0.79021094106955569
  0.79981231375647366  0.80951694757160764  0.81914737204497201  0.82889434234919113
  0.83930008948478652  0.84960415546334322  0.86067848615014308  0.87212611027482423
  0.88368725196019970  0.89523427166443126  0.90533700251230220  0.91439813080067789
  0.92194265508215234  0.92912926203724155  0.93657559065620899  0.94447140366067173
  0.95243748325179822  0.96015885626237119  0.96766298289329211  0.97462219862416966
  0.98066644297298400  0.98689178312074233  0.99340793817116524  1.00000000000000000
 -0.00251757452120428  0.01057745519320209  0.02094398022499748  0.03130394569506217
  0.04200637235302988  0.05353032636553807  0.06545590896340267  0.07797237688283137
  0.08907776443666408  0.09935844791002382  0.10947899820258007  0.11975830414979968
  0.12998129240586012  0.13965461351119418  0.14913379329507948  0.15839714394286819
  0.16861055327500041  0.17919346321476326  0.19035543827110174  0.20197200583510766
  0.21343870501341711  0.22469479137015116  0.23546443678776199  0.24601687422229188
  0.25647595719161859  0.26750301043025276  0.27923643892488381  0.29065874596076235
  0.30163081435136602  0.31237009493937401  0.32360699059460812  0.33509553093790118
  0.34678857672811120  0.35768885106388065  0.36916985855158119  0.37961036434153905
  0.39003026027541321  0.40032928908589543  0.41051072512484976  0.42031980177562134
  0.42923371344535899  0.43817989187214545  0.44686085869569037  0.45541010671679477
  0.46424047298652327  0.47394133417467577  0.48475728595134254  0.49585547818105646
  0.50718653031931027  0.51865179052336041  0.53024842648937565  0.54190877244563396
  0.55402183056700238  0.56534857711535347  0.57498593141705323  0.58417763186163585
  0.59328868516296429  0.60314725774657529  0.61315359965424643  0.62241633914722116
  0.63280398948434857  0.64348042333540201  0.65476433235536657  0.66587607393175885
  0.67611173747411235  0.68537481387661348  0.69435475989569084  0.70310443939779654
  0.71184747303386886  0.72092705647634092  0.73064604915114206  0.74128610914771775
  0.75173043662773575  0.76258043766616135  0.77398101348034987  0.78586672093955201
  0.79762997853944317  0.80948807769711983  0.82056142182446024  0.83172477110516263
  0.84198633894955111  0.85260489254450589  0.86272130175435124  0.87398572483600379
  0.88484027980631763  0.89465430461830797  0.90431786550554938  0.91396149915860914
  0.92462525314666044  0.93497302347184974  0.94579019463359593  0.95672793292683533
  0.96846314605420225  0.97976939892971993  0.99003047878461992  1.00000000000000000
 -0.00226237545098540  0.00951700959047520  0.01949991506247592  0.02987260489894542
  0.04018890148229354  0.05009046354061046  0.05991819290517553  0.06963133933704033
  0.07914437174955687  0.08828985269830174  0.09761794502573191  0.10756874727013568
  0.11843735953390915  0.12941195765220220  0.13976048702562915  0.14951408003639949
  0.15861696919632773  0.16785224992486253  0.17754779103882620  0.18740413289640834
  0.19701867453797142  0.20673581139625802  0.21749583054607222  0.22913629972746358
  0.24096368478785365  0.25266719943240684  0.26390736323780584  0.27452771320211122
  0.28520624007899564  0.29532662316292113  0.30520494311365309  0.31514064297164579
  0.32562704025037609  0.33664864671690564  0.34738226916157189  0.35718838822964355
  0.36586736170078016  0.37545758083469438  0.38568968351797922  0.39759157907937009
  0.40965163287204132  0.42085880058741021  0.43148617308414244  0.44183164827283933
  0.45217193174501441  0.46218093096252832  0.47230696587937915  0.48242956164099843
  0.49214915202920079  0.50165279432107646  0.51082220230003195  0.52021673905573473
  0.52969833371905306  0.53915683918876944  0.54958136970903160  0.56085770310968797
  0.57280042683519372  0.58494737063228019  0.59704909879090107  0.60891820823202858
  0.62078926775996923  0.63170274372661184  0.64247296080830485  0.65314733043341899
  0.66391218352646286  0.67472815154700294  0.68562144434817918  0.69708533680951168
  0.70890422142787912  0.72108480426082144  0.73355125556186007  0.74582295032510471
  0.75695868365066199  0.76778940788260452  0.77830943832541644  0.78883125810853783
  0.79974459563539624  0.81066792986599567  0.82123728798073137  0.83168730815796554
  0.84243301845373675  0.85352647680741123  0.86390618191238444  0.87386972384120387
  0.88374971230893151  0.89355467922950882  0.90441508107859103  0.91593127885589898
  0.92754661441008512  0.93886506553145654  0.94927573086899331  0.96060775130413378
  0.97200192208411929  0.98292624185095812  0.99180606575485619  1.00000000000000000
 -0.00006596329736732  0.00030685964735443  0.00059893989862096  0.00086664213365599
  0.00111380197025903  0.00133489099993952  0.00150636955190146  0.00163000217892071
  0.00176353877239120  0.00189975174030983  0.00203888304700137  0.00218294573054505
  0.00233461750006840  0.00249226158640865  0.00264617372089584  0.00278959865871793
  0.00292810598514889  0.00306811540576472  0.00321501525176081  0.00337402032512465
  0.00354114214866134  0.00369546502512593  0.00381446673114196  0.00392791079550717
  0.00403942375218629  0.00415436212801678  0.00427198159345494  0.00446386423039079
  0.00466265655372024  0.00485344977893505  0.00503275196567286  0.00521117694491404
  0.00540214443717270  0.00559208202866326  0.00576971751161633  0.00593469070560385
  0.00608714905731751  0.00624686530612110  0.00643106663824745  0.00668827009193906
  0.00685156489470148  0.00696066317818513  0.00706217282258258  0.00716039998931664
  0.00725711550994283  0.00735221464970235  0.00746119827400908  0.00761979014839194
  0.00783504043749142  0.00812177707268199  0.00840759045693306  0.00865422386532910
  0.00886838649392563  0.00906502854132907  0.00927223302796443  0.00948286946308552
  0.00973666415545020  0.00999680217030976  0.01021523831841797  0.01044727088389896
  0.01068264793750421  0.01089195963772719  0.01105727929602254  0.01125656158258642
  0.01147517815212771  0.01176333033137369  0.01221743661991948  0.01298202240803380
  0.01356127184038427  0.01404524496021818  0.01458158633687957  0.01518317450484272
  0.01845676932032535  0.02009704363785059  0.02070447066078132  0.02135976620570669
  0.02225200480504146  0.02315313268436495  0.02381818248071296  0.02449485426986203
  0.02601564063474096  0.03307750654792223  0.03822666835709090  0.03884058086521359
  0.03941794457624734  0.03999530828728108  0.04204091555274997  0.04427798003336204
  0.04651504451397410  0.04867684610533033  0.05081755182141812  0.05295825753750590
  0.08121119474060638  0.08829857409816688  0.37567880903859180  1.00000000000000000
 -0.00234593069253483  0.01053061015619998  0.02213082430091007  0.03444795454592797
  0.04714885018279125  0.06004925769351858  0.07246813916329892  0.08337078638972906
  0.09532318636983723  0.10757085322495663  0.12247779009641435  0.13666004724233013
  0.14994606819035539  0.16165727600168464  0.17294873707307967  0.18311969363410524
  0.19431360332801642  0.20563128278601073  0.21676385379414481  0.22752254528662236
  0.23779269593042121  0.24799402074976154  0.25858784345431091  0.27040079219722002
  0.28273135196793853  0.29488911043466393  0.30690612295710140  0.31860869668188474
  0.33023345392463299  0.34142197983305861  0.35175308404526223  0.36155937426607315
  0.37111778848765570  0.38058345163139767  0.38978331584708570  0.39923301900241953
  0.40851759368446339  0.41710144204058186  0.42521630442842329  0.43286306593241308
  0.44038811861090998  0.44816131980037510  0.45559262880159335  0.46376938456559458
  0.47251880650433825  0.48124564313708429  0.48954331605885781  0.49736492849655989
  0.50451511054751619  0.51134570746578367  0.51853888776579382  0.52636872027612824
  0.53429903076225771  0.54266859119270561  0.55040537333206518  0.55822541196821684
  0.56675706156021832  0.57559715861372207  0.58494420953642878  0.59436804868902293
  0.60394550814480974  0.61440008229836807  0.62538701022850385  0.63574168329230629
  0.64587713340334640  0.65593937250324630  0.66669434565630137  0.67767801417872298
  0.68856928680244689  0.69926591146072792  0.71009312936520830  0.72026883070127301
  0.72997510256825593  0.73946657800353521  0.74914168497398126  0.75969190478406290
  0.77057536107533442  0.78184356041557990  0.79338611865443687  0.80465464538156084
  0.81642261022922880  0.82910831807884799  0.84326289311056768  0.85746863777594629
  0.87110875252082198  0.88457994915320082  0.89602916978869840  0.90553099083375788
  0.91526727952565767  0.92645699441599605  0.93805672731928291  0.94988479202113973
  0.96232654570914711  0.97492132501909823  0.98708754205965177  1.00000000000000000
  0.44388198593776279  0.48292414215391088  0.49326547320957803  0.52750536976269302
  0.57105630213161729  0.58623763712055943  0.59369627315402729  0.60078324569823915
  0.60851449872063901  0.61595761564100426  0.62246583536598321  0.62955527809729961
  0.63621818326018476  0.64251286385960948  0.64863569176165203  0.65686685868423245
  0.66472502839165726  0.67317714547113472  0.68220016836401609  0.69086352562366438
  0.69811524302034533  0.70518516639497830  0.71219113699377967  0.71900407006395528
  0.72522491488292162  0.73107532807566644  0.73597738479991570  0.74087013581851946
  0.74556633233848479  0.75063431760978394  0.75566810504073079  0.76088048733749503
  0.76573531033994058  0.77088992252550881  0.77573042349103083  0.78051964953932884
  0.78511516957831973  0.78953271578038919  0.79402434804542821  0.79851951589634096
  0.80292464580797485  0.80713935524177050  0.81127361214858151  0.81559358702027229
  0.82001965911777608  0.82462971730291201  0.82885388249029157  0.83304463919192140
  0.83702677899629052  0.84125008682727087  0.84511130205174279  0.84875849001891224
  0.85257190489156576  0.85650008725647153  0.86073604883010935  0.86499676712869578
  0.86951419233087535  0.87380089648130777  0.87806828150110405  0.88196201597332613
  0.88580470348794060  0.88963257731801659  0.89352219539258992  0.89711177556369648
  0.90050407317247705  0.90378815078688968  0.90711944004002731  0.91064774834007134
  0.91453336762726400  0.91815585166498503  0.92153858825871782  0.92467450703694642
  0.92775475967690213  0.93072731560839717  0.93377532397199392  0.93690974861443621
  0.94013883841117263  0.94347519651421408  0.94688200445774873  0.95030787153435392
  0.95367115519422818  0.95702438382977373  0.96025026425011806  0.96359702126040103
  0.96709345209237962  0.97052218915716582  0.97373513335270923  0.97680166905625643
  0.97973649092079174  0.98253068632796592  0.98518831129873019  0.98786270018449340
  0.99061747312518855  0.99353189425981592  0.99670109383478367  1.00000000000000000
 -0.00123596310460769  0.09127913420532860  0.11024267536355667  0.12203921354477920
  0.13402867018532280  0.14745084404047493  0.15921303066999204  0.16899784399213028
  0.17915087912981131  0.18831212358838981  0.19669811748971811  0.20424537032465559
  0.21207003013644693  0.21971160135757625  0.22778387715320825  0.23527404968802559
  0.24190468708508409  0.24835182884377183  0.25507936538753284  0.26200317456737759
  0.26846684284016836  0.27471650541091180  0.28114585739857484  0.28800877540195657
  0.29513748931820327  0.30219964584860842  0.30914670820271672  0.31644545627444570
  0.32370110735731561  0.33068945286790036  0.33716664320609568  0.34314910129916915
  0.34903653282284014  0.35522037522860805  0.36186827296343477  0.36902258542333155
  0.37659011679562443  0.38390399853179735  0.39038279745655696  0.39633850713582780
  0.40224111101047871  0.40828926929384357  0.41475682957282056  0.42168156143441532
  0.42845066933463133  0.43540694669393171  0.44217790113763872  0.44872928725286798
  0.45500774438482339  0.46099564244660324  0.46685976623250625  0.47296671198488016
  0.47934226241716260  0.48597412122430611  0.49218462036970273  0.49818573423810131
  0.50404865765641194  0.50973448471888649  0.51541200078236304  0.52135289442691013
  0.52767288200949647  0.53472553810948409  0.54176095962170567  0.54815860849160103
  0.55421512173518928  0.56061857164433426  0.56759814114703178  0.57498100585924472
  0.58237450925471812  0.59026439132130937  0.59822650953731071  0.60646631982969135
  0.61534663492784736  0.62451049474729425  0.63330748351059440  0.64216794369948749
  0.65087054929147936  0.65952181421587153  0.66805434898276284  0.67692275019189230
  0.68669902393063598  0.69784947511833406  0.70942653361606589  0.72127454590788309
  0.73333437701050475  0.74565486821132221  0.75886364812243057  0.77113112847386289
  0.78349817609994121  0.79618154203419955  0.81012125069216456  0.82376205279829573
  0.83868443594070119  0.85664040171308176  0.88546940175463018  1.00000000000000000
   7.3950708763903126E-005  -1.0000000000000000     
 F F F F F F F F F F F F F F F F F F F F F F F F F F F F F F F F F F F F F F F F F F F F F F F F F F F F F F F F F F F F F F F F F F F F F F F F F F F F F F F F F F F F F F F F F F F F F F F F F F F F F F F F F F F F F F F F F F F F F F F F F F F F F F F F F F F F F F F F F F F F F F F F F F F F F F F F F F F F F F F F F F F F F F F F F F F F F F F F F F F F F F F F F F F F F F F F F F F F F F F F F F F F F F F F F F F F F F F F F F F F F F F F F F F F F F F F F F F F F F F F F F F F F F F F F F F F F F F F F F F F F F F F F F F F F F F F F F F F F F F F F F F F F F F F F F F F F F F F F F F F F F F F F F F F F F F F F F F F F F F F F F F F F F F F F F F F F F F F F F F F F F F F F F F F F F F F F F F F F F F F F F F F F F F F F F F F F F F F F F F F F F F F F F F F F F F F F F F F F F F F F F F F F F F F F F F F F F F F F F F F F F F F F F F F F F F F F F F F F F F F F F F F F F F F F F F F F F F F F F F F F F F F F F F F F F F F F F F F F F F F F F F F F F F F F F F F F F F F F F F F F F F F F F F F F F F F
  <DiscreteSampler_grid>
  grouped_processes
  1 # 1 for a reference and 2 for a running grid.
  10 # Attribute 'min_bin_probing_points' of the grid.
  1 # Attribute 'grid_mode' of the grid. 1=='default',2=='initialization'
  0.0000000000000000 # Attribute 'small_contrib_threshold' of the grid.
  0.5000000000000000 # Attribute 'damping_power' of the grid.
 # binID   n_entries weight   weight_sqr   abs_weight
    19   10   1.348848096188252E+000   6.077127672847766E+000   1.348848096188252E+000
    20   10   1.348848096188253E+000   6.077127672847778E+000   1.348848096188253E+000
    22   10   3.367486142698921E-001   3.785727844606170E-001   3.367486142698921E-001
    23   10   3.367486142698922E-001   3.785727844606175E-001   3.367486142698922E-001
    25   10   1.344838721640775E+000   6.051486026100075E+000   1.344838721640775E+000
    26   10   1.344838721640776E+000   6.051486026100088E+000   1.344838721640776E+000
    28   10   3.342714462947504E-001   3.755155090719684E-001   3.342714462947504E-001
    29   10   3.342714462947505E-001   3.755155090719687E-001   3.342714462947505E-001
    34   10   1.348848096188252E+000   6.077127672847769E+000   1.348848096188252E+000
    35   10   1.348848096188253E+000   6.077127672847780E+000   1.348848096188253E+000
    37   10   3.367486142698919E-001   3.785727844606169E-001   3.367486142698919E-001
    38   10   3.367486142698922E-001   3.785727844606175E-001   3.367486142698922E-001
    40   10   1.344838721640775E+000   6.051486026100075E+000   1.344838721640775E+000
    41   10   1.344838721640776E+000   6.051486026100082E+000   1.344838721640776E+000
    43   10   3.342714462947504E-001   3.755155090719682E-001   3.342714462947504E-001
    44   10   3.342714462947505E-001   3.755155090719687E-001   3.342714462947505E-001
  </DiscreteSampler_grid>
