 -0.00387901148505153  0.01758274485562661  0.03424816659595203  0.05007207890352680
  0.06432156725260345  0.07718077238538290  0.08913106277255664  0.10089239948814990
  0.11183480834102733  0.12314703646756733  0.13530158654793378  0.14806125670252510
  0.16059707736299811  0.17261816660342896  0.18474395370007834  0.19604597498457060
  0.20649181454299251  0.21659966529230451  0.22674483040704868  0.23777931567329932
  0.24928177042397037  0.26091208312127190  0.27196583842456584  0.28276331125679133
  0.29422055800998814  0.30563917739792201  0.31759804676356534  0.32942178935910643
  0.34223571334670627  0.35458935808089137  0.36637434563253957  0.37746604691604102
  0.38914559245843328  0.40063273119986315  0.41125887387811960  0.42226123697253987
  0.43373805959196610  0.44552203566328452  0.45566746690521159  0.46564032577947484
  0.47492771608349343  0.48446821332144274  0.49418823181834243  0.50562569763949194
  0.51727283952190262  0.52923871185378168  0.54096103989009026  0.55252491544889204
  0.56469678695037007  0.57671344863327034  0.58879827024112330  0.60005258740933398
  0.60939858285892490  0.61850062018960794  0.62746921431517044  0.63713980162392281
  0.64729812178255930  0.65679410473316602  0.66625445995451005  0.67558940465060502
  0.68576356000276628  0.69691804295640258  0.70752483256928156  0.71752718822252148
  0.72728542775136895  0.73744886901510032  0.74815224277443804  0.75917148881166996
  0.76998758869158090  0.78047732707749085  0.79081463728010593  0.80056901489281840
  0.81068434852128668  0.82069341150474528  0.83081844492456047  0.84068394427788629
  0.85041035413344279  0.85965453890090304  0.86682517657801905  0.87321853283105255
  0.87978845755174828  0.88700398576209838  0.89644267170551006  0.90699586548987743
  0.91715420454720264  0.92862416921181257  0.93861365923762430  0.94777071637690169
  0.95693815556347006  0.96561123932959436  0.97346582177552909  0.98053283930163759
  0.98650130468725439  0.99136651223758931  0.99576626179754346  1.00000000000000000
  0.00000175678920928  0.00000181625599242  0.00000189378495671  0.00000198209530985
  0.00000207810909450  0.00000218134046760  0.00000228857348743  0.00000239590236558
  0.00000250499487994  0.00000261146350664  0.00000271337456867  0.00000282339566435
  0.00000294770353167  0.00000308832122377  0.00000325847935091  0.00000343967223117
  0.00000363061991950  0.00000381877054878  0.00000400207124243  0.00000420063766485
  0.00000441139983883  0.00000464086726467  0.00000489050282333  0.00000515093812509
  0.00000541146378149  0.00000570206274741  0.00000603539614706  0.00000638701224884
  0.00000676273182328  0.00000715057735827  0.00000755937765529  0.00000801123487286
  0.00000851092541525  0.00000900665733732  0.00000955350042873  0.00001011241729308
  0.00001071971085888  0.00001135265758491  0.00001201529714071  0.00001275368592167
  0.00001350183986318  0.00001426407274735  0.00001507745065607  0.00001593160652371
  0.00001686692396347  0.00001789304711712  0.00001898989166846  0.00002008231947797
  0.00002109961132685  0.00002213867474869  0.00002323803718921  0.00002462738347344
  0.00002617974696478  0.00002793419576919  0.00002977269948483  0.00003173764485441
  0.00003399462141946  0.00003652201944499  0.00003927858575236  0.00004233817581007
  0.00004557215814155  0.00004904589842212  0.00005286656365298  0.00005723556479459
  0.00006252285652912  0.00006865371179602  0.00007529376206954  0.00008185368316508
  0.00008904496794245  0.00009738224015148  0.00010823964234908  0.00012110051784535
  0.00013505234646284  0.00014984679226117  0.00016653122998891  0.00018456506677661
  0.00020640243092267  0.00023611725301033  0.00027309713519680  0.00031229222238014
  0.00035811793897500  0.00041587111428856  0.00049346668755961  0.00059216512518089
  0.00072264708323178  0.00087778990347939  0.00097523526359138  0.00108649604784812
  0.00120566986455974  0.00136929895580682  0.00161338985669106  0.00219755299323525
  0.00367877418673007  0.00494602413353904  0.00932497844228763  1.00000000000000000
  0.00000162384261730  0.00000168127032610  0.00000173049348901  0.00000177361725678
  0.00000182091504061  0.00000189173061749  0.00000195015683709  0.00000200450233058
  0.00000207024283667  0.00000214995421250  0.00000225439020852  0.00000235763234515
  0.00000243698696755  0.00000252019303697  0.00000260713638526  0.00000270858022467
  0.00000282084090314  0.00000294717073724  0.00000308234086762  0.00000321614858674
  0.00000334350364604  0.00000347423527164  0.00000360938608661  0.00000374243577631
  0.00000388431885313  0.00000405027148710  0.00000424292557991  0.00000444495047571
  0.00000464642726459  0.00000485509909812  0.00000506444496418  0.00000527860530424
  0.00000550351340735  0.00000577017308737  0.00000604814130254  0.00000634022998163
  0.00000663963492515  0.00000696999563388  0.00000730227461342  0.00000768095479559
  0.00000810045625065  0.00000854637918038  0.00000904941697250  0.00000959410354325
  0.00001015537503994  0.00001072835173186  0.00001132437231784  0.00001195255724137
  0.00001264805400240  0.00001340548726342  0.00001415321445562  0.00001494113814633
  0.00001577430002862  0.00001661993273027  0.00001765376711053  0.00001864687297571
  0.00001974072118959  0.00002097840840992  0.00002233933625682  0.00002386148880594
  0.00002541074643405  0.00002713305790741  0.00002900548102738  0.00003110975344141
  0.00003342894752611  0.00003604211694249  0.00003912388525287  0.00004249281633848
  0.00004621366075290  0.00005002296724936  0.00005420843109238  0.00005905593803784
  0.00006495126386516  0.00007186075484342  0.00007920881924817  0.00008647991553680
  0.00009425426223401  0.00010381981577334  0.00011591529502384  0.00013120158487299
  0.00014900971030667  0.00016795985787855  0.00019071836615740  0.00021854262743877
  0.00025111316677057  0.00029117780958038  0.00035303019212938  0.00045445671453345
  0.00057975180259217  0.00072708744648523  0.00090336522529077  0.00115110038865975
  0.00168661730645327  0.00343171912666882  0.02903465205044648  1.00000000000000000
  0.00000200788407039  0.00000259332482140  0.00000288673229002  0.00000324339683858
  0.00000359360672898  0.00000393374241322  0.00000433737511268  0.00000481215458901
  0.00000536265221678  0.00000595805078254  0.00000657027147710  0.00000719891178418
  0.00000782512477274  0.00000851737043572  0.00000918907607047  0.00000986072532636
  0.00001052799955712  0.00001122276428463  0.00001199071139708  0.00001286809018856
  0.00001378018496504  0.00001475964902746  0.00001581965611553  0.00001698525430113
  0.00001818323215635  0.00001944063074480  0.00002082437856210  0.00002238304413131
  0.00002418145580867  0.00002608585325911  0.00002811085429700  0.00003019922320026
  0.00003253926890596  0.00003505979420391  0.00003782657989948  0.00004091943911728
  0.00004433424065025  0.00004802789998563  0.00005233638806372  0.00005703346418220
  0.00006247669707922  0.00006851612731224  0.00007521712820158  0.00008200330388050
  0.00008930074655956  0.00009735741300720  0.00010612441297458  0.00011711343503240
  0.00012786229399055  0.00014042864867884  0.00015411273501485  0.00016967847593311
  0.00018654943499541  0.00020559036351614  0.00022760911380341  0.00025046255221130
  0.00027096146949997  0.00029405336668609  0.00032052905718085  0.00035027722379000
  0.00038117954804116  0.00041665071539798  0.00046085857788535  0.00051168760507698
  0.00057369780018321  0.00063481145877374  0.00070477079896162  0.00078780710091029
  0.00089088021676373  0.00099774623937296  0.00107021851963565  0.00112426112668905
  0.00117327458920579  0.00122807483990696  0.00129376616613200  0.00136617942131606
  0.00146034215092660  0.00151675017348876  0.00157315819605091  0.00163940757905042
  0.00170887561027104  0.00177263869360113  0.00182694771512827  0.00188125673665540
  0.00193657280054780  0.00199621696111263  0.00205586112167746  0.00214165631387087
  0.00222962685436410  0.00241745124518724  0.00269644219626092  0.00294523755882770
  0.00361767328272339  0.00688055608444756  0.01130624038281557  1.00000000000000000
 -0.00090771771514979  0.00915776966774124  0.01901512194541160  0.02964615368881812
  0.04105003147546886  0.05211097479453447  0.06333553218963148  0.07487457547431688
  0.08611281593583363  0.09628833770634017  0.10629369299293692  0.11672554831455888
  0.12789750957093649  0.13898152151662860  0.14969413790832028  0.16101467749223111
  0.17296394333556761  0.18612110687630015  0.19976800531590469  0.21274115897324583
  0.22508367535745621  0.23579259757930449  0.24546721858722273  0.25480651350336059
  0.26440525788017494  0.27575876823850293  0.28816295620082610  0.30009702036383396
  0.31196789683343074  0.32375149801413944  0.33532245371767938  0.34643326270756014
  0.35695095629259943  0.36759647586997590  0.37862622383583588  0.39053969533463351
  0.40163641481472628  0.41193394839451275  0.42228204270111142  0.43361277275165827
  0.44547446371738042  0.45773131765383201  0.47008671991230894  0.48184280926786821
  0.49295854650121351  0.50403301321272731  0.51547402110445029  0.52727099465075256
  0.53911628568284908  0.55106795457908608  0.56311691236470551  0.57515185081759057
  0.58701182984268607  0.59866636748163771  0.60988827475864282  0.62052354221042938
  0.63133350087089668  0.64104127415179701  0.64877862855336721  0.65590451062175126
  0.66295565377422994  0.67063194226353584  0.68065498117623668  0.69077160028492823
  0.70130544956160212  0.71184967569700530  0.72264399389210343  0.73393774906921749
  0.74465670006078200  0.75461189143371765  0.76383834129348516  0.77360246897672635
  0.78412707875769083  0.79440858192180031  0.80446579910219829  0.81427865108154507
  0.82440906959799032  0.83429149089578591  0.84377813212569053  0.85286139661698224
  0.86151676158401569  0.87011772359513018  0.87959190909200458  0.88887885452580873
  0.89775815295184891  0.90648634666155059  0.91539137961632955  0.92479895326100581
  0.93443627465534007  0.94381553597449896  0.95362776012134620  0.96307378160056623
  0.97280202489151435  0.98206472410135048  0.99097158239837524  1.00000000000000000
 -0.00302736413413549  0.01157777288745737  0.02327947568459869  0.03422147918816205
  0.04494355738476967  0.05471950180055122  0.06398027406878427  0.07296393204250214
  0.08277883479927767  0.09319681488565489  0.10383662950108076  0.11389847739277993
  0.12406138998445540  0.13438769345422147  0.14489128400854995  0.15541600134981309
  0.16586531903635315  0.17665448297134012  0.18748105103259960  0.19781819401620793
  0.20782471559127810  0.21804463668647767  0.22875539657803598  0.23970375519108633
  0.25016439817804748  0.26101282982090607  0.27098701797473135  0.28239129348819014
  0.29417548143620448  0.30673715093896037  0.31859460026238429  0.32993394517940233
  0.34110737239674449  0.35237876598006779  0.36427127395211439  0.37607736078328818
  0.38752232893138722  0.39823352344262825  0.40847765462620811  0.41871174744089634
  0.42952164229490220  0.44047590853443719  0.45162018073192933  0.46243355407033770
  0.47296251161430580  0.48363187641080774  0.49437448439712334  0.50518110415410866
  0.51614690486678316  0.52728624096717414  0.53858475540261574  0.54940866681428446
  0.56018687488655561  0.57086094936234943  0.58088735397634117  0.59011743884115209
  0.59960055800950574  0.60982225401868284  0.62045167399608092  0.63105255606356880
  0.64192173198985747  0.65343815132634619  0.66301530288228527  0.67164906477957620
  0.68013736839822259  0.68871691143948399  0.69959439381746225  0.71080481788873451
  0.72139915845131464  0.73155086108639722  0.74173610187049210  0.75209688838198141
  0.76235821732530806  0.77253082490252334  0.78241471553818065  0.79262005518307366
  0.80329218050725804  0.81430355959432699  0.82508931097736771  0.83519398723610250
  0.84552189428750490  0.85556130826814403  0.86588393519305007  0.87626849288884545
  0.88663646388501582  0.89759872178508093  0.90904608042736468  0.92105026709750071
  0.93230268715385822  0.94285399970911865  0.95300070407671822  0.96244406480285027
  0.97151781479766908  0.98055181957883863  0.99023885542889911  1.00000000000000000
 -0.00182010562384746  0.00966659024233088  0.01994517193387306  0.03014935986836029
  0.04057270192315430  0.05098075996191516  0.06241944410762330  0.07473825049746398
  0.08670666287437147  0.09797725632221843  0.10933289087440448  0.12076813041804456
  0.13171335873958626  0.14276506552530410  0.15373479098674203  0.16415849171209770
  0.17403942312317114  0.18423486767223260  0.19524203916086005  0.20751892386240653
  0.21893831191802066  0.22979109318439084  0.24005658983270395  0.25067341224102263
  0.26159039832460756  0.27267736179123320  0.28420168922928934  0.29509245748614943
  0.30601706836049219  0.31666706129959937  0.32589570154202191  0.33364113953893310
  0.34109838685708144  0.34841525698889941  0.35620992050971068  0.36571666596804170
  0.37604657095367117  0.38647117826244309  0.39750582619177521  0.40699272936189068
  0.41575247054646719  0.42520360278387509  0.43520984917357469  0.44588831280754493
  0.45666818729456943  0.46745245302548077  0.47840455502329482  0.48886602253253375
  0.49989253984931697  0.51062090733098064  0.52153672370497750  0.53246101424700631
  0.54289530340204706  0.55294651728534683  0.56251014879761496  0.57192352165912741
  0.58140913705061703  0.59196351397051961  0.60239313508281167  0.61190786226300498
  0.62102568566893623  0.63024043577995259  0.63964899439795675  0.64906614619950875
  0.65882020768187632  0.66853996863439547  0.67872426189001134  0.68855437995754898
  0.69842895190847953  0.70872781769061088  0.71989829054600285  0.73166607841145592
  0.74357703347593962  0.75537731680019948  0.76676958131641593  0.77762042654173957
  0.78829234531894665  0.79993788056198445  0.81238452590265697  0.82416345449620332
  0.83497272369874398  0.84501266379256323  0.85514038204024234  0.86426019796386289
  0.87393313375489878  0.88406754358455164  0.89568737227388284  0.90789082534244270
  0.91981592819533664  0.93134222675269585  0.94303281333667199  0.95415676834736851
  0.96537136484044395  0.97582677001001983  0.98792531933220351  1.00000000000000000
 -0.00002982865387838  0.00029236401575550  0.00051540043697435  0.00067088511375196
  0.00078775795538855  0.00090354155978844  0.00101829540741651  0.00113066686460525
  0.00123976763720481  0.00134548921884956  0.00145144848578811  0.00155393642958151
  0.00163653230205503  0.00171920157592442  0.00180635103661273  0.00189350049730103
  0.00197733845146687  0.00206116732436065  0.00216404483827821  0.00226085572258010
  0.00233701558517479  0.00241330775299738  0.00249055962573789  0.00256781149847840
  0.00264584053066683  0.00272387885317232  0.00282175457955098  0.00292419831006805
  0.00303177390264723  0.00312159138785162  0.00320955269738797  0.00331198563541722
  0.00341498473346119  0.00351879467877706  0.00366122472735493  0.00381088550994340
  0.00395294078332284  0.00408584670524215  0.00421764085803477  0.00436459714227734
  0.00453501251969344  0.00473965551641848  0.00489376885160679  0.00503684756824965
  0.00517392681011191  0.00530802814536115  0.00545244078033625  0.00562317499774165
  0.00579391768738284  0.00598168555920989  0.00616923215317904  0.00637128195700992
  0.00655857684908795  0.00672925999719506  0.00690251369787434  0.00707360941523201
  0.00731959473029505  0.00755484367478950  0.00774268163110382  0.00792886030447061
  0.00812999972477088  0.00834985977229519  0.00857499221023044  0.00888125975654426
  0.00902958927069530  0.00923133692057718  0.00948085111137513  0.00973017711288060
  0.00999093195565887  0.01034096762153967  0.01068118527209907  0.01103185113322151
  0.01141303343031986  0.01180797381717607  0.01218793887601945  0.01254849701658413
  0.01287970952082908  0.01318826960232759  0.01353819744325143  0.01414478583307578
  0.01543785244445675  0.01637943149612663  0.01803676650352584  0.01936593621969553
  0.01952458288760608  0.01972416158767491  0.02004502530587355  0.02038042483879618
  0.02135799656482339  0.02316456362034820  0.02434495332704048  0.02756264143723446
  0.02872353317785051  0.03244578012810164  0.07646403287417639  1.00000000000000000
 -0.00234032898946416  0.01124623816476848  0.02244959311775567  0.03347192185613687
  0.04381189623248458  0.05355374414006216  0.06348143274745276  0.07339619588112793
  0.08396838807728417  0.09387925026062557  0.10433991014483318  0.11534004454800453
  0.12640819160012171  0.13773188261538372  0.14844688147414994  0.15944224580447919
  0.17098863754342011  0.18327674234202515  0.19492470323190669  0.20516320554099293
  0.21515022000555109  0.22494793315891601  0.23458066515420706  0.24486160915568783
  0.25491223213724973  0.26713651644141317  0.27852229217171393  0.28971159224076970
  0.29964963555765750  0.30946180539541679  0.31814579902903434  0.32710615283735278
  0.33599641217130277  0.34555235789149913  0.35506991649216091  0.36468011970621805
  0.37320184117607563  0.37993830061466277  0.38665516021074570  0.39354638852683510
  0.40083037545218775  0.41040618665355627  0.42008187622899934  0.43003113390124204
  0.44026761170622281  0.45111866952694679  0.46248227631343181  0.47397405737372178
  0.48597546406348480  0.49742064321953527  0.50855746352751430  0.51907892250517296
  0.52939855713568640  0.53958017199911013  0.54933284105968250  0.55830538023010090
  0.56670859729509093  0.57533875574982518  0.58493848500730183  0.59559293821377257
  0.60708554096155276  0.61875437623221663  0.63012581062949091  0.64147004418102982
  0.65305437354846496  0.66517488440017714  0.67578413607578558  0.68548289506897986
  0.69532079305855043  0.70631130270481990  0.71727815459285482  0.72861100604499784
  0.73942957481438798  0.75037779539408012  0.76146816749735591  0.77346257634061821
  0.78674947274616092  0.79972562647435785  0.81197105890167387  0.82293726929114408
  0.83431897979900149  0.84461845012358727  0.85523900459180990  0.86572907155848100
  0.87779340657687432  0.89024534192807581  0.90225512589898160  0.91360137827076093
  0.92450145291398145  0.93572260804714369  0.94635527258242658  0.95728935811098670
  0.96735170759881250  0.97793288045088456  0.98841276309725490  1.00000000000000000
 -0.00008001459052938 -0.00001473662203495  0.00016287737233187  0.00046233167508488
  0.00058212007351919  0.00068516281910724  0.00078648854058286  0.00088299365213775
  0.00097467420070222  0.00105706011877625  0.00113416537659257  0.00121060971821207
  0.00128638175772620  0.00136364296048592  0.00144412644054831  0.00151650446676406
  0.00156733907349724  0.00161817368023041  0.00166924424022632  0.00172049393392606
  0.00177174362762580  0.00181655546034348  0.00186053412411724  0.00190451278789101
  0.00195921988086850  0.00201733732758290  0.00207502179513666  0.00213195328154059
  0.00218888476794452  0.00226195926591475  0.00233727818264687  0.00241142827861042
  0.00248458029497082  0.00254745248677662  0.00261032467858241  0.00267470720683104
  0.00274011101333906  0.00280598418958790  0.00287422437561029  0.00294246456163268
  0.00306812011787006  0.00319781593465721  0.00331935353995082  0.00343145738548020
  0.00354193872002262  0.00365413280309054  0.00376995195220903  0.00389596666823386
  0.00402454599915661  0.00414751584251766  0.00424838736130828  0.00434966707160689
  0.00445143538652273  0.00455476177038791  0.00466176394624196  0.00480619753069634
  0.00493618270186930  0.00504552360432368  0.00514295617223522  0.00524280323909725
  0.00534337564946148  0.00544483493529042  0.00555751529577430  0.00566905921115034
  0.00578316944685164  0.00591584461804700  0.00609738177395274  0.00622397705400935
  0.00635057233406595  0.00647347219362799  0.00659629098694327  0.00677341836086429
  0.00694063688758728  0.00721998349415339  0.00777882972587978  0.00869355883762815
  0.00940594303729857  0.01042588095278283  0.01078100557164277  0.01103209705873070
  0.01127358756057940  0.01179696083806855  0.01233874204656650  0.01299447873061588
  0.01364466244624017  0.01378711808473316  0.01398989760965133  0.01408170431597814
  0.01417351833356432  0.01428103964315689  0.01440139216559927  0.01460564761368595
  0.01474203319364584  0.01908318142150313  0.04516188104598024  1.00000000000000000
 -0.00236650635451804  0.01003598696205958  0.02056231936238388  0.03133767131483402
  0.04157499733279214  0.05179582759696227  0.06236043156559635  0.07246829312338370
  0.08284656968169772  0.09296635602973054  0.10376330320411026  0.11372498897911443
  0.12370145205871604  0.13333810256196277  0.14341401477911442  0.15372161836751894
  0.16416276064118920  0.17542047981609829  0.18701752132498331  0.19767294525485909
  0.20796668070819346  0.21816624442976390  0.22834640182170796  0.23821053019297275
  0.24834997034185882  0.25967624123810595  0.27119535241793519  0.28240177904499886
  0.29357086660429660  0.30509772564763127  0.31609602834902295  0.32730791202202486
  0.33800041283007587  0.34957978110582716  0.36113593737032484  0.37319389238342954
  0.38509914886535607  0.39674820920363901  0.40722123567527296  0.41783368320409381
  0.42818574338619247  0.43861315126789102  0.44768612116920536  0.45631623721817893
  0.46474115078310824  0.47376268191699161  0.48362287518621888  0.49350347863277527
  0.50333649208827247  0.51316953177913405  0.52346123527525334  0.53363778975863929
  0.54391237620292388  0.55400159469371757  0.56422656989265663  0.57470094811411743
  0.58494200424757470  0.59516326553115406  0.60558800542430180  0.61659315533359160
  0.62776763208430497  0.63897821038092384  0.64997818070273772  0.65941695449731774
  0.66769254151402302  0.67629574187170183  0.68564833835595340  0.69727121113949087
  0.70954162444285174  0.72110617497336793  0.73252321922038988  0.74426844436164263
  0.75678702666873465  0.76863771812679138  0.77995673750404304  0.79092981023707409
  0.80033264455401376  0.80995841544217284  0.81948448173907973  0.82987101287982401
  0.84099472278539045  0.85207604601559572  0.86324231565553433  0.87424230904584754
  0.88525697053894370  0.89611807581781355  0.90735702248639838  0.91797463629149123
  0.92883429248624150  0.93905919887653855  0.94915101173024885  0.95949994547665429
  0.96994092766296780  0.98058731727042570  0.99029135775376065  1.00000000000000000
  0.67415690825996211  0.70480819918197946  0.72576206998095727  0.74086822868811941
  0.74943382811242720  0.75592565298964731  0.75911583945915118  0.76352656903397154
  0.76752116051202202  0.77180062530641769  0.77528162882133467  0.77885677926636976
  0.78236985223398958  0.78613647637194450  0.78939508535771041  0.79271109982490007
  0.79623684868313938  0.79928486353993156  0.80237106271411784  0.80491274833947091
  0.80768040542231834  0.81052664761732607  0.81330611225576588  0.81584586115277002
  0.81819508383473294  0.82084777086522243  0.82367621482086695  0.82675968292793811
  0.82997155315319737  0.83290212502164240  0.83546567814978456  0.83795932895346770
  0.84046729914779728  0.84298428961527838  0.84547437058217945  0.84808404932792825
  0.85076558621291432  0.85351930264963916  0.85603347934956908  0.85849465283761417
  0.86082169231932371  0.86329039607543090  0.86578108066398896  0.86857539652784488
  0.87131640034066649  0.87398333181717969  0.87648953665487250  0.87896445269544510
  0.88149458530943481  0.88406990444525835  0.88663891444553378  0.88918598282992023
  0.89172359353234010  0.89431043861117798  0.89694131289298773  0.89962675154705884
  0.90229245363704236  0.90496838911887789  0.90768214023906557  0.91038298600559386
  0.91297119755248912  0.91550273420630135  0.91802506251238181  0.92060252649074437
  0.92311180357174005  0.92554273994212222  0.92787065678044833  0.93024314919672579
  0.93263253813501124  0.93502760520047523  0.93730745779828939  0.93953905604001109
  0.94183003915842733  0.94414415606501656  0.94645430366291794  0.94871035855032471
  0.95091898774234418  0.95309363705246386  0.95523431199361786  0.95736495882320338
  0.95954548443281640  0.96176392389899168  0.96398835011424355  0.96629852204617162
  0.96877155095735146  0.97137825356609186  0.97404270311202423  0.97661950334216063
  0.97925280878429244  0.98190291131036145  0.98442242828820614  0.98694451192111898
  0.98949873947876621  0.99239702725724832  0.99588592272018805  1.00000000000000000
 -0.02375415224119760  0.14322353757093290  0.18688560055869310  0.21784607025655173
  0.24300278182319904  0.26412487835814380  0.28317382706675703  0.30039415453706286
  0.31586732766734654  0.33024077190909379  0.34361842896396211  0.35623053490951678
  0.36805257949762443  0.37940484581371903  0.39061090210297761  0.40226089349493682
  0.41352409439770316  0.42415278378435955  0.43397400150919940  0.44391720518482025
  0.45336255136853459  0.46241952613774212  0.47129224824452087  0.48014632901686038
  0.48836868352650387  0.49610368334198235  0.50354183709423483  0.51055864273058005
  0.51774265816676135  0.52514903373357780  0.53334709177340700  0.54130872263303720
  0.54926196633846724  0.55688725050234245  0.56449729000767979  0.57154801068415384
  0.57824959808340270  0.58462981955147775  0.59094652686080873  0.59735657946752974
  0.60369806807679005  0.61017952899747663  0.61675846871206763  0.62319375839597924
  0.62943381835514622  0.63555973029449608  0.64170311518623235  0.64774379307986296
  0.65347195838006700  0.65906678691360354  0.66455228581376868  0.67010456299485932
  0.67578977888955227  0.68146545591280838  0.68716087389038250  0.69280526548579091
  0.69857863569310263  0.70420029987822763  0.70953068161184751  0.71524734946179314
  0.72063343791067191  0.72616578442563273  0.73114806087834161  0.73575479844954661
  0.74022881122227346  0.74469134427931782  0.75020108254880169  0.75608434965353377
  0.76224236007757817  0.76805825609997380  0.77367090924130011  0.77821158364852894
  0.78226289171168395  0.78631499892669532  0.79057796467855246  0.79522221762225542
  0.80230136213118330  0.80957093401341462  0.81658189250714330  0.82210567160828762
  0.82738324249286710  0.83292648011036463  0.83890048922735372  0.84567993614775838
  0.84897392744164712  0.85171587383074998  0.85458240992347245  0.85750519290062821
  0.86066781756304378  0.86406755052075990  0.86799042766797629  0.87387455208018860
  0.88060680396431423  0.89038713632091315  0.90523358124520303  1.00000000000000000
   1.7493655917410779E-005  -1.0000000000000000     
 F F F F F F F F F F F F F F F F F F F F F F F F F F F F F F F F F F F F F F F F F F F F F F F F F F F F F F F F F F F F F F F F F F F F F F F F F F F F F F F F F F F F F F F F F F F F F F F F F F F F F F F F F F F F F F F F F F F F F F F F F F F F F F F F F F F F F F F F F F F F F F F F F F F F F F F F F F F F F F F F F F F F F F F F F F F F F F F F F F F F F F F F F F F F F F F F F F F F F F F F F F F F F F F F F F F F F F F F F F F F F F F F F F F F F F F F F F F F F F F F F F F F F F F F F F F F F F F F
  <DiscreteSampler_grid>
  grouped_processes
  1 # 1 for a reference and 2 for a running grid.
  10 # Attribute 'min_bin_probing_points' of the grid.
  1 # Attribute 'grid_mode' of the grid. 1=='default',2=='initialization'
  0.0000000000000000 # Attribute 'small_contrib_threshold' of the grid.
  0.5000000000000000 # Attribute 'damping_power' of the grid.
 # binID   n_entries weight   weight_sqr   abs_weight
    13   10   1.149104822530727E+001   6.827702965330952E+002   1.149104822530727E+001
    14   10   1.149104822530726E+001   6.827702965330948E+002   1.149104822530726E+001
    16   10   1.440365400320086E+001   1.057599517812862E+003   1.440365400320086E+001
    17   10   1.440365400320087E+001   1.057599517812863E+003   1.440365400320087E+001
    22   10   1.149104822530726E+001   6.827702965330951E+002   1.149104822530726E+001
    23   10   1.149104822530727E+001   6.827702965330952E+002   1.149104822530727E+001
    25   10   1.440365400320086E+001   1.057599517812862E+003   1.440365400320086E+001
    26   10   1.440365400320086E+001   1.057599517812862E+003   1.440365400320086E+001
    31   10   1.149104822530726E+001   6.827702965330951E+002   1.149104822530726E+001
    32   10   1.149104822530726E+001   6.827702965330948E+002   1.149104822530726E+001
    34   10   1.440365400320086E+001   1.057599517812862E+003   1.440365400320086E+001
    35   10   1.440365400320086E+001   1.057599517812861E+003   1.440365400320086E+001
    40   10   1.149104822530727E+001   6.827702965330957E+002   1.149104822530727E+001
    41   10   1.149104822530727E+001   6.827702965330957E+002   1.149104822530727E+001
    43   10   1.440365400320086E+001   1.057599517812860E+003   1.440365400320086E+001
    44   10   1.440365400320086E+001   1.057599517812861E+003   1.440365400320086E+001
  </DiscreteSampler_grid>
