  0.00000014611092805  0.00000015251478940  0.00000015605874465  0.00000015997607563
  0.00000016354468604  0.00000016721920990  0.00000017056729192  0.00000017367896542
  0.00000017682515036  0.00000017979873844  0.00000018271165375  0.00000018575068374
  0.00000018874060969  0.00000019209826506  0.00000019605282426  0.00000020257443212
  0.00000021011706242  0.00000021852323367  0.00000022607467545  0.00000023256417786
  0.00000023889336341  0.00000024525376422  0.00000025108429552  0.00000025684854346
  0.00000026304686431  0.00000026994779453  0.00000027721716632  0.00000028431164310
  0.00000029391304871  0.00000030440089053  0.00000031550402759  0.00000032741336215
  0.00000034058633703  0.00000035513411173  0.00000037021816281  0.00000038652760609
  0.00000040336169182  0.00000042147386637  0.00000044094622557  0.00000046083590091
  0.00000047977441211  0.00000049834607209  0.00000051485078780  0.00000053169784842
  0.00000054888031364  0.00000056685684368  0.00000058839553550  0.00000061309055473
  0.00000064161268990  0.00000067334924314  0.00000070587558116  0.00000074243570368
  0.00000078130012235  0.00000082504857440  0.00000086688422371  0.00000091281258186
  0.00000096368771004  0.00000101721357745  0.00000107560868865  0.00000114091631167
  0.00000121061356861  0.00000127934414040  0.00000135244307862  0.00000143627640604
  0.00000152393817647  0.00000161639599650  0.00000172178224870  0.00000183400889803
  0.00000195107364094  0.00000209764251520  0.00000224288621884  0.00000240953432579
  0.00000258038953966  0.00000274886439160  0.00000294128141115  0.00000318269206305
  0.00000346726387146  0.00000376939974996  0.00000408241652650  0.00000444385325738
  0.00000487258215674  0.00000535941973609  0.00000593857369334  0.00000663730370249
  0.00000748165086340  0.00000853303889304  0.00000995264211750  0.00001176922926289
  0.00001427273732135  0.00001802090554626  0.00002464053030873  0.00003763665167288
  0.00006952601969108  0.00020568384560449  0.03968511066653784  1.00000000000000000
  0.00000042045005994  0.00000043917956143  0.00000045938402395  0.00000048249353020
  0.00000050927689994  0.00000054071570802  0.00000056837895438  0.00000059327080268
  0.00000062153149983  0.00000066033184672  0.00000069669928158  0.00000073016192453
  0.00000077176123110  0.00000081764400017  0.00000086064838124  0.00000089877718062
  0.00000094111842413  0.00000098694395980  0.00000103769629887  0.00000109236550500
  0.00000115149193794  0.00000121544137848  0.00000128189972403  0.00000135535861470
  0.00000143691661351  0.00000151855537364  0.00000157819857103  0.00000164070541370
  0.00000170338933715  0.00000176660254017  0.00000184398994613  0.00000193418819454
  0.00000202261171545  0.00000211056650814  0.00000221008283893  0.00000231645609252
  0.00000245097325435  0.00000258755333216  0.00000271990163321  0.00000286143028574
  0.00000303064575871  0.00000322869407883  0.00000343060776533  0.00000361832255330
  0.00000378846330510  0.00000394599013458  0.00000410385336753  0.00000432925225741
  0.00000457271156456  0.00000480856675954  0.00000508366271993  0.00000537864888255
  0.00000567867272080  0.00000598156820877  0.00000629670821005  0.00000663753802464
  0.00000695143112876  0.00000730716022992  0.00000772223271624  0.00000817901672234
  0.00000865553629655  0.00000918466192056  0.00000974311250496  0.00001032668985068
  0.00001094992379156  0.00001163430107788  0.00001243835192827  0.00001316237261549
  0.00001399785441166  0.00001484600356181  0.00001582990156623  0.00001697593061825
  0.00001822507213888  0.00001964698266916  0.00002140961319314  0.00002321875961940
  0.00002533041310371  0.00002756000480072  0.00003020983744459  0.00003329338859007
  0.00003692688157631  0.00004084275025200  0.00004526711491083  0.00005054980133928
  0.00005739983902850  0.00006666683692215  0.00007914524241247  0.00009586210407497
  0.00011878754740254  0.00015240388618497  0.00020698525998014  0.00029163732752678
  0.00049800846477256  0.00144776691436566  0.15248753294971151  1.00000000000000000
  0.00000545953765758  0.00000569789041615  0.00000586585886211  0.00000604301158537
  0.00000622565714242  0.00000642271362466  0.00000667435295198  0.00000691647791728
  0.00000730573297396  0.00000762547246890  0.00000784551532315  0.00000804853502471
  0.00000826945669777  0.00000854714248233  0.00000888947289469  0.00000917314853392
  0.00000940979114171  0.00000963221805498  0.00000984718569996  0.00001007086729729
  0.00001029671273626  0.00001051576339846  0.00001071935417631  0.00001092594635799
  0.00001112113637385  0.00001133662027231  0.00001157488366739  0.00001184972353698
  0.00001216345114958  0.00001249458080684  0.00001285047296274  0.00001322059586094
  0.00001365333675997  0.00001405993172069  0.00001443984951084  0.00001484219693890
  0.00001523682258753  0.00001565769834196  0.00001613662238248  0.00001664156626453
  0.00001717544439662  0.00001771288454867  0.00001823396362971  0.00001876588578787
  0.00001927733711769  0.00001977873204407  0.00002026268589078  0.00002073527873266
  0.00002125684907747  0.00002187730736056  0.00002267071271913  0.00002368345640233
  0.00002468441344926  0.00002563259040830  0.00002658535633290  0.00002760766508729
  0.00002878544465922  0.00003005119321265  0.00003146207742982  0.00003298295318835
  0.00003476681730966  0.00003677316648781  0.00003873647537974  0.00004083644148130
  0.00004309946398090  0.00004552553113061  0.00004818955884018  0.00005114710332001
  0.00005447547912533  0.00005791921659176  0.00006160925175539  0.00006577999350557
  0.00007051480144627  0.00007624992209517  0.00008274018135555  0.00008967047605169
  0.00009728463955184  0.00010624633542497  0.00011699644440641  0.00012990748515108
  0.00014462695881545  0.00016200510063642  0.00018219090179868  0.00020719974708074
  0.00024046373887254  0.00028721306273340  0.00034930116964286  0.00042679071154708
  0.00051984394979050  0.00065091792060020  0.00087596590068735  0.00130038443969112
  0.00206664719260196  0.00373604786254254  0.76801465241622002  1.00000000000000000
 -0.00236141008456007  0.00870371174587710  0.01841197136147011  0.02807289667569431
  0.03897063684308059  0.05223395764004016  0.06608708191485953  0.07894035862018199
  0.09234979978419590  0.10580063510251479  0.11761600230108543  0.12857823016385198
  0.13849038124635143  0.14857327882668311  0.15877005777495759  0.16939828994676184
  0.18118050374765698  0.19257811527752827  0.20270250436898146  0.21203366892100534
  0.22074147655616674  0.22988436672352897  0.23929790047779403  0.24877449419698547
  0.25795877071956341  0.26701174815371415  0.27684256219148123  0.28720704772677108
  0.29857269735164366  0.31011588495387910  0.32129735578944091  0.33195948783381840
  0.34307813041024782  0.35375340607383954  0.36649572884534193  0.37808343747513939
  0.39052536928719378  0.40237603568636893  0.41444372650632538  0.42547336433997651
  0.43504826893197618  0.44476838645287803  0.45449761618385442  0.46476407167456774
  0.47538032839726269  0.48538528576164858  0.49523440490102399  0.50501387156291122
  0.51535729596073365  0.52721401550048075  0.54096831293457737  0.55377009136461630
  0.56526257469440389  0.57600828945437521  0.58578974916282522  0.59467705707760765
  0.60316798798335725  0.61150734268087847  0.62023885584040006  0.62881753728637879
  0.63643718790943771  0.64577881559504136  0.65590396412906593  0.66673899589889918
  0.67778488757884270  0.68907636114103865  0.69993025745842974  0.70987443179645393
  0.71966232611898828  0.73038019898193896  0.74219035505982967  0.75279816436066094
  0.76309485323128878  0.77359198307049748  0.78451458565580789  0.79509483292850924
  0.80514370491721476  0.81503323100538860  0.82581498012977006  0.83682827897596423
  0.84716610514817015  0.85699464188155883  0.86690706467971657  0.87749065209510801
  0.88868286347123326  0.89985377680465417  0.91075019312040340  0.92156369655640147
  0.93216666734958087  0.94181187578768832  0.95094057711947599  0.96004907660069272
  0.97022094138959258  0.98071653287692595  0.99077759107517038  1.00000000000000000
 -0.00185380191176718  0.00785538210698099  0.01748961841283887  0.02751748710911867
  0.03822952312823247  0.04987651043283024  0.06078538914617595  0.07217775166892272
  0.08363424888905821  0.09390455857956612  0.10406581261106132  0.11458876096880311
  0.12548021729545256  0.13558212500387989  0.14582159536034989  0.15666617254565438
  0.16700105061884910  0.17624924668940573  0.18560118548416416  0.19561271612623118
  0.20685791877402582  0.21850400401372100  0.23001264862215287  0.24024867002819342
  0.25016282876089113  0.26055964914533269  0.27239159060491197  0.28481420983108946
  0.29617372642117584  0.30721745403272044  0.31877459668205499  0.33091502713116233
  0.34211260134382881  0.35197731691227224  0.36036185002440918  0.36841115843286593
  0.37760122867140999  0.38877385163025097  0.40004162080973293  0.40988958894796201
  0.41874367309689725  0.42833547126065913  0.43899457094742583  0.44977717317401755
  0.45997506881405636  0.46933866527912832  0.47800173098055981  0.48679226038713247
  0.49550749858711279  0.50566900176982366  0.51655431482052139  0.52846015435696136
  0.54056479329893126  0.55310597903713032  0.56528020794925404  0.57742175491408720
  0.58880270863502482  0.59930781974030545  0.61000053472500526  0.62162331717258079
  0.63375155626769586  0.64335962903567157  0.65301536101809809  0.66217922089676673
  0.67243601640970230  0.68290788079277998  0.69302697087089649  0.70309653744827938
  0.71350905000410680  0.72440050551859259  0.73467465555656453  0.74445263484980972
  0.75446925100678019  0.76539575666007997  0.77677738017671072  0.78723510319085077
  0.79738990570292456  0.80795716060427059  0.81874521916527643  0.82960259660639957
  0.84002861504194393  0.85102023163850360  0.86287212555810100  0.87489432825298663
  0.88673880012045125  0.89828512372319380  0.90946526526158689  0.91988614311529915
  0.93002919871156942  0.93942581278398873  0.94893912157125127  0.95798263435334396
  0.96758834867344024  0.97784861711874016  0.98916188940434824  1.00000000000000000
 -0.00187378238031957  0.00785287136976187  0.01711717868910573  0.02700320921668731
  0.03774236568584200  0.04922307980267371  0.06068403603015621  0.07098789305515070
  0.08041067612273657  0.08958393783553882  0.09932693488501183  0.11013993789984827
  0.12136896130730998  0.13181944999450282  0.14123131212502543  0.14979542345157421
  0.15878375626373584  0.16945785825321996  0.18093680791809172  0.19189931057342152
  0.20175574841727234  0.21074092754479887  0.22005504475537396  0.22938674321753055
  0.24102161764808794  0.25223543889165412  0.26458509409963876  0.27623951289875714
  0.28767837185129647  0.29890042411820400  0.31052865022537507  0.32249331711724788
  0.33465857798478998  0.34803886536211642  0.35884337819445522  0.36800731998297453
  0.37671831032558395  0.38659083838494407  0.39698474221842922  0.40700571346340358
  0.41642025641467145  0.42671665563134059  0.43718678762286634  0.44826988170786930
  0.45884330331817635  0.46872536820549499  0.47812037806540131  0.48796681272789483
  0.49918701664712722  0.51141280207428352  0.52292375446258776  0.53490182388931029
  0.54734499336449538  0.56029094250172762  0.57273865497051302  0.58375201516198261
  0.59475657388504743  0.60549873708037560  0.61666790058400678  0.62822876524625293
  0.64004533632654592  0.65215477164393998  0.66467101128347861  0.67728370104162272
  0.69001157136039404  0.70262468271547629  0.71434684617899313  0.72469809910525229
  0.73501292480337399  0.74496393232549585  0.75448221008237193  0.76295129761844960
  0.77172456076839024  0.78167401773670220  0.79222285484129573  0.80247495982627626
  0.81261270985779044  0.82374639592702859  0.83529289919735550  0.84684570427088313
  0.85757003429092959  0.86776398472714322  0.87800478359666267  0.88684200005171665
  0.89627962559029317  0.90555266097344167  0.91538495663283970  0.92516054316458574
  0.93461425337467752  0.94417666059129857  0.95399275715973841  0.96386866436284169
  0.97356496314720919  0.98289343835113863  0.99165937812178573  1.00000000000000000
 -0.00287934094291569  0.01082561202743991  0.02171921746490312  0.03266632156806804
  0.04326037238430169  0.05386437343103996  0.06419530990475621  0.07491197433971684
  0.08581836727595563  0.09799887680194314  0.11035452234607684  0.12318605024361140
  0.13539920044060735  0.14797619472418180  0.16010763723931187  0.17106040279416970
  0.18197652835143455  0.19254256250607268  0.20364837200899319  0.21456275635583461
  0.22528360863787250  0.23517616582484718  0.24482721444973438  0.25435454472744440
  0.26350926241108968  0.27283894394303498  0.28287684579802813  0.29276986399508625
  0.30290842535188467  0.31342078536918766  0.32421438947738596  0.33452153773410676
  0.34434397095418418  0.35396918105722897  0.36373657990883967  0.37369394179068399
  0.38418901121472848  0.39563648423650127  0.40664408967804216  0.41781818167543366
  0.42923942429825102  0.44131865812070903  0.45352376726222937  0.46537571685768186
  0.47729514377018045  0.48863712524653102  0.49954125144754230  0.50889562186921888
  0.51915431672095269  0.52957190202359516  0.54110848422677760  0.55296343401263814
  0.56518637443406894  0.57573980586171714  0.58609296259579324  0.59706312275524787
  0.60766054088791688  0.61703983587835598  0.62606021824767799  0.63489174893736089
  0.64423520830128722  0.65345616852396793  0.66275557900715865  0.67175318886216195
  0.68067216051271784  0.68986366923047571  0.69924543872164302  0.71057966786239291
  0.72166019156188044  0.73226638370386088  0.74207864791453182  0.75094140990439484
  0.75984943397736726  0.76945112054110654  0.78004081954147142  0.79070500469151739
  0.80141321243836983  0.81237637112166938  0.82317665651275818  0.83438528193147876
  0.84614283000886070  0.85923645710977370  0.87137067439178040  0.88168285807103064
  0.89116747682504427  0.90076196523953889  0.91093736919022339  0.92040157604560102
  0.92991549703147391  0.94012069772984874  0.95129674537825593  0.96027537850913181
  0.97036524948643521  0.97935704149863589  0.99012093261855982  1.00000000000000000
  0.00035330587444697  0.00866351874711324  0.01641413023160654  0.02624586663810534
  0.03805945332461252  0.05044850888950638  0.06183439117438846  0.07169611843794517
  0.08079137595476497  0.08985970678871781  0.09916973636691706  0.10878881089248116
  0.11913248006953445  0.12988339916806385  0.14055214854080553  0.15115875635684750
  0.16159752103444358  0.17280084225347472  0.18395680951514548  0.19540673404340353
  0.20697895637904518  0.21660125565991187  0.22635425759043543  0.23612898430839480
  0.24574362555176968  0.25451231602062890  0.26281060049594740  0.27172392676486168
  0.28197145755580694  0.29247732879760285  0.30177201439758661  0.31081603423664422
  0.32020028286164848  0.33059381037645647  0.34149845309068183  0.35189553367428678
  0.36203405604302902  0.37325665098864447  0.38443695725338689  0.39473895306262280
  0.40449070253248559  0.41300129931736101  0.42216752968554233  0.43126761478593140
  0.44177738990142218  0.45243383567698886  0.46309996198425141  0.47380390779858805
  0.48421646175954591  0.49442610627622829  0.50531137435200069  0.51697954470490382
  0.52862774674289048  0.54009019814822201  0.55130240512371409  0.56298023557141241
  0.57529861846675934  0.58707537145634603  0.59768676850959979  0.60766095891735161
  0.61725585999869503  0.62725434044039863  0.63662611524753732  0.64552756044600657
  0.65474458116397216  0.66458022892712931  0.67640930367033647  0.68688647505413580
  0.69683275312939474  0.70647609886975904  0.71656366638779201  0.72751651627499958
  0.73863029710898964  0.74953731214722952  0.75949980487122259  0.76810799671073127
  0.77660001283588165  0.78589119730774248  0.79589205192010726  0.80513281726674990
  0.81448270439585801  0.82489651388547558  0.83608970562909302  0.84538091921505965
  0.85468417124988616  0.86409548654024526  0.87579457493340274  0.88863030604338022
  0.90125932809692211  0.91360963326878109  0.92646690815307486  0.94082016490002729
  0.95596595633910586  0.97065911181675557  0.98466447178130112  1.00000000000000000
 -0.00237800619652395  0.00779658876880165  0.01660404372436741  0.02537453321012112
  0.03508844014247661  0.04520861387571090  0.05568241192104583  0.06657866597039963
  0.07700286978001064  0.08726751159803037  0.09709584470677567  0.10731356880441573
  0.11898355832518279  0.13138840520702302  0.14467525242378379  0.15598201024389205
  0.16619953260071563  0.17472361332166431  0.18396567007432341  0.19291833438251649
  0.20278126459527604  0.21295071537092530  0.22393062160074367  0.23728257338688152
  0.25052938297577071  0.26357262163331324  0.27633506324989243  0.28929935792421613
  0.30077447490647513  0.31134513512029460  0.32081669345851027  0.32997056349979803
  0.33871460354562138  0.34704492710893736  0.35545388954697710  0.36384847415481980
  0.37263623837286064  0.38181041417829775  0.39183017619416455  0.40285813837392587
  0.41432543000260252  0.42757850529078789  0.44001367020304083  0.45259866248765201
  0.46547740993337611  0.47780579382719734  0.48983789482270196  0.50170974353425857
  0.51213289335403800  0.52250456834910008  0.53203105902517511  0.54179035994489610
  0.55150914073662871  0.56150461946181685  0.57191957146891947  0.58203495321153176
  0.59143273159905729  0.60091515115623018  0.61044815327380397  0.62036264394713847
  0.63047327374558415  0.64129461920871966  0.65328406410666695  0.66410107619315339
  0.67330670573893026  0.68186002336060814  0.69046301863069481  0.69926150185872959
  0.70823898291740428  0.71619152035152911  0.72401802525053705  0.73213866908430736
  0.74008442470006808  0.74927091029707482  0.75897314957042394  0.76945854274838399
  0.78052910839904055  0.79207033384554715  0.80287969713489638  0.81320780085685529
  0.82385899503610527  0.83528099102431763  0.84882626787873006  0.86375925464089887
  0.87779693214226473  0.89053235989073931  0.90223461212660649  0.91383097112017342
  0.92467253337215727  0.93514740097743643  0.94649319777401486  0.95825025945082942
  0.96917485695595340  0.97892418380907809  0.98910354893895369  1.00000000000000000
  0.00017934520357556  0.02325127581123892  0.04168561346573661  0.05735043297189803
  0.07164255686895549  0.08457512542827386  0.09556521545185634  0.10522728897806249
  0.11438722218560787  0.12404068752860949  0.13391342089251682  0.14402916473163829
  0.15482331917015010  0.16607059086361825  0.17700802581997446  0.18826884265189572
  0.19995497881413743  0.21010376344305545  0.21931410716004193  0.22841254137931175
  0.23852424423094729  0.24788138638257598  0.25655022259267091  0.26433789780264672
  0.27338988668086928  0.28286903220761828  0.29332432433998312  0.30358830595853337
  0.31501513201531978  0.32752713209549333  0.33958870102159022  0.35052979376667476
  0.36075105905579546  0.37072211332909233  0.37881495862776066  0.38677467718819697
  0.39503194669356656  0.40409371002807531  0.41246218585940669  0.42059117399895157
  0.42866310046460021  0.43734523234636286  0.44644427905695200  0.45517605810203632
  0.46390485140035165  0.47238723558331730  0.48235758019357383  0.49291875910303234
  0.50373457681376199  0.51476195232619193  0.52410485022483122  0.53334845393389541
  0.54147688530327720  0.54892723487001271  0.55662980526960792  0.56462411781372290
  0.57435724081884654  0.58336218818170094  0.59143696088827413  0.59901063639136265
  0.60791946733417024  0.61682670713796561  0.62598721229954868  0.63548885229092089
  0.64593465904706049  0.65624225504017974  0.66595800174827513  0.67542906725685758
  0.68524035319491772  0.69529728666392954  0.70524409135645738  0.71527392270635870
  0.72538030701214218  0.73560518291574195  0.74510708702514805  0.75442705971587565
  0.76356920037328258  0.77381450567281340  0.78370100647474750  0.79342648892511836
  0.80279681815492254  0.81201999023838523  0.82226086187157199  0.83344204747157380
  0.84612691512574989  0.85856829487565633  0.87042795619416957  0.88270578220543117
  0.89530028394978889  0.90802747262167982  0.92196424047109882  0.93630403370289206
  0.94945949850807598  0.96368601403431098  0.98000670974135740  1.00000000000000000
 -0.00208752240683257  0.00855338502358893  0.01767795094444365  0.02769008451560624
  0.03786667057777107  0.04774584847380781  0.05767633487740111  0.06878812446489814
  0.08133843571283295  0.09325323135736477  0.10503873948997697  0.11622037726190082
  0.12762917550104247  0.13814078735948626  0.14803270023167983  0.15808483323869596
  0.16894052105072599  0.17961572569442433  0.18993386586093228  0.19898250091266506
  0.20801809990655365  0.21722647010690430  0.22687444255870146  0.23665526688165703
  0.24656874602739687  0.25528831172002714  0.26280062098993701  0.27051485936482161
  0.27913096637328966  0.29054687531297940  0.30310317809008447  0.31519043884790238
  0.32656630607244985  0.33677749598361834  0.34621774159831842  0.35573409157705566
  0.36593904894818235  0.37801667542356882  0.38998752186101110  0.40066270850266256
  0.41110985472498124  0.42258389245457934  0.43499516710950104  0.44701880397455090
  0.45769021083641642  0.46838728591444584  0.47861960283553112  0.48895406422898302
  0.49941261378717899  0.50950381985049586  0.51930311594173528  0.52995310975558574
  0.54040257402473002  0.55016609067749955  0.55935393982601511  0.56909239529121380
  0.57928836058125033  0.59014720759312278  0.60199031550472726  0.61318770847512483
  0.62310032934676807  0.63227609351324832  0.64113355388247417  0.65038911589807535
  0.66010917487459475  0.67028475268143728  0.68070582263375456  0.69050766670928854
  0.70035152807093426  0.71047165631217246  0.72080653580369625  0.73119302593375235
  0.74151754360294320  0.75207953753026813  0.76290616449886284  0.77346763617214498
  0.78346036582600598  0.79436116130104439  0.80583619162396247  0.81804257558463978
  0.82918994167820192  0.84058807449490003  0.85130985192537245  0.86272297926926000
  0.87370442353633293  0.88537290296386173  0.89747159773835261  0.90966788223978023
  0.92069839294466749  0.93088319448146928  0.94111873863560724  0.95219611950008953
  0.96513857909951939  0.97760313281014966  0.98928714407581420  1.00000000000000000
  0.47601142662363277  0.47838454972790234  0.48426843879498083  0.49145104973312626
  0.49872707556742063  0.50503164809822976  0.50972405845048041  0.51415052448810916
  0.51904729443446485  0.52855678965535569  0.55166268229400517  0.55967078611498744
  0.56485820507325035  0.56929444134530638  0.57395403894764307  0.57832410152538205
  0.58219711926606932  0.58575091583910255  0.58946303396534594  0.59351338237314533
  0.59768273391898308  0.60193632595995872  0.60655589182287961  0.61054176710597130
  0.61431397996645865  0.61760675671164156  0.62133371717723551  0.62541180542717867
  0.63112735947217968  0.63684098162978120  0.64187137159510921  0.64645376353110540
  0.65017186129119664  0.65459135434546911  0.65970894085358156  0.66514623012403107
  0.67068889856536851  0.67589381728385067  0.68103730939631901  0.68630892098427221
  0.69154106581583208  0.69663240402417748  0.70197242926901360  0.70739004299300379
  0.71321778440661476  0.71874513396494299  0.72383770025209393  0.72882232270141101
  0.73325460261961573  0.73809411281376047  0.74284878220746187  0.74800867522377779
  0.75332798607657669  0.75892735815496337  0.76403303983062487  0.76935203524087215
  0.77448772203491723  0.77969611217245882  0.78480235905119367  0.78975453474516999
  0.79464616802798616  0.79955064102233486  0.80448220917349744  0.80953046880885182
  0.81505383231341311  0.82080229122766424  0.82665054636939905  0.83237989535703671
  0.83770809637432386  0.84207184958375259  0.84616945603987714  0.85029279997912299
  0.85440504891149238  0.85887251350770288  0.86382654548765725  0.86904549096867600
  0.87439894837971988  0.87977977489596415  0.88524871454792775  0.89088721683236749
  0.89653622633723595  0.90207173864405976  0.90741346212412366  0.91235357354669389
  0.91778341754997683  0.92328553019371962  0.92877982832861150  0.93443142935055823
  0.94036755383520498  0.94676787979063604  0.95370906640712705  0.96092057707755429
  0.96885369493906159  0.97726187946576404  0.98778896821447171  1.00000000000000000
  0.02386949988251140  0.11646996015554219  0.14537238192973942  0.16332717562783020
  0.17744011236668222  0.19027545951715055  0.20351290205557615  0.21472601778792375
  0.22412271572024006  0.23253846266488068  0.24107007057239510  0.24914379836607334
  0.25789217723115754  0.26649307409289347  0.27587214351096428  0.28569323519535461
  0.29411833244682334  0.30154789523226871  0.30899832245111447  0.31683875877498530
  0.32541038990828325  0.33369340552808469  0.34177523386397218  0.34990906286647483
  0.35763372846974945  0.36460665445188656  0.37087473728029796  0.37655015655091101
  0.38187047542459807  0.38711977533931530  0.39269050466292343  0.39853791175119335
  0.40420784289699224  0.40950969963051109  0.41473646350828358  0.42048408253824610
  0.42665857435385252  0.43275451891060046  0.43849942072765430  0.44409217605996387
  0.44955825095366736  0.45485553463246980  0.46014502669883622  0.46565397333265313
  0.47109839478676885  0.47664730560382901  0.48233251928213400  0.48814125886291881
  0.49396889762784341  0.49967607197117614  0.50517679661262449  0.51061408370405159
  0.51611425175860792  0.52151307409807535  0.52685952396731761  0.53234510612503538
  0.53725453627574060  0.54203403604727940  0.54664502916406954  0.55181785394399752
  0.55769769306877470  0.56405023824548772  0.57076714817462548  0.57695591483042274
  0.58312708945931124  0.58962791968312289  0.59652004100990774  0.60333718537519787
  0.61010611308747642  0.61713053927306394  0.62492289332768025  0.63334221083315845
  0.64151345826164874  0.64867144299054191  0.65561937802604564  0.66258644383321574
  0.66976452763333538  0.67749505527115594  0.68505708810382504  0.69224785418956236
  0.69941886683463594  0.70643467579195141  0.71322220901187472  0.72014493430080362
  0.72855748099662998  0.73806120228487537  0.74726871566711695  0.75639603495314178
  0.76569431801826326  0.77598522857117225  0.78881752346694589  0.80398666447797318
  0.82365982596221476  0.84677142894630331  0.88460121296111627  1.00000000000000000
   2.6137791969304051E-008  -1.0000000000000000     
 F F F F F F F F F F F F F F F F F F F F F F F F F F F F F F F F F F F F F F F F F F F F F F F F F F F F F F F F F F F F F F F F F F F F F F F F F F F F F F F F F F F F F F F F F F F F F F F F F F F F F F F F F F F F F F F F F F F F F F F F F F F F F F F F F F F F F F F F F F F F F F F F F F F F F F F F F F F F F F F F F F F F F F F F F F F F F F F F F F F F F F F F F F F F F F F F F F F F F F F F F F F F F F F F F F F F F F F F F F F F F F F F F F F F F F F F F F F F F F F F F F F F F F F F F F F F F F F F
  <DiscreteSampler_grid>
  grouped_processes
  1 # 1 for a reference and 2 for a running grid.
  10 # Attribute 'min_bin_probing_points' of the grid.
  1 # Attribute 'grid_mode' of the grid. 1=='default',2=='initialization'
  0.0000000000000000 # Attribute 'small_contrib_threshold' of the grid.
  0.5000000000000000 # Attribute 'damping_power' of the grid.
 # binID   n_entries weight   weight_sqr   abs_weight
    13   10   4.389111543986345E-006   6.557472459736590E-011   4.389111543986345E-006
    16   10   1.125395514615089E-006   4.360804081317878E-012   1.125395514615089E-006
    22   10   3.809970769006393E-006   5.197965972475020E-011   3.809970769006393E-006
    25   10   8.938538637533649E-007   2.873104987587503E-012   8.938538637533649E-007
  </DiscreteSampler_grid>
