  0.00000138596076879  0.00000146990666948  0.00000152150636848  0.00000156679267309
  0.00000161966102905  0.00000167470922220  0.00000172983222201  0.00000178035847810
  0.00000184277057534  0.00000191172425672  0.00000197849046642  0.00000204311950912
  0.00000210719021194  0.00000217135287597  0.00000225442422121  0.00000232774423543
  0.00000240075430694  0.00000247769173667  0.00000256345319357  0.00000267071878827
  0.00000278240919216  0.00000289089781590  0.00000301110481991  0.00000312954508496
  0.00000325672087081  0.00000338998481355  0.00000352932984954  0.00000366609011530
  0.00000379766710338  0.00000392686473192  0.00000405595635749  0.00000419486307534
  0.00000432633167162  0.00000446254584211  0.00000461243629992  0.00000478482493023
  0.00000497516294817  0.00000516956543708  0.00000536697648760  0.00000556864730570
  0.00000578718845730  0.00000603674880013  0.00000630137084357  0.00000658523927331
  0.00000687971335055  0.00000717283339671  0.00000747685715772  0.00000780789177842
  0.00000819310082302  0.00000860567339140  0.00000903340914563  0.00000949472160870
  0.00000998706740546  0.00001052412488229  0.00001107960798586  0.00001164946645254
  0.00001221554027401  0.00001286286229002  0.00001361128731415  0.00001451721111624
  0.00001560038276682  0.00001680456994716  0.00001811232641561  0.00001963001029381
  0.00002136842622383  0.00002318862384667  0.00002509651815007  0.00002713922480517
  0.00002948644941856  0.00003197125780463  0.00003487722615079  0.00003824330651067
  0.00004191211491121  0.00004601641342829  0.00005063587872604  0.00005658266035756
  0.00006387505932502  0.00007283427573578  0.00008370631957808  0.00009702763763630
  0.00011312548751502  0.00013229393721795  0.00015231416342889  0.00017467273082988
  0.00020723017044546  0.00024857746564550  0.00029025124997058  0.00033394931884443
  0.00041335864176075  0.00055152340037194  0.00077768926771442  0.00110995790034371
  0.00161317921504573  0.00296182501039416  0.16442881764236278  1.00000000000000000
  0.00000013006870616  0.00000014008822382  0.00000014922918684  0.00000015981456044
  0.00000017066324130  0.00000018903273192  0.00000020931675844  0.00000022811954665
  0.00000024652425352  0.00000026563865100  0.00000028638604715  0.00000030962657454
  0.00000033310463226  0.00000035534611500  0.00000037680135116  0.00000040071036379
  0.00000042613994003  0.00000045369213039  0.00000048707623202  0.00000051677125247
  0.00000054512254743  0.00000057226575336  0.00000059853584298  0.00000062526485947
  0.00000065721670315  0.00000069213341361  0.00000072728685744  0.00000077345230203
  0.00000082293022484  0.00000087554251730  0.00000093243102002  0.00000099100805919
  0.00000104958451502  0.00000111160078135  0.00000117805293584  0.00000124317876140
  0.00000131012542755  0.00000138415965228  0.00000146554654143  0.00000155945949112
  0.00000167057436258  0.00000179088210432  0.00000189636757685  0.00000201048402086
  0.00000212124675148  0.00000224416430651  0.00000237569149970  0.00000253376077124
  0.00000268267147528  0.00000285201963663  0.00000306344204229  0.00000328335017916
  0.00000351109368659  0.00000375028182028  0.00000401103611485  0.00000432135187799
  0.00000467350051406  0.00000505322013972  0.00000544316083417  0.00000588408190163
  0.00000641581005308  0.00000704895132426  0.00000784381457774  0.00000866564117176
  0.00000960086160669  0.00001061325544563  0.00001184791644499  0.00001335202272158
  0.00001512606762833  0.00001734776007658  0.00001983682889980  0.00002284743695315
  0.00002597342863076  0.00002973961454588  0.00003422727767471  0.00003976202337444
  0.00004621946818231  0.00005417807617620  0.00006283351223057  0.00007294035492911
  0.00008495795087654  0.00010405221980919  0.00012814258120016  0.00015657639315454
  0.00019164410265727  0.00023991596797520  0.00029662987555525  0.00037193554629921
  0.00047758718785828  0.00063042379592698  0.00091197174840695  0.00141517277425144
  0.00250733577420094  0.00624437801241708  0.30301739210441464  1.00000000000000000
  0.00000328650662793  0.00000332850505760  0.00000341418621045  0.00000359237910604
  0.00000377782558675  0.00000398042987111  0.00000416016362320  0.00000434952435876
  0.00000458136557330  0.00000483492685090  0.00000509805541232  0.00000535920208621
  0.00000561611068799  0.00000586511929656  0.00000607921147141  0.00000629833701009
  0.00000652437152567  0.00000679433000144  0.00000709286031054  0.00000742950178510
  0.00000780353196916  0.00000820959885589  0.00000863793949452  0.00000908084151920
  0.00000951830820495  0.00000997905183460  0.00001046636221102  0.00001102587509171
  0.00001168826853993  0.00001245252040135  0.00001326460567953  0.00001414443133196
  0.00001506521840610  0.00001608042783054  0.00001718706911932  0.00001830138175644
  0.00001943701155618  0.00002070521330169  0.00002205295869127  0.00002352129471786
  0.00002512470314661  0.00002692068768452  0.00002895962189392  0.00003112066566652
  0.00003353808074079  0.00003629695363028  0.00003955438578914  0.00004320653469104
  0.00004700119588375  0.00005083489959259  0.00005468269192521  0.00005890528786433
  0.00006342419997183  0.00006852753855967  0.00007423316568609  0.00008035681862277
  0.00008718028539596  0.00009372293743237  0.00010085176346377  0.00010871173979986
  0.00011702641870947  0.00012630991421953  0.00013637728580789  0.00014852497064848
  0.00016325614112268  0.00017996362423262  0.00019552041116165  0.00021094884988377
  0.00022701253585946  0.00024289455643069  0.00026373847099147  0.00028521750970084
  0.00030938981174115  0.00033539514472699  0.00037100050727388  0.00041178193149232
  0.00046172339824104  0.00052162152227340  0.00057900367761696  0.00063739325886583
  0.00069628984754005  0.00075803573965945  0.00083180667021078  0.00092660148066974
  0.00100778073880436  0.00108038772039142  0.00115170604204388  0.00122723637252350
  0.00131966495651843  0.00150264374763674  0.00176705149576776  0.00219791050542208
  0.00278054350269088  0.00420257041226489  0.28789951298336230  1.00000000000000000
  0.00000285104122851  0.00000299392582299  0.00000322012683332  0.00000350153737415
  0.00000394889381139  0.00000435796581469  0.00000475878764363  0.00000519199793426
  0.00000568297568921  0.00000619360801532  0.00000666767807394  0.00000720290336850
  0.00000771207684839  0.00000826815890482  0.00000884043217568  0.00000953135601585
  0.00001032308515145  0.00001109707549910  0.00001194824702000  0.00001286699729381
  0.00001398069385640  0.00001514965342481  0.00001634557048889  0.00001756923744234
  0.00001893699403682  0.00002034173003502  0.00002177576364434  0.00002329709430921
  0.00002493608346656  0.00002671160582310  0.00002858361069449  0.00003048607672501
  0.00003232404619371  0.00003405846766873  0.00003582226502219  0.00003770180491980
  0.00003969017451266  0.00004163251326992  0.00004392721324386  0.00004645633625437
  0.00004935253101003  0.00005260634537430  0.00005573996837540  0.00005935574902379
  0.00006288806327298  0.00006683522221006  0.00007101090006443  0.00007547917871467
  0.00008043985547592  0.00008591489590674  0.00009168669918333  0.00009730176616709
  0.00010313202444170  0.00010957051284457  0.00011635314094789  0.00012435176272219
  0.00013227026493507  0.00014086052192517  0.00015035696084352  0.00016037406325828
  0.00017082940831571  0.00018143919533616  0.00019108605575753  0.00020433047487526
  0.00021754412310819  0.00023258714205006  0.00025017517475826  0.00027007238983411
  0.00029077129173784  0.00031063403234755  0.00032856223281699  0.00034729220562714
  0.00036863853677378  0.00039098179254758  0.00041294357250851  0.00044067625833920
  0.00047068777876538  0.00050005665545109  0.00053047469001101  0.00056292870517896
  0.00060601755677712  0.00066531129185165  0.00073571738137802  0.00081154229695142
  0.00088176319303920  0.00093289312412823  0.00098372710111924  0.00103631146664095
  0.00111822572145495  0.00124771523607030  0.00146415178836474  0.00183249947327984
  0.00240376481126227  0.00331960604576793  0.07258320929481735  1.00000000000000000
 -0.00192725720129622  0.00625310701999070  0.01465593230644847  0.02449776705201515
  0.03484214192535193  0.04488846112015481  0.05438477985968827  0.06411215624351500
  0.07330994076874200  0.08241423889442497  0.09176027277612121  0.10188177678044406
  0.11317932118495454  0.12454283215811340  0.13504377722822553  0.14597578628009517
  0.15704215027037471  0.16863033668396343  0.17989373000476502  0.19171010887366358
  0.20368774563782183  0.21548206112505622  0.22675342670418536  0.23753935196347664
  0.24856729785350684  0.25953157260344339  0.26944479274056965  0.27910621144270892
  0.28850392282481252  0.29827469620628366  0.30797756101896739  0.31752981791628998
  0.32731330388304691  0.33733235297070507  0.34723214029135241  0.35704015578236670
  0.36616228217696695  0.37683372982454716  0.38709048229584198  0.39737556786903472
  0.40740452501470020  0.41723329939920367  0.42725441556544619  0.43828161771996216
  0.45036720509483180  0.46284490957140595  0.47436812378700371  0.48598327463133745
  0.49755503401304241  0.50918902552092060  0.52067235512859567  0.53167939707418077
  0.54226844300877675  0.55234371167132379  0.56309578857982578  0.57501823669800256
  0.58784443047261803  0.60121085278312048  0.61369077816985607  0.62527996745541092
  0.63612980119133566  0.64700966398164217  0.65818264291526452  0.66990094722660720
  0.68166392515611274  0.69319746464141341  0.70507711328149070  0.71726295984855193
  0.73023721200548419  0.74331832992832758  0.75524642477819459  0.76595834720469114
  0.77443867618603923  0.78213613940597426  0.79107365599466806  0.80071083821110856
  0.81014125928499725  0.81931227044531041  0.83029925076684363  0.84342102648786199
  0.85697580165250975  0.86828724466349161  0.87906871902709283  0.88895685724339923
  0.89917852423750666  0.91023304404359162  0.92152746710382283  0.93280944470758498
  0.94350016191699337  0.95199872943116648  0.95961802147404207  0.96664858067727610
  0.97344471453909476  0.98161143370632042  0.98979656943027683  1.00000000000000000
 -0.00182057223839431  0.01127383788338442  0.02258198109053158  0.03295197378517911
  0.04188475614203195  0.05221011930094029  0.06379019032740400  0.07661016896860501
  0.08881724160801725  0.10068438915717556  0.11268730706647459  0.12351016967937578
  0.13427320642591939  0.14503678206525508  0.15557334711981882  0.16610089891175778
  0.17655601793188741  0.18712318275053896  0.19804259579471276  0.20858441683264151
  0.21867450335969152  0.22883443733454054  0.23859514643828861  0.24872304182818450
  0.25942578982085318  0.27011843033913518  0.28101285801369563  0.29097488854006714
  0.30043421499029727  0.30997530485335428  0.31952610019059835  0.32899624832625912
  0.33798613743243489  0.34704500022079748  0.35628126149029243  0.36507932196355092
  0.37368453234059701  0.38285006345594336  0.39219118129213648  0.40254081088310223
  0.41278044556414584  0.42216301279388724  0.43156077020097477  0.44055852838523973
  0.45049735941108215  0.46134452990819591  0.47355062120830282  0.48632534285008922
  0.49879539144529361  0.51072405734504578  0.52213168078800842  0.53339030159709666
  0.54522078145084185  0.55641929975584925  0.56637506122696601  0.57637594295420991
  0.58655622368075500  0.59768521821371812  0.60878795795322393  0.62034717788324900
  0.63176395260610441  0.64315306422629182  0.65316045968936653  0.66257992574322366
  0.67257836502650903  0.68320106788425716  0.69519683579184721  0.70702206564624470
  0.71733311545132228  0.72672376304518826  0.73476794941477741  0.74213862818941645
  0.74969858992135940  0.75743518826004841  0.76539708992856226  0.77417208991249753
  0.78331351757738177  0.79315834001156238  0.80266637676537511  0.81336877874357938
  0.82349852296248216  0.83510488425044582  0.84709332304098184  0.85933745434054631
  0.87176000462044045  0.88291650919296971  0.89439272291171046  0.90628727169990164
  0.91854706664528041  0.93061247044762474  0.94175295874079734  0.95300367740348024
  0.96362685197818099  0.97515278878983780  0.98686307482264979  1.00000000000000000
 -0.00211328825531955  0.01024729180551129  0.02038554460985104  0.03071021536263651
  0.04003894375394612  0.04994089752158339  0.06022995502632997  0.07082210711652859
  0.08040035086925319  0.08970263806196062  0.09939722900984334  0.10996557840135311
  0.12047977010618610  0.13068695119410217  0.14152621915249256  0.15165758655719619
  0.16124716815003912  0.17115828280527470  0.18131080292538651  0.19238886665319360
  0.20371636978399635  0.21556565678935169  0.22804957174699572  0.24043754854619426
  0.25172771440398828  0.26202506868533637  0.27182803936658251  0.28155288364120806
  0.29136648833277395  0.30202618094705874  0.31268156054468321  0.32413330088116521
  0.33534812458784324  0.34704240744011877  0.35862609172435700  0.36888676696042250
  0.37890478693515456  0.38929675241232248  0.40191152989256851  0.41552982248157899
  0.42807307184731136  0.43974261021002259  0.45144981637329246  0.46325962446098629
  0.47423205302745486  0.48510026342460466  0.49630283267059416  0.50796435921608385
  0.51862439953992601  0.52757252739844562  0.53564645990834281  0.54349679378193660
  0.55276576687549317  0.56220802881282761  0.57164964591025336  0.58149126942243079
  0.59133458933696170  0.60087016014062022  0.60943387318322917  0.61824603640725573
  0.62802392935986395  0.63803235360967414  0.64841271644966814  0.65833211527174806
  0.66833855621973914  0.67846118624915952  0.68881437855897110  0.69947246714877009
  0.71080435027484878  0.72110808997771236  0.73260169726517677  0.74409140415522901
  0.75442265677893550  0.76402549322702340  0.77299431796323637  0.78261612422770366
  0.79406905415405060  0.80544047850441025  0.81639887172513981  0.82643365210716124
  0.83696486048174079  0.84824262424578278  0.86014865263226525  0.87195821612232305
  0.88339721013870864  0.89441255213212123  0.90553522975407608  0.91690283714609022
  0.92848045426955850  0.94061206432893663  0.95224559019909794  0.96214601400058708
  0.97121950535589097  0.98037707637612981  0.98989793407367155  1.00000000000000000
 -0.00260203653827440  0.01136959705206650  0.02323592671086972  0.03517483448958739
  0.04610973399152081  0.05745261675950650  0.06846338934361018  0.08068488373655201
  0.09316310337866843  0.10428921537789748  0.11384103934544146  0.12276519549059386
  0.13260132027886956  0.14233266660487542  0.15156051009712657  0.16056612783145097
  0.17076122226394624  0.18185044683456095  0.19337276379154250  0.20469334379032722
  0.21404356193530352  0.22354333636052515  0.23340371101748714  0.24446908444677096
  0.25620129055814145  0.26767736997045988  0.27778454728301694  0.28703264005020024
  0.29591876572866754  0.30470320273391038  0.31372754477893555  0.32323775771144714
  0.33291606843027571  0.34291880524160551  0.35226407591159142  0.36265153897161961
  0.37243340509917761  0.38146021946560860  0.39011094443270272  0.39976299652567310
  0.41036490710465440  0.42159510952159762  0.43292280698928931  0.44445536185491130
  0.45621795734204795  0.46790007857760202  0.47960712885180540  0.49143777607095246
  0.50407939326988738  0.51718796725623428  0.53025595244120338  0.54293614624953890
  0.55592801571313999  0.56799209670316964  0.57926094598795563  0.59040565987191285
  0.60117649040351251  0.61156789611085205  0.62120336548262256  0.63014447223799053
  0.63918454704750971  0.64827836483014178  0.65695302367570008  0.66543249645462033
  0.67483682290686697  0.68531541269431806  0.69629961856408606  0.70680907948370653
  0.71705905817355808  0.72764084068745916  0.73794475575643592  0.74788992497502327
  0.75781816934254764  0.76752388108443081  0.77660195241908381  0.78559761543177720
  0.79531439597763331  0.80550095840929037  0.81482239931058364  0.82396118225438730
  0.83281556353930963  0.84311211110336592  0.85464467184109238  0.86613434244864584
  0.87820974211563585  0.88913818246591603  0.90007798037583697  0.91117187359765417
  0.92301560926253612  0.93524500071796279  0.94684006889187722  0.95713300678711855
  0.96672264740157732  0.97665580247258366  0.98799312107439308  1.00000000000000000
 -0.00247424742487014  0.00996638228236517  0.01905893680879434  0.02878599353890178
  0.03795013791367938  0.04829151062798649  0.05922367528142509  0.06984859122921878
  0.07991441977027651  0.08963959796590656  0.09968210112169926  0.10992695078610555
  0.12052384310869267  0.13177268726058367  0.14251112599360535  0.15243137860901171
  0.16198360221322292  0.17170637713857836  0.18306296778855899  0.19521589499390976
  0.20756399884269455  0.21966054177714150  0.23030417430649211  0.24016726946606851
  0.25005352772582295  0.26087930517036012  0.27052354664319156  0.28046179136944477
  0.29065827520561222  0.30290505790535149  0.31440664620037967  0.32528025179383541
  0.33575780016585999  0.34673807733176037  0.35672979311340780  0.36494451762578511
  0.37345199954484315  0.38251803742637874  0.39209851329565021  0.40165607653708923
  0.40889627211922491  0.41634046323960688  0.42387514985645486  0.43204467233764593
  0.44211160955260898  0.45377270677666309  0.46592257615789423  0.47752675581177884
  0.48857708888435547  0.49948880034054327  0.51034804772917142  0.52090019182796043
  0.53107301534991747  0.54091752911247315  0.55104025563205183  0.56194659912834410
  0.57339080536432974  0.58494431341422048  0.59580491978495220  0.60677364514787935
  0.61811676252796555  0.62966183920449348  0.64156341732577205  0.65403961573903413
  0.66669121109021845  0.67917194586940266  0.69061022395266680  0.70093764365321676
  0.71109871777991884  0.72172310327812195  0.73313057612098720  0.74433548340576072
  0.75554324203863654  0.76707738711738638  0.77830571682612926  0.78825289686379785
  0.79713955435761186  0.80619628618858363  0.81620345823481111  0.82658913671180412
  0.83710935563421829  0.84676493084764204  0.85678549434175744  0.86735415107840819
  0.87985314538877912  0.89225929742666754  0.90370341196728377  0.91421985043465137
  0.92430795660483422  0.93435032490538050  0.94518633405617536  0.95647011114231661
  0.96832924516777719  0.98028177068253697  0.99048490430975644  1.00000000000000000
 -0.00005030294349280  0.00001177862521846  0.00007386019392973  0.00017582739721239
  0.00028743762304408  0.00039473391259840  0.00049767494031938  0.00058727324915821
  0.00063227921486729  0.00067751315218356  0.00072494294166541  0.00077253886632631
  0.00082244924831093  0.00087244595609239  0.00092297013951334  0.00097420646885950
  0.00102772650152339  0.00108075742986297  0.00113316913475119  0.00118813587031678
  0.00124590943831740  0.00130493964445748  0.00136572912981898  0.00142290751749675
  0.00147582989950359  0.00152903494500881  0.00158330114609604  0.00163751361851339
  0.00168868472637748  0.00173985583424157  0.00179894825004564  0.00186157268841907
  0.00192657219024215  0.00199219864829905  0.00206739464211408  0.00214731888225718
  0.00223413137785362  0.00232493643259765  0.00241649927749861  0.00250999386626417
  0.00260881995201604  0.00270805259240886  0.00281895814905554  0.00293354346211172
  0.00305001664535565  0.00318779546221667  0.00332664555403602  0.00347720658439445
  0.00362482875344161  0.00372511535687347  0.00379203925787329  0.00385825630478149
  0.00392419807829054  0.00399815099551375  0.00407414665386138  0.00419452854787197
  0.00433356128368896  0.00449395235333192  0.00465981580888074  0.00479641166067399
  0.00489842222542202  0.00499116814539329  0.00510556510257308  0.00523618137227006
  0.00538443395516475  0.00560559260567329  0.00585557342863873  0.00611470981199579
  0.00629873310085946  0.00649549052748594  0.00670030501365953  0.00690410416280948
  0.00760665031762127  0.00787865348134664  0.00816907008973859  0.01032343267179801
  0.01077451833084346  0.01118159198134022  0.01157190068425548  0.01196325005464664
  0.01250049325541325  0.01288311005644898  0.01326460060227231  0.01365679519152201
  0.01404462658502520  0.01441183636205431  0.01481256006980594  0.01529940319149502
  0.01589002108138816  0.01659736944338526  0.01801980150192262  0.01913199316043019
  0.02552491057577009  0.02887756625689189  0.27927122782977143  1.00000000000000000
 -0.00175991477352434  0.00663581453825836  0.01390566987971958  0.01975604468709138
  0.02571813399096655  0.03139116910750760  0.03754137351145678  0.04495643721989032
  0.05294275660346874  0.06090224694999963  0.06903200209383364  0.07806360993013159
  0.08772565546122003  0.09696184148940257  0.10535341077976758  0.11401684136281501
  0.12246897280834687  0.13120281582438190  0.13949167623312436  0.14762815572218893
  0.15598348986577174  0.16515781768515725  0.17566991142850719  0.18676382023415747
  0.19665246886169840  0.20548127140347652  0.21480579612540357  0.22551309635688013
  0.23838178779547142  0.25218477377140597  0.26527676373808778  0.27692279868162950
  0.28878366404605504  0.30087359520730667  0.31437126030943252  0.32868596850001003
  0.34341380963248774  0.35789657969288957  0.37199712634513210  0.38470602454816127
  0.39683222961089964  0.40877671035769669  0.42082381114371115  0.43470728688932719
  0.45054133907877036  0.46817695255745118  0.48422765887078884  0.49818800934030055
  0.51226088309782059  0.52543472263947510  0.53892500207780147  0.55396662967417265
  0.56867002083893592  0.58305159055917677  0.59562088577739947  0.60560224382123573
  0.61536058044885666  0.62615984190928342  0.63783383735666821  0.64957328798039371
  0.66079201374305274  0.67157821524052685  0.68176885156411682  0.69229464863223233
  0.70340192674683277  0.71520107766626617  0.72752014514884655  0.73966081333782274
  0.75122550217626216  0.76225215307578909  0.77293024966121582  0.78342151926695391
  0.79360218156255979  0.80340899344079575  0.81255536644136117  0.82168682780956959
  0.83104575472829445  0.84066305863623647  0.85005700051543431  0.85969668357095441
  0.87003806055821831  0.88062940402500922  0.89094825933443300  0.90146008964874180
  0.91089690208208762  0.92028244815472449  0.92948273347776678  0.93872510142698828
  0.94819879754544978  0.95721844087298613  0.96528947072616811  0.97246739257013726
  0.97961002085302751  0.98609173197596123  0.99277671823271829  1.00000000000000000
  0.61067628441674704  0.61794078084827375  0.62352177420031740  0.62955292960987908
  0.63527419933843898  0.64053545857720973  0.64579394774236809  0.65135155229776009
  0.65710679900979385  0.66293893245585755  0.66774739367161562  0.67225251103667638
  0.67638661665264566  0.68110554025261094  0.68577884120227728  0.69103210716311414
  0.69711917272634649  0.70355972690125157  0.70890505463494302  0.71301336701528806
  0.71698622367419818  0.72102154061001622  0.72624373730402014  0.73091748463382511
  0.73506898147575062  0.73927399457653220  0.74354021972017537  0.74801949002109092
  0.75254298331162173  0.75697912300120618  0.76121431506272796  0.76521920746070127
  0.76916288634551211  0.77321184107216956  0.77768506620235589  0.78233682429683926
  0.78669228430079685  0.79098159459500983  0.79529489828707800  0.79965251231602186
  0.80363083642531574  0.80736190649398565  0.81125366925618414  0.81531997515303389
  0.81883593624889928  0.82215698109909952  0.82536009110480368  0.82859247651070245
  0.83191381756613625  0.83523701651443949  0.83835910046559192  0.84177498029325160
  0.84509321149649685  0.84835419099536247  0.85192246088762602  0.85541564380577073
  0.85894950319414387  0.86256432857478915  0.86624577869525055  0.87023264892313457
  0.87417292742561870  0.87802210063070818  0.88183990544275248  0.88558760662616975
  0.88948615356000582  0.89335661242124698  0.89694505966343085  0.90056300403250533
  0.90405897057665430  0.90765129942237932  0.91138586292875867  0.91497375333662667
  0.91838823521570800  0.92172245504090744  0.92504276386514728  0.92826131884325114
  0.93166107341229998  0.93494021887384504  0.93829753104121472  0.94165025167982452
  0.94494533206328624  0.94803258176721594  0.95091682967101854  0.95377150706483715
  0.95661902306067859  0.95981603054332865  0.96323359121128604  0.96681124553028275
  0.97051096904719003  0.97438411650155543  0.97820151796135890  0.98206186556671149
  0.98608078223795437  0.99020135532499043  0.99500046634528105  1.00000000000000000
  0.00299350237655700  0.15834773138500052  0.16497987995405855  0.17119783921649778
  0.17724119911344380  0.18307753786285699  0.18843990325567600  0.19342275027422620
  0.19817165867142397  0.20343004346737259  0.20851382524956374  0.21310983561806146
  0.21768607800968623  0.22243549048627423  0.22609016532357251  0.22984059631410714
  0.23370531566373023  0.23780611697322715  0.24230705405684638  0.24682429885045165
  0.25109869913983879  0.25504883792048344  0.25960293743985785  0.26381591916245795
  0.26815666004321193  0.27280834648266700  0.27803684264975043  0.28370243274467222
  0.28949806942629525  0.29535053402509481  0.30073498159209144  0.30631458794298422
  0.31131949683744342  0.31638633086699824  0.32158535210300876  0.32717101333760634
  0.33269999874918849  0.33770326815536522  0.34246525745271489  0.34702080039190064
  0.35180904346365494  0.35732760831599819  0.36396182481467615  0.37071928458403741
  0.37731122580149096  0.38334629047463886  0.38917741431810038  0.39526987116720780
  0.40070184186586022  0.40670241280901442  0.41278342874482660  0.41967173542878250
  0.42618581530665500  0.43180964022475676  0.43720167362234075  0.44292679967248572
  0.44898842509225478  0.45466924674649617  0.46011208827604011  0.46590800711132757
  0.47215686083598885  0.47927349242191397  0.48599107801382024  0.49285387108472156
  0.49993435549834053  0.50803375228833991  0.51644485761827286  0.52475951241614649
  0.53262821545191175  0.54019266612494843  0.54803152282438350  0.55637706538495635
  0.56514920556437431  0.57383650491477767  0.58273342817370266  0.59164645606439126
  0.60072574397761924  0.61002822243369970  0.62018926948770514  0.63173350651411597
  0.64302966715115573  0.65323172363941606  0.66363194259471470  0.67458636016209206
  0.68630356004785364  0.69857711740059580  0.71195383742701956  0.72515575068964822
  0.74072992620695077  0.75875860713478194  0.77873644772376449  0.80305189408235111
  0.82953733357852943  0.85483413960713051  0.88535453662694374  1.00000000000000000
   3.1381729480118449E-006  -1.0000000000000000     
 F F F F F F F F F F F F F F F F F F F F F F F F F F F F F F F F F F F F F F F F F F F F F F F F F F F F F F F F F F F F F F F F F F F F F F F F F F F F F F F F F F F F F F F F F F F F F F F F F F F F F F F F F F F F F F F F F F F F F F F F F F F F F F F F F F F F F F F F F F F F F F F F F F F F F F F F F F F F F F F F F F F F F F F F F F F F F F F F F F F F F F F F F F F F F F F F F F F F F F F F F F F F F F F F F F F F F F F F F F F F F F F F F F F F F F F F F F F F F F F F F F F F F F F F F F F F F F F F F F F F F F F F F F F F F F F F F F F F F F F F F F F F F F F F F F F F F F F F F F F F F F F F F F F F F F F F F F F F F F F F F F F F F F F F F F F F F F F F F F F F F F F F F F F F F F F F F F F F F F F F F F F F F F F F F F F F F F F F F F F F F F F F F F F F F F F F F F F F F F F F F F F F F F F F F F F F F F F F F F F F F F F F F F F F F F F F F F F F F F F F F F F F F F F F F F F F F F F F F F F F F F F F F F F F F F F F F F F F F F F F F F F F F F F F F F F F F F F F F F F F F F F F F F F F F F F F
  <DiscreteSampler_grid>
  grouped_processes
  1 # 1 for a reference and 2 for a running grid.
  10 # Attribute 'min_bin_probing_points' of the grid.
  1 # Attribute 'grid_mode' of the grid. 1=='default',2=='initialization'
  0.0000000000000000 # Attribute 'small_contrib_threshold' of the grid.
  0.5000000000000000 # Attribute 'damping_power' of the grid.
 # binID   n_entries weight   weight_sqr   abs_weight
    19   10   9.215573074280389E-003   3.340521689112356E-004   9.215573074280389E-003
    20   10   9.215573074280416E-003   3.340521689112371E-004   9.215573074280416E-003
    22   10   2.222235199258725E-003   1.921100027715089E-005   2.222235199258725E-003
    23   10   2.222235199258734E-003   1.921100027715100E-005   2.222235199258734E-003
    25   10   9.497908597566950E-003   3.831218494134988E-004   9.497908597566950E-003
    26   10   9.497908597566983E-003   3.831218494135007E-004   9.497908597566983E-003
    28   10   2.417367609091577E-003   2.531732645050646E-005   2.417367609091577E-003
    29   10   2.417367609091585E-003   2.531732645050659E-005   2.417367609091585E-003
    34   10   9.215573074280392E-003   3.340521689112357E-004   9.215573074280392E-003
    35   10   9.215573074280422E-003   3.340521689112374E-004   9.215573074280422E-003
    37   10   2.222235199258726E-003   1.921100027715090E-005   2.222235199258726E-003
    38   10   2.222235199258734E-003   1.921100027715101E-005   2.222235199258734E-003
    40   10   9.497908597566950E-003   3.831218494134988E-004   9.497908597566950E-003
    41   10   9.497908597566978E-003   3.831218494135006E-004   9.497908597566978E-003
    43   10   2.417367609091577E-003   2.531732645050646E-005   2.417367609091577E-003
    44   10   2.417367609091585E-003   2.531732645050658E-005   2.417367609091585E-003
  </DiscreteSampler_grid>
