 -0.00216134173482990  0.01194196308490430  0.02376705971634746  0.03467278984102552
  0.04542665625466923  0.05628752260029648  0.06747098473897997  0.07903647569685875
  0.09054151771430527  0.10128719265210476  0.11140800414057579  0.12137856229601998
  0.13139588017850229  0.14228577006974119  0.15257951214319079  0.16246446915129509
  0.17207970012585427  0.18158536859853061  0.19097909450368747  0.20005584559799633
  0.20932168129132717  0.21904929078804936  0.22919326617444957  0.23951004889491362
  0.24993738689917103  0.26074267532854906  0.27136111329331958  0.28157003672574910
  0.29154939941437102  0.30191488414987028  0.31274833631357152  0.32415375481690112
  0.33541054255753677  0.34667349963234734  0.35699271631375051  0.36683166412555429
  0.37700236195327441  0.38780213683250014  0.39878605005306772  0.40961010530068953
  0.42044182263020452  0.43151776388110136  0.44242131110652111  0.45272019402616726
  0.46254900972469137  0.47187387417843568  0.48142307499369735  0.49152479170491975
  0.50193413395524988  0.51307291017487910  0.52484485849564433  0.53717354668423467
  0.54954485441118506  0.56134648627733774  0.57259197292178121  0.58328790964362154
  0.59376736260028917  0.60395199561640200  0.61444580411505001  0.62519219745671328
  0.63550759144382918  0.64535828500660042  0.65474518382692493  0.66435848771757333
  0.67525743381453784  0.68626660515589022  0.69673760606311308  0.70711860494473622
  0.71793790383880030  0.72915352393641331  0.73948542137962026  0.74944141393191777
  0.75974704758214973  0.77067174966313778  0.78206643924155250  0.79307071386916672
  0.80320175139348871  0.81299214195888703  0.82315128329463816  0.83415928646078308
  0.84546143686743014  0.85654310772995579  0.86709292804466209  0.87717176083005433
  0.88712353221133766  0.89715836079488676  0.90790253947304989  0.91871861553541045
  0.92965799592935283  0.93941839315442055  0.94825861365735253  0.95692127487361145
  0.96660606540144978  0.97723648498034110  0.98842491732329585  1.00000000000000000
  0.00002219391166052  0.00004493807900909  0.00005262237644711  0.00006188092438641
  0.00006820893661277  0.00007353876235821  0.00007821110864045  0.00008272182414866
  0.00008702969146357  0.00009095388244894  0.00009477505803911  0.00009878128156957
  0.00010299221251491  0.00010725726130694  0.00011134040173117  0.00011517391353141
  0.00011890727484775  0.00012264693503046  0.00012655241207820  0.00013089829425311
  0.00013557080918263  0.00014033885966252  0.00014510643004657  0.00014992137912170
  0.00015481008340991  0.00016047375740342  0.00016602570672247  0.00017162213868528
  0.00017744825469164  0.00018365300602963  0.00019017819961060  0.00019691209692605
  0.00020377385558649  0.00021076185491072  0.00021812496080404  0.00022576047244182
  0.00023364432088031  0.00024209651604711  0.00025072929781195  0.00025931149548919
  0.00026819803172358  0.00027818422760306  0.00028940545940904  0.00030053380261589
  0.00031117330044609  0.00032180758842717  0.00033302027377641  0.00034585181714150
  0.00035911117819361  0.00037187202106754  0.00038559959849215  0.00040092712676453
  0.00041788159698521  0.00043482282213546  0.00045088902667981  0.00046745818303252
  0.00048522696581253  0.00050664218063871  0.00052994955609614  0.00055400170187260
  0.00057743206932411  0.00060402888052020  0.00063343501825407  0.00066626376867929
  0.00070058182382302  0.00073690991595280  0.00077757700974864  0.00081551134389725
  0.00085729801218778  0.00090607443545792  0.00096083621683957  0.00100975686337744
  0.00106161641205621  0.00112545493955000  0.00118969726216105  0.00127644576575320
  0.00137115030569823  0.00147449468858591  0.00158682713958367  0.00173290876513138
  0.00189647924959009  0.00206560726475320  0.00222092990649472  0.00240622097846252
  0.00261992434664447  0.00285676791041757  0.00315704762241368  0.00352169500633101
  0.00393610698641985  0.00435795298763274  0.00484589707440839  0.00567109634400364
  0.00657114300298594  0.00839455036471601  0.02299553821110182  1.00000000000000000
  0.00000197508982528  0.00000205617010742  0.00000211368150806  0.00000216261422674
  0.00000222576121383  0.00000229184586673  0.00000235749308761  0.00000244025050583
  0.00000254218532674  0.00000265878474916  0.00000277321308877  0.00000288174927550
  0.00000299377485407  0.00000311540572855  0.00000321965656963  0.00000332070620483
  0.00000344841437377  0.00000358604527445  0.00000374703475726  0.00000393639609112
  0.00000415715603475  0.00000438443274689  0.00000461835226309  0.00000489613387133
  0.00000520421101287  0.00000552268774597  0.00000586789657675  0.00000623572372350
  0.00000662732875424  0.00000705547943895  0.00000748760819587  0.00000800625860962
  0.00000853064890621  0.00000912634527087  0.00000981639818776  0.00001058617672404
  0.00001142642140602  0.00001228193813282  0.00001324176198180  0.00001427687812300
  0.00001543032460459  0.00001662903329926  0.00001799195147295  0.00001945544242674
  0.00002112201821585  0.00002281946179279  0.00002464159894165  0.00002648686699906
  0.00002865484588841  0.00003097960507393  0.00003343807161228  0.00003589927542970
  0.00003856943166205  0.00004131920194455  0.00004459157280585  0.00004810639622957
  0.00005218887196469  0.00005630562808793  0.00006089848566341  0.00006595579246493
  0.00007167201102135  0.00007787897952144  0.00008413618303641  0.00009078995334067
  0.00009802673777713  0.00010615100305160  0.00011506332918690  0.00012509132468569
  0.00013616781360416  0.00014750687419257  0.00015975084521881  0.00017205451958665
  0.00018502988454704  0.00019947472362222  0.00021481111338344  0.00023468284187212
  0.00025373198142833  0.00027678684060818  0.00030249813282146  0.00033414006082851
  0.00037373225629390  0.00042443532258044  0.00048637244702108  0.00055552163830192
  0.00063990624082556  0.00075163034879208  0.00088083829745799  0.00102317877162347
  0.00125136890528574  0.00176085561980408  0.00273267634278454  0.00414878663350896
  0.00618875123609721  0.00976111268741530  0.02122889157835785  1.00000000000000000
  0.00000179899238169  0.00000183324461350  0.00000186566440306  0.00000190024546725
  0.00000193098097805  0.00000196797026402  0.00000201921391001  0.00000207125080952
  0.00000212384174995  0.00000218965123848  0.00000226261271135  0.00000233967585876
  0.00000241955072701  0.00000250234216803  0.00000258900138313  0.00000267689058581
  0.00000276530188268  0.00000285590263736  0.00000295201171592  0.00000306858950322
  0.00000317790758288  0.00000328981149607  0.00000340605190268  0.00000353243565262
  0.00000366686117002  0.00000379904662107  0.00000392699869245  0.00000405900631878
  0.00000419857596741  0.00000434432983787  0.00000448800922645  0.00000463704736891
  0.00000479984755219  0.00000497806078011  0.00000516047000154  0.00000536009680216
  0.00000558147271939  0.00000583485275800  0.00000609473684753  0.00000637687977738
  0.00000669836514978  0.00000701912998294  0.00000733599932438  0.00000766286400805
  0.00000801353575243  0.00000839395818360  0.00000881151729343  0.00000929747259754
  0.00000978835456833  0.00001029380541647  0.00001084335647804  0.00001141637376318
  0.00001201748080609  0.00001266107350478  0.00001332827887409  0.00001405011942794
  0.00001486412378602  0.00001576360204373  0.00001674879704306  0.00001784520832418
  0.00001902667326733  0.00002034370518563  0.00002182488929285  0.00002344132940602
  0.00002522520993188  0.00002712814926714  0.00002919161619323  0.00003149062003175
  0.00003411186347449  0.00003708003063294  0.00004046152344688  0.00004423701990159
  0.00004843414645739  0.00005299197129519  0.00005784980499705  0.00006305076481967
  0.00006896157115259  0.00007618771251280  0.00008436069917573  0.00009392351427413
  0.00010443614025297  0.00011694421164042  0.00013125130849854  0.00014890766680870
  0.00017616024357226  0.00020881735543972  0.00024673213662725  0.00029740302326466
  0.00037141555724620  0.00048372703368588  0.00065525232197272  0.00094299155629126
  0.00142000738187539  0.00251162226908530  0.03072767449393906  1.00000000000000000
 -0.00201967868227774  0.00902180162476365  0.01832508294505069  0.02752666649057033
  0.03718522579087172  0.04690858105736447  0.05643151182569751  0.06619164363400530
  0.07643525236120090  0.08602316894270577  0.09494134140964081  0.10356363329683861
  0.11306417684874565  0.12384865286721458  0.13473571413560789  0.14574980331501763
  0.15668906090437074  0.16790857758682357  0.17848156033032525  0.18869791849195164
  0.19888216276811982  0.21019240847773671  0.22200626075674365  0.23294503072040335
  0.24281062029058692  0.25247153306959791  0.26253025281738590  0.27395587200642241
  0.28505759340623749  0.29616699715069678  0.30544643196872512  0.31417050584025735
  0.32303089469978880  0.33270645479553101  0.34362671976278153  0.35381619473901416
  0.36391100507184920  0.37438257790607121  0.38564977604418493  0.39691860091903863
  0.40766924303214869  0.41831749011986480  0.42890003275296745  0.43952765684071654
  0.44989687289759306  0.45983622919203337  0.47040557077484230  0.48088731594625966
  0.49183163421344650  0.50284392642845299  0.51418784730323974  0.52612008133580745
  0.53787149522935440  0.54894050517609627  0.55989934918790840  0.57170486101726370
  0.58245620039351675  0.59283554159588803  0.60315100006756150  0.61394291136980184
  0.62582080416892494  0.63813777885832634  0.64986169141914429  0.66032316414002656
  0.67018882162554039  0.67978632285342777  0.69039110541666093  0.70074395490966523
  0.71163719123582669  0.72302655789290959  0.73418176224572118  0.74478401197709521
  0.75504069160245302  0.76533342339366317  0.77574575372887244  0.78622414184433698
  0.79653073790396545  0.80685893868312342  0.81758929860342622  0.82923225176775417
  0.84130830228951214  0.85308944834281064  0.86437557226320749  0.87502885409152154
  0.88500185582686164  0.89495827645380022  0.90492618722080376  0.91471899949621049
  0.92467500605800268  0.93565943300819254  0.94773887577247595  0.96029909022782578
  0.97214538944635343  0.98237212916092076  0.99146325794958323  1.00000000000000000
 -0.00228844192172741  0.00938058373924399  0.01976559284001105  0.03133524434235881
  0.04308023061358481  0.05507617679468889  0.06737539287665706  0.08002448857009888
  0.09161141589089149  0.10213592383506302  0.11187289718074610  0.12164211828495244
  0.13260667193263648  0.14386440775906695  0.15454330747523579  0.16473171152327129
  0.17492955525739073  0.18591876136140401  0.19652531416955640  0.20751428067804553
  0.21853802571229144  0.23053345528104685  0.24296936550886522  0.25458158350525628
  0.26569925981451614  0.27595416154930291  0.28653738521511107  0.29709679364060121
  0.30778025115130314  0.31838161074250587  0.32877285861845906  0.33985495074392541
  0.35045115372526481  0.36134704007405016  0.37197934228032553  0.38336189533945841
  0.39446385940862250  0.40515130908515573  0.41567506569832685  0.42638526448813191
  0.43821214550415083  0.45063033908412475  0.46258747755605889  0.47364971136678446
  0.48413210621647335  0.49337817355267294  0.50264727280046906  0.51241618637402842
  0.52271942151387385  0.53260351774466641  0.54150291395092176  0.55031815482275592
  0.55967258502932393  0.56922129211494943  0.57862247231398511  0.58862643262823156
  0.59898009296300858  0.60956406572638333  0.62017879203896820  0.63063047928439131
  0.64023628230499596  0.64988834334559464  0.66075780716647925  0.67203970522505985
  0.68354278480443065  0.69412927309382300  0.70391604308931943  0.71389640657820552
  0.72403934527801950  0.73557321783025187  0.74735004376098080  0.75857672855646685
  0.76951845576048827  0.78007108418119853  0.79102623814279738  0.80193641908344171
  0.81248022521374252  0.82255812606849210  0.83241815879451941  0.84247206579822476
  0.85170771788286948  0.86094316624989897  0.87000855625905171  0.87922496118927718
  0.88814994390924906  0.89699623522846295  0.90736953247080565  0.91764860906583945
  0.92761597332850920  0.93695942590789350  0.94695171261715227  0.95729619190231774
  0.96817678003266472  0.97864889017806878  0.98941256514970921  1.00000000000000000
 -0.00177057266253683  0.00607141435484184  0.01388429764750539  0.02205210566630823
  0.03128215224670482  0.04181113850911873  0.05301623465138007  0.06551732829984956
  0.07565140507380466  0.08525135517019490  0.09397142848789532  0.10316880121697677
  0.11292348096750610  0.12365885736899802  0.13483464745558391  0.14593084514477819
  0.15673712198404824  0.16796615707349905  0.17996329778603573  0.19292768899776522
  0.20603552967367478  0.21856234471987449  0.23066079019232869  0.24204015270394799
  0.25368912288297540  0.26556509609590362  0.27793278035182317  0.29054300524146282
  0.30274083805122765  0.31508292425518697  0.32752907190300262  0.33998285824188351
  0.35124642002020229  0.36387367017655875  0.37741497869389412  0.39237953495683087
  0.40748991903754112  0.42207289633133915  0.43612063014799374  0.45064477611886022
  0.46540113401336464  0.47899556557493062  0.49130129725742017  0.50321320100937561
  0.51542685705665037  0.52765293015774806  0.53960149127525414  0.55211387974765513
  0.56521621658750743  0.57860975151278193  0.59209314892499809  0.60605283767703122
  0.62023136346475449  0.63411159803836237  0.64710976218521465  0.65953017943254177
  0.67114682072467846  0.68246812794327805  0.69394415159704903  0.70518042664572178
  0.71581276588546106  0.72584022258795033  0.73624005431156903  0.74625543183943965
  0.75630719661183243  0.76591987016047081  0.77697973026241296  0.78797755747926945
  0.79861570765117418  0.80879140018439111  0.81854367017462815  0.82804483112323646
  0.83721561354879870  0.84606318467714059  0.85496371886197642  0.86385856272713824
  0.87210984404405334  0.88038571765055174  0.88788364737152392  0.89546933223802905
  0.90327582359760861  0.91121268644299425  0.91930407280462345  0.92663576126227332
  0.93341141445949039  0.93997353048479304  0.94642090136202695  0.95290644169908756
  0.95903405423057519  0.96508735609398022  0.97077059949073519  0.97683025705091853
  0.98265994401565016  0.98849017976029474  0.99432464835269119  1.00000000000000000
 -0.00273882608014960  0.01219684548346777  0.02341694057597248  0.03478341813151500
  0.04573363804743564  0.05723730186506998  0.06818004597913739  0.07850661478459728
  0.08828467187744808  0.09792415229101857  0.10737447542402256  0.11687612911034657
  0.12685836557631855  0.13756789256180468  0.14846100287020395  0.15897860054865098
  0.16962072160802705  0.18042017980592676  0.19027002489341871  0.19929306039246655
  0.20867096571744292  0.21868086900635458  0.22903699169001160  0.23988268469504262
  0.25025061880798266  0.26144911836926282  0.27253095762545204  0.28409846261041483
  0.29643817339340567  0.30848529838857541  0.32037170819906408  0.33228422580372502
  0.34411349464638885  0.35601044265446741  0.36674045690223239  0.37685064140019431
  0.38658606746479862  0.39670684134534040  0.40701989636123126  0.41751126357586299
  0.42800264057238530  0.43903062749261407  0.45076799873616952  0.46229915741630079
  0.47320253108548371  0.48436222904510251  0.49633326780579917  0.50900090916971674
  0.52146289864815643  0.53318058799648738  0.54447613674719542  0.55490691233438660
  0.56441123276956562  0.57399221720784721  0.58456391423878729  0.59631844403456291
  0.60750910066947972  0.61769353960845563  0.62764392284846537  0.63796502869862659
  0.64794144022198574  0.65716536175831930  0.66630359890056523  0.67592553861918181
  0.68580153256657250  0.69555947530353135  0.70554666266652244  0.71597524292080572
  0.72712455412808252  0.73807518489628499  0.74878420386692424  0.75903941033372946
  0.76907704954590617  0.77939046013489099  0.78999637391449373  0.80053252825030174
  0.81138723441713645  0.82256648873235061  0.83364091939200524  0.84373715320847642
  0.85383454248781343  0.86384019022927383  0.87361135357220787  0.88305774457471342
  0.89219076494997962  0.90167774820714908  0.91068343581858957  0.91969526529997003
  0.92789546967820180  0.93690032081887820  0.94629033960393549  0.95631760373326458
  0.96696251987497039  0.97755283931164560  0.98866644203754184  1.00000000000000000
 -0.00242276199946626  0.00958067663776099  0.01984220406797145  0.02950025463419586
  0.03944569215702724  0.04851249525909808  0.05732689723860878  0.06656468866196755
  0.07585161556980426  0.08396987246565679  0.09126545197809342  0.09846691249285661
  0.10662817309782255  0.11687515433867854  0.12710966245569125  0.13789332476960656
  0.14809029654527667  0.15842942863950676  0.16872055105883091  0.17918586539893155
  0.19044407023433130  0.20188330139514013  0.21274273880670680  0.22311706579918739
  0.23356641037749964  0.24553382062177620  0.25625061054018533  0.26702863666355997
  0.27680982959833295  0.28667818595074346  0.29596958172410009  0.30509701583388704
  0.31476007533850836  0.32480965637801079  0.33495952370939969  0.34517549309175283
  0.35572826929132856  0.36690563459329428  0.37832508371838725  0.39021826494452116
  0.40177820370162015  0.41304866185477584  0.42420809408024457  0.43549608961149128
  0.44741123417783685  0.45930314723780952  0.47142033476198969  0.48278162233707028
  0.49387329413007908  0.50516628568483091  0.51624199138030724  0.52714059521058487
  0.53816702956543994  0.54956765066085622  0.55997355756811296  0.56994599238901700
  0.58023952330682249  0.59181222259513688  0.60356944191581940  0.61514699890305868
  0.62646781310371358  0.63756900366380975  0.64869221591725612  0.66008053647257103
  0.67137865817956111  0.68176387222825996  0.69180901596039734  0.70181881917005751
  0.71171249206247666  0.72120346555450632  0.73038460705118835  0.73984654673426242
  0.74960866729829723  0.75930793551425413  0.76946279781700411  0.77938115478063197
  0.78972891131070366  0.80005067061535751  0.81075724109024339  0.82151602398034729
  0.83262756627006007  0.84419756510587007  0.85621653448322999  0.86797545093518103
  0.87896899298910436  0.89005051366245480  0.89983077810395018  0.90904747584725776
  0.91860820730002291  0.92924036312911373  0.94011177232866638  0.95122247952238115
  0.96170817353485638  0.97470060933336933  0.98704492335453076  1.00000000000000000
 -0.00004967952244938  0.00012030164430267  0.00039239083388101  0.00071846987898540
  0.00087197552818048  0.00102409258587707  0.00117450222637972  0.00132076548812965
  0.00146200683530517  0.00160026367498690  0.00173219822865041  0.00186489079404681
  0.00199868940577741  0.00213622319369022  0.00227383677056263  0.00240515931601128
  0.00253722113914549  0.00267014149474925  0.00280784944984436  0.00294731278443562
  0.00310067948768578  0.00325753971966126  0.00341881988738125  0.00357923222809001
  0.00373954011828224  0.00389980336316342  0.00404195093907793  0.00417899338833943
  0.00431848982731818  0.00448099508919786  0.00461320108455834  0.00473112158609370
  0.00483842736988772  0.00494222653980365  0.00504313811669557  0.00516653765600907
  0.00529935187907894  0.00543644436002623  0.00556909516956420  0.00569700527747931
  0.00582064075203388  0.00593398699094269  0.00607422361888236  0.00624268102266682
  0.00642193828166283  0.00660064516955106  0.00677658892921954  0.00695901464208840
  0.00714773262366967  0.00734138131787270  0.00753755483294700  0.00778823325457104
  0.00800940660162753  0.00818949273842424  0.00837509181319526  0.00856642838391121
  0.00877554857726689  0.00899586336798211  0.00932852536555778  0.00966293233229753
  0.00995726011218690  0.01024965866885889  0.01054634506817210  0.01087225119745755
  0.01125370072691303  0.01174117992643827  0.01232016437850542  0.01282093657864939
  0.01321266641388639  0.01363020829544252  0.01389839330331051  0.01411534434180450
  0.01434409028603072  0.01490712071883055  0.01535926815328230  0.01560552681262471
  0.01583301540726420  0.01606003419551553  0.01628837160551279  0.01670992192995234
  0.01707365808294855  0.01748023239126447  0.01802861264640374  0.01876504026612210
  0.01972345386201090  0.02156367435038863  0.02302414172141176  0.02525202403481278
  0.02734758739866032  0.02931383606281154  0.03003848995803348  0.03025081416761177
  0.03044342898314325  0.03063221517935063  0.10359287394057280  1.00000000000000000
 -0.00270303003825195  0.00897848719815733  0.01908575033528743  0.02894506195796478
  0.03838446515170756  0.04736568706418480  0.05639443669345481  0.06572657266179664
  0.07567846524544465  0.08614927761980748  0.09654487404683204  0.10688210893201509
  0.11718907601305251  0.12717072987587896  0.13645514483248034  0.14501836776489624
  0.15382057621184164  0.16309591851899560  0.17262480806392461  0.18163643778626420
  0.19039313506297584  0.19932068835416655  0.20888338974506826  0.21879180859333286
  0.22845380818271380  0.23775691056887793  0.24691593122807021  0.25666051252256517
  0.26730265777981849  0.27847009971455172  0.29035831556957503  0.30217851771805565
  0.31385904041210855  0.32534033200808826  0.33664777951657276  0.34860878245153482
  0.36047490882358030  0.37251516342491575  0.38461225380714392  0.39651149347054643
  0.40850696595836922  0.42091887137355644  0.43348745395442317  0.44548577969432285
  0.45733898921423932  0.46925523663633656  0.48121554589816973  0.49354461730731747
  0.50590935823150274  0.51733825836761160  0.52806485095142075  0.53878765738580359
  0.54977342852076028  0.56198161156480608  0.57398231142875222  0.58533075201493512
  0.59669195865481806  0.60856824773089557  0.62171312887447927  0.63431111651623806
  0.64656643709731154  0.65808315089647607  0.66919249068689457  0.67965240186118603
  0.68989719352198275  0.70017344054179276  0.71159859057964658  0.72339445220860532
  0.73494564724754408  0.74630040964697186  0.75734544366767642  0.76808229577005382
  0.77819245863258235  0.78741784297340534  0.79609178402959135  0.80442874952011234
  0.81351788399921077  0.82354307443692243  0.83464622191980131  0.84593673928541468
  0.85716785437491005  0.86798666382168310  0.87813536822171467  0.88724414444083610
  0.89584626780242171  0.90469558420699125  0.91378600978437641  0.92350207536680873
  0.93365185650986138  0.94314028661207516  0.95323699265662387  0.96260218973662914
  0.97180416862521202  0.98065481467143767  0.98985494410632135  1.00000000000000000
  0.77354621331707207  0.78442594704284885  0.78909821286370629  0.79333214320547618
  0.79745635197471487  0.80248739629802102  0.80730689224891194  0.81137453269440851
  0.81545756214849630  0.81987021126792503  0.82433690186843689  0.82850664556210030
  0.83233728237422488  0.83588516807834101  0.83930478606185022  0.84248479849930791
  0.84532404218868740  0.84810906547782883  0.85102305364726605  0.85401453687558726
  0.85669336288130071  0.85934488245599894  0.86213879984394159  0.86523457503685686
  0.86836389754711085  0.87144834985873820  0.87432987176085875  0.87692835417496229
  0.87938117828964968  0.88183748819478780  0.88418080310279235  0.88629298954238334
  0.88825963848181422  0.89024821848318658  0.89239812351847425  0.89468966565047003
  0.89695903697268287  0.89916000794755591  0.90130098695103655  0.90339487173040978
  0.90550462498713669  0.90767729607652026  0.90979807450503147  0.91181515467819396
  0.91378891493876047  0.91582065012413461  0.91786238249142271  0.91995479647956657
  0.92206706847126774  0.92418567617387204  0.92627748454609871  0.92834302264668389
  0.93037386009919509  0.93233247656325113  0.93428124551493430  0.93623111446844509
  0.93812417477135945  0.93997073960352451  0.94176641102637715  0.94355906122223643
  0.94528424728234461  0.94701053009467207  0.94868053676050612  0.95032473497554204
  0.95194996354846728  0.95350848806027111  0.95502007456731919  0.95651081950330596
  0.95802237831767745  0.95953617720455220  0.96097090525385209  0.96235338527540115
  0.96375720821728428  0.96518393930267332  0.96663083788551185  0.96815059721459984
  0.96965410753776970  0.97111989164976109  0.97255722415127999  0.97393481062578680
  0.97528993852120960  0.97666667250667805  0.97806891817914843  0.97953354957060956
  0.98108983817646112  0.98257697920283615  0.98413469387106534  0.98569005304212542
  0.98726995108392590  0.98885181316643178  0.99039553591568064  0.99198155322395065
  0.99353577239929158  0.99528403970540624  0.99737895747502270  1.00000000000000000
  0.00034004999450811  0.13274083114616159  0.16385633173901590  0.18121496430334694
  0.19773824781568625  0.21510903198630246  0.23018993490136685  0.24389280390017323
  0.25547263599297365  0.26566459061683967  0.27498461165350352  0.28398713920070529
  0.29263349442009989  0.30112182881074356  0.30883278432170569  0.31568520424076063
  0.32277941207631833  0.32985814154987103  0.33786771692764134  0.34581742492258855
  0.35356574229493204  0.36085142570763767  0.36750866315616654  0.37393439901144582
  0.38019906088069788  0.38637489491955246  0.39257245438581700  0.39834036440288895
  0.40403476803784399  0.40985492511130472  0.41588466986363204  0.42191885851089150
  0.42754912679971341  0.43255317481350769  0.43744739942053490  0.44216676512415559
  0.44681064560820000  0.45166740869268801  0.45632067459471903  0.46141021948499605
  0.46650204420318625  0.47159128394818889  0.47680403398281068  0.48193461308273783
  0.48728322551352904  0.49277050609324607  0.49834889548148759  0.50375860657360039
  0.50897742457985873  0.51422626556152840  0.51950945391658376  0.52481605380118423
  0.53031419081489350  0.53581173831289952  0.54147758652593669  0.54729990562694653
  0.55298420876817744  0.55869370950365971  0.56447438348297752  0.57059553937485019
  0.57688475232422909  0.58315943308632523  0.58888359310240679  0.59452165637400756
  0.60027466324991952  0.60597247757157480  0.61234164270281211  0.61888053742373483
  0.62543253169584923  0.63234162634211988  0.63928339555627389  0.64610114011419961
  0.65224340406786796  0.65821964636669184  0.66422852795823983  0.67046963532022574
  0.67683476975429402  0.68328592307270675  0.69014497599413538  0.69730623647057366
  0.70474116388895514  0.71256127510519052  0.72042374708447809  0.72821311293853441
  0.73636106054477446  0.74531585699441949  0.75578453893857456  0.76704643518265203
  0.77848431891054248  0.79046578936950984  0.80388763887513670  0.81851173788906850
  0.83484450553565193  0.85556140803827230  0.88922046043834624  1.00000000000000000
   9.5071253013768680E-005  -1.0000000000000000     
 F F F F F F F F F F F F F F F F F F F F F F F F F F F F F F F F F F F F F F F F F F F F F F F F F F F F F F F F F F F F F F F F F F F F F F F F F F F F F F F F F F F F F F F F F F F F F F F F F F F F F F F F F F F F F F F F F F F F F F F F F F F F F F F F F F F F F F F F F F F F F F F F F F F F F F F F F F F F F F F F F F F F F F F F F F F F F F F F F F F F F F F F F F F F F F F F F F F F F F F F F F F F F F F F F F F F F F F F F F F F F F F F F F F F F F F F F F F F F F F F F F F F F F F F F F F F F F F F
  <DiscreteSampler_grid>
  grouped_processes
  1 # 1 for a reference and 2 for a running grid.
  10 # Attribute 'min_bin_probing_points' of the grid.
  1 # Attribute 'grid_mode' of the grid. 1=='default',2=='initialization'
  0.0000000000000000 # Attribute 'small_contrib_threshold' of the grid.
  0.5000000000000000 # Attribute 'damping_power' of the grid.
 # binID   n_entries weight   weight_sqr   abs_weight
    13   10   3.006863828148679E+000   6.789542527689622E+001   3.006863828148679E+000
    16   10   3.987786919983272E+000   1.196287886595295E+002   3.987786919983272E+000
    22   10   2.754538083795793E+000   5.053477917047213E+001   2.754538083795793E+000
    25   10   3.397151833341019E+000   7.651678025723719E+001   3.397151833341019E+000
  </DiscreteSampler_grid>
