  0.00000012181390113  0.00000013129403547  0.00000013574282285  0.00000014141716440
  0.00000014997295946  0.00000015830757275  0.00000016659542314  0.00000017323324209
  0.00000017893123174  0.00000018428463013  0.00000018954078490  0.00000019521756977
  0.00000020220796722  0.00000021000506470  0.00000021801514955  0.00000022627563925
  0.00000023400243995  0.00000024222996133  0.00000025102452153  0.00000025990380863
  0.00000026916954936  0.00000027686450876  0.00000028213745313  0.00000028830764459
  0.00000029615997571  0.00000030433516801  0.00000031029619104  0.00000031572843433
  0.00000032118672716  0.00000032872179191  0.00000033783366728  0.00000035126425355
  0.00000036488005231  0.00000037963674084  0.00000039497094379  0.00000041158757864
  0.00000043104982913  0.00000045318747836  0.00000047597095032  0.00000049708547995
  0.00000051757637641  0.00000053868323044  0.00000056038919882  0.00000058494952969
  0.00000061401279093  0.00000064779000953  0.00000068780997540  0.00000072604524324
  0.00000077142459640  0.00000081673529880  0.00000086425446794  0.00000092275009125
  0.00000098466119132  0.00000104786876955  0.00000111551342464  0.00000119055365312
  0.00000126950511846  0.00000135582977604  0.00000145533411396  0.00000155255877044
  0.00000164370538747  0.00000173666404584  0.00000183799171315  0.00000196096078139
  0.00000211686407930  0.00000229289698859  0.00000248897743481  0.00000268291761145
  0.00000288606450840  0.00000311266523945  0.00000337260021389  0.00000367098441996
  0.00000400002079008  0.00000436756514346  0.00000479676931049  0.00000530304411590
  0.00000589939441813  0.00000659789578022  0.00000742815929231  0.00000839945327724
  0.00000953520542142  0.00001090735655238  0.00001271753361087  0.00001496972281745
  0.00001775730398346  0.00002124612996416  0.00002594427203370  0.00003257185567972
  0.00004184515782739  0.00005608971700639  0.00007729617172903  0.00012157391202199
  0.00021575943527638  0.00049017707413549  0.06362243409481702  1.00000000000000000
  0.00000035924556486  0.00000037902892554  0.00000038887635962  0.00000044411445594
  0.00000049631639559  0.00000052674558177  0.00000056962493919  0.00000060608111378
  0.00000065938112181  0.00000071180165314  0.00000076784922613  0.00000083036162582
  0.00000090304350449  0.00000097167363383  0.00000103618247867  0.00000110354667662
  0.00000118894404730  0.00000127946212178  0.00000137406785821  0.00000147319376413
  0.00000158077096143  0.00000170239653228  0.00000183876658855  0.00000198189318895
  0.00000214154202022  0.00000231269740905  0.00000249230541509  0.00000268199783095
  0.00000288964906405  0.00000310596510434  0.00000335003503642  0.00000361822682783
  0.00000393174160458  0.00000427051223563  0.00000463923616474  0.00000504374878969
  0.00000547561284838  0.00000592678200869  0.00000639301938094  0.00000687882594574
  0.00000738636054906  0.00000790404532124  0.00000844268171550  0.00000902937119754
  0.00000971557471358  0.00001046521365591  0.00001133573731368  0.00001224626649196
  0.00001335122170986  0.00001468650562707  0.00001621339224374  0.00001785121767163
  0.00001946109718335  0.00002116314474899  0.00002292295222988  0.00002484394512179
  0.00002693768761764  0.00002934564842459  0.00003183956573984  0.00003447782362453
  0.00003729930677266  0.00004036611846676  0.00004376387199689  0.00004728763757198
  0.00005116133581622  0.00005543406097356  0.00005996601566078  0.00006466904935397
  0.00006932695450718  0.00007428067222877  0.00007981944047422  0.00008586043693930
  0.00009185960620883  0.00010129156404406  0.00011037133307315  0.00012048182615207
  0.00013153005065357  0.00014194410059548  0.00015490844956370  0.00016907782565266
  0.00018487613818523  0.00020424054609241  0.00022798999927068  0.00025882574136361
  0.00029975387892517  0.00035149904175615  0.00042149451754851  0.00051022790993012
  0.00063784138973177  0.00082704703080681  0.00111405243284617  0.00160624619903436
  0.00256754382409571  0.00579633516631879  0.25703167861676990  1.00000000000000000
  0.00000137576152328  0.00000139005413069  0.00000142354836623  0.00000147487369481
  0.00000152909905486  0.00000159304888174  0.00000166023166104  0.00000173171096873
  0.00000180752886347  0.00000189379439795  0.00000198376299008  0.00000207282401437
  0.00000216304360881  0.00000225866020551  0.00000236530246665  0.00000247717196916
  0.00000259095748549  0.00000270911196060  0.00000283052255895  0.00000296479605471
  0.00000310800658729  0.00000324866419624  0.00000339343429386  0.00000354484692866
  0.00000370734623069  0.00000387808297636  0.00000406362972281  0.00000426548291886
  0.00000447130713075  0.00000468564170805  0.00000492123969160  0.00000517278650850
  0.00000539354333782  0.00000561940877945  0.00000582605831316  0.00000602437924241
  0.00000626381702650  0.00000659030641825  0.00000696125553147  0.00000732367598254
  0.00000769198990748  0.00000809016626384  0.00000849331533942  0.00000891022691359
  0.00000935003721133  0.00000983181377115  0.00001037500653974  0.00001095950951630
  0.00001154831357085  0.00001217146521223  0.00001290561657793  0.00001365369338907
  0.00001442665446300  0.00001524782188677  0.00001613652803361  0.00001711716490568
  0.00001821822474096  0.00001936162034943  0.00002066761064399  0.00002221982818175
  0.00002410294622982  0.00002598770884609  0.00002794266070238  0.00003006451020113
  0.00003254582872012  0.00003521896489220  0.00003756133090934  0.00004004706423529
  0.00004256457202475  0.00004553368662918  0.00004884341751754  0.00005276481924684
  0.00005768437633991  0.00006374070296294  0.00007020721722902  0.00007527310276792
  0.00008105145108615  0.00008694141199165  0.00009235286965136  0.00009927210076429
  0.00010834713670322  0.00011926705567456  0.00013140564199456  0.00014508979574352
  0.00016058678229371  0.00018534129295067  0.00021641884688112  0.00026009792041172
  0.00030657332454878  0.00038085824804760  0.00048453102008335  0.00061717286494288
  0.00082722487577510  0.00114983304306942  0.15483207070529548  1.00000000000000000
 -0.00302795687206896  0.01141735824765571  0.02305277954287926  0.03352350242742213
  0.04378364850492614  0.05381046489572693  0.06398017720135614  0.07360322364741992
  0.08221025479499532  0.09135529418616428  0.10104732265524838  0.11204540164873658
  0.12372189310553408  0.13490898212805996  0.14635109728136303  0.15712013087281967
  0.16792793385550650  0.17912519935794291  0.19048541577034794  0.20287068240467454
  0.21499524422888211  0.22658519862746415  0.23742250945812454  0.24750373693491451
  0.25648170126437791  0.26502769170267193  0.27362294984297097  0.28275033068842581
  0.29342820606604952  0.30423077186702147  0.31436738869740227  0.32393959883379664
  0.33325547533663846  0.34255585329005811  0.35305711859169175  0.36381168777695705
  0.37284758813943042  0.38176486338430654  0.39080040517978171  0.39943852261911278
  0.40884450861982335  0.41892679223246215  0.42942278803970707  0.44062087743801381
  0.45282684189336325  0.46548549634232284  0.47751400445266662  0.48929303412340452
  0.50102265905255172  0.51308191621975208  0.52506737553299465  0.53688155532237214
  0.54832434733682245  0.55931151704521331  0.56961578469203622  0.57955417419615518
  0.58999837557366197  0.60101406487119824  0.61286990195861013  0.62470722241692378
  0.63471952386832831  0.64380089127100371  0.65294128556519360  0.66301098124343028
  0.67391057778611163  0.68493707569883944  0.69598033315452479  0.70711640848589730
  0.71806798162170493  0.72869693701929805  0.73996616948467753  0.75059951015259674
  0.76121843959514435  0.77232633206559675  0.78455242135147141  0.79635343259737013
  0.80781913577143405  0.81831519754265869  0.82921426894638173  0.83812369462090008
  0.84611799058647019  0.85378037601244050  0.86161301640665122  0.87100292440962968
  0.88109122687622388  0.89224578965646906  0.90448125117002598  0.91645923806068119
  0.92788113428984731  0.93882605682536580  0.95051515671808517  0.96188428137684356
  0.97190285424121114  0.98097520752194411  0.99034229470803026  1.00000000000000000
 -0.00222307964405744  0.01015735710345480  0.02076543015349075  0.03153673710156360
  0.04237708161451040  0.05167565871514215  0.05916353789952759  0.06650645161052014
  0.07430942705527255  0.08298609482139080  0.09389798157940848  0.10598988488078373
  0.11871208755883218  0.12893559766894708  0.13800825244245279  0.14723713072142958
  0.15843519882859233  0.17048494094286992  0.18189251215239441  0.19182809008463012
  0.20059297932658468  0.20944160681222559  0.21902784889704333  0.23028559280857855
  0.24281656284781078  0.25473505226444720  0.26619793447438905  0.27763745927086908
  0.28783128946330816  0.29743098075228758  0.30687216618861507  0.31742100121966721
  0.32915993549500644  0.34083727609175390  0.35154711195038263  0.36139005341198643
  0.37164187995257669  0.38227253519909987  0.39268132635224007  0.40394748177003287
  0.41574169566111741  0.42807720653796261  0.43858318436314769  0.44909044597604963
  0.45927861038869688  0.46991020830970859  0.48072552228183774  0.49205829152959751
  0.50269284431131378  0.51305489850907493  0.52351708991096568  0.53393803518987815
  0.54252840415941128  0.55104707338601155  0.55987997808949663  0.56944023654066023
  0.58158737439691988  0.59297159591116833  0.60401540671707543  0.61526661099765145
  0.62736051158433570  0.63978123474677473  0.65254232309259752  0.66450392889098064
  0.67577952409064646  0.68720210611852561  0.69839807078486493  0.70963854600659071
  0.72053251865125911  0.73152076367650887  0.74290540598691734  0.75326524705312292
  0.76438398051245349  0.77391359045029340  0.78273127450863944  0.79153801064639984
  0.80108719301802178  0.81065464956064837  0.82030473199475074  0.82754257490648042
  0.83622252896163174  0.84558200054754962  0.85512481980258659  0.86457215645803043
  0.87385924255585457  0.88351880742207745  0.89392325230695591  0.90546232824382933
  0.91755735220906753  0.92937049431935725  0.94101936167611089  0.95187110046286538
  0.96257792084229044  0.97409504352487741  0.98698057869072775  1.00000000000000000
 -0.00223930992040723  0.01070767059508074  0.02150079712771149  0.03194956115270688
  0.04251699182347286  0.05328374624108909  0.06361446723484315  0.07397255955687457
  0.08443531628503050  0.09472658733206549  0.10481562522494023  0.11503943263317679
  0.12548595442939364  0.13568574654215798  0.14577520795126880  0.15771112398942175
  0.17090575973441158  0.18374166645184750  0.19427756455909684  0.20480233934725836
  0.21511999306751259  0.22546419402527862  0.23571102696237825  0.24703432985717494
  0.25888638307615908  0.27020566750081981  0.28136686247071357  0.29278690729865187
  0.30136097259778871  0.30729719104706615  0.31325095793361407  0.31983460334733704
  0.32678753365256891  0.33752791659118253  0.34694088127505601  0.35714501213928884
  0.36731597052617737  0.37864933552677216  0.39145465765985293  0.40535546586378546
  0.41752992534380073  0.42799223476033171  0.43871714927524535  0.44933303135672442
  0.46003991607137923  0.47109293067501556  0.48298025473071315  0.49508464911502731
  0.50733754319283875  0.51860731843186691  0.52813984552398130  0.53768279883913372
  0.54701819871004276  0.55693141071871310  0.56756240294028493  0.57672728078302127
  0.58603255443533320  0.59525728560172586  0.60473033425188394  0.61571173375454136
  0.62722330705698182  0.63888183024099621  0.65004232764674386  0.65967777934168570
  0.66979817829892152  0.68215611296359857  0.69186584963626874  0.69983186504547790
  0.70779938927792185  0.71790244620805321  0.73112901284481047  0.74398880263576916
  0.75514184962226605  0.76591217506694975  0.77696524674824885  0.78918367817284807
  0.80179308269113736  0.81430271923271746  0.82628128033495352  0.83834953321017425
  0.85076578559878135  0.86255705884413514  0.87347560438746374  0.88336140116566408
  0.89282259919265128  0.90247087129331027  0.91254863680268494  0.92296837888646643
  0.93328397252937378  0.94343806160977561  0.95378060715149049  0.96337642465728879
  0.97264509395726861  0.98186435431459274  0.99101425379326769  1.00000000000000000
 -0.00206850031943555  0.01366891019263085  0.02565861533597153  0.03758850413126333
  0.04717744747089052  0.05578108904146256  0.06381639820263862  0.07133444748956075
  0.08012329931491385  0.08997364046683863  0.10076086422973478  0.11263127644546837
  0.12423699678979418  0.13570523171811963  0.14781047598603889  0.16084758349034103
  0.17447294186021167  0.18663692990791067  0.19597378263741980  0.20429352609719562
  0.21202089953790582  0.21989935496905744  0.22968625995819911  0.23928818633663915
  0.24978789468140145  0.26031034108323198  0.27112875825133881  0.28222568036484813
  0.29248081320399139  0.30240873646179256  0.31299317575421348  0.32521271458076223
  0.33610437325664561  0.34678699910357536  0.35698430723377139  0.36756370981917552
  0.37849773630857025  0.38934045074322193  0.39777084990062783  0.40592153764146377
  0.41461012806038067  0.42443281225204860  0.43469912291671670  0.44490655985983785
  0.45498320590707142  0.46372376504154805  0.47180294135980894  0.47952971550133694
  0.48740448256809843  0.49564354904283014  0.50455625880478272  0.51457054300561345
  0.52565837632042323  0.53690307404605486  0.54787081194680909  0.55924497244465876
  0.57107471227435735  0.58353728927860027  0.59594414416586605  0.60838132862868000
  0.62124124646655787  0.63443296419554740  0.64712967194196913  0.65893208135032888
  0.66905792357593752  0.67871129082468196  0.68808197164157403  0.69839049578854295
  0.70949772676137934  0.72051201148828081  0.73152328887977081  0.74271287139273567
  0.75376739656376590  0.76486405075302000  0.77667425467195561  0.78829805407301123
  0.79882734223004204  0.80917783699434209  0.81743469301858551  0.82506392762913849
  0.83283890731817456  0.84040052810865484  0.84989875135065374  0.86158748525292495
  0.87385360256863265  0.88629883404619270  0.89820925921994244  0.90912404788704049
  0.91983149154425725  0.93073920108878949  0.94178358328925138  0.95295672152967870
  0.96432947506002753  0.97628715257452570  0.98788069660592914  1.00000000000000000
 -0.00248828309426324  0.01174358766922419  0.02376734983014622  0.03528275666880716
  0.04699188178858033  0.05841883838110220  0.06962614415101949  0.08162270332157187
  0.09334940152747159  0.10513110138524538  0.11544370998312230  0.12613382423152875
  0.13738847823019298  0.14774682970875064  0.15711275869876853  0.16685187835040155
  0.17828134599465992  0.18828019349040365  0.19743454891584605  0.20620511046864551
  0.21546254401322482  0.22415249381715094  0.23242102367053988  0.24045726886583182
  0.24853574972823830  0.25841199195639980  0.26845257583232873  0.27890219485427342
  0.28946937676702122  0.30191226091476470  0.31476292462287925  0.32709476063554671
  0.33897561120374886  0.35079102326994688  0.36326033997006113  0.37618375319104030
  0.38913542602927337  0.40221250049982266  0.41402420398493089  0.42391555686488624
  0.43226883766634644  0.44008628440783087  0.44642382582141599  0.45315610121753680
  0.46174403459681324  0.47176204183357584  0.48088671497016028  0.49034686418363077
  0.50004526303291197  0.51076929311015340  0.52075651901920583  0.53132270461956999
  0.54211238204132284  0.55277263838626400  0.56332950217256794  0.57483308105500830
  0.58731340596449877  0.60019615079823607  0.61259191635919052  0.62396685772693161
  0.63477782104308744  0.64560058620489991  0.65528632117282160  0.66713921963036893
  0.67874583466609517  0.69110008620038543  0.70260337521995864  0.71336155224652564
  0.72304253941138796  0.73290974757821659  0.74324005549308592  0.75472487055367976
  0.76630763106970823  0.77780216373342081  0.78829689543796777  0.79870779567608996
  0.80950433226733387  0.82098714819090879  0.83247212111626090  0.84193815550419837
  0.85147794230417329  0.86192333043435421  0.87448818299310038  0.88666950630847940
  0.89753761045456359  0.90905267444341009  0.91985700453586372  0.93000105071507411
  0.93960188514315857  0.94872235827783680  0.95699098156945095  0.96460755037191903
  0.97249212545246433  0.98133632632021628  0.99073509332568177  1.00000000000000000
 -0.00265029594414487  0.01150376469991153  0.02311975663951945  0.03347343729216951
  0.04383638600951657  0.05243822986962413  0.06111297770794726  0.07046076005449614
  0.08162878126479046  0.09465796410239379  0.10753106534603428  0.11990638486335047
  0.13260580716050049  0.14625111928057455  0.16000217261746746  0.17188713765660379
  0.18236935091295045  0.19257224105765436  0.20313179435411227  0.21455102022692971
  0.22568832149852347  0.23605767452271950  0.24749599209357548  0.26071518190202853
  0.27373158159202299  0.28460195134329885  0.29516592394487395  0.30568552406139815
  0.31530983866041090  0.32496116944807923  0.33331931784944546  0.34413148619601247
  0.35514069715282243  0.36584879417907468  0.37628063044835325  0.38639953097078045
  0.39594209403859959  0.40719002458694470  0.41758884591119505  0.42856627393543084
  0.43965054179946511  0.44990933142337119  0.45986087653722707  0.47021920190422317
  0.48148441402271558  0.49282185840024845  0.50349836362307943  0.51328497970373876
  0.52324345812254736  0.53344300830326075  0.54496560065491140  0.55607180661191147
  0.56565860971332937  0.57422213262045629  0.58270896160040919  0.59233463027733191
  0.60179410727976879  0.61196534103640710  0.62256525791325079  0.63392575624230407
  0.64494667221553204  0.65615013046059301  0.66607206700145793  0.67532865506308148
  0.68442536435217860  0.69460582785440539  0.70544814730299821  0.71532553828415413
  0.72480183445458390  0.73480300927385755  0.74523233190472027  0.75644393023673617
  0.76726831765670256  0.77645005506626597  0.78511197306305291  0.79313961629419150
  0.80208589369480277  0.81206343296555528  0.82183320576479724  0.83137837066157649
  0.84077387713798657  0.85052657974659807  0.86120669897613833  0.87268063041625288
  0.88421528587880016  0.89555212796957184  0.90707030631282271  0.91884364024166709
  0.93038619512171727  0.94127185407404113  0.95095319872155848  0.96082401382818627
  0.97085817403013530  0.98123772929746100  0.99100629575625288  1.00000000000000000
 -0.00371271304960453  0.02171152642819527  0.04369840754613605  0.06265858384103104
  0.07743529001066654  0.09064840183008989  0.10311820897151158  0.11579853330314778
  0.12932929339087826  0.14374501736370429  0.15711269036837644  0.16827144371017144
  0.17895397330746241  0.18917707581461313  0.19955888062525745  0.20982153347521729
  0.21993836579493498  0.23090812436795008  0.24201280567695474  0.25291552540842710
  0.26382783977089358  0.27493156284825809  0.28437734884575072  0.29371584489850733
  0.30306828728122259  0.31323083995894141  0.32267615664133875  0.32944161735356425
  0.33645049638411662  0.34374206804358032  0.35136001315079141  0.36113171827099844
  0.37046896948504321  0.37978857011285183  0.38956019221687199  0.39916763645915360
  0.40925977520221918  0.41945210489553564  0.42941464568442056  0.43910333597396783
  0.44817904457625685  0.45748695893487429  0.46695505150032035  0.47553515811389729
  0.48243636443353255  0.48860841425402218  0.49488870276899155  0.50218682165754880
  0.51057632862185709  0.51913355897165736  0.52801581768365191  0.53806086483505911
  0.54790278739333276  0.55725196976382707  0.56544783397867437  0.57303628760856151
  0.58079805571568099  0.58964338564707841  0.59736096598556632  0.60506548750020117
  0.61231066485722285  0.61945104786852301  0.62743953606642466  0.63611259713505297
  0.64493576485199089  0.65376274444180149  0.66270180637945253  0.67143984888194097
  0.68022584683402254  0.68867964324141084  0.69748470753627756  0.70654625597911225
  0.71619032880395905  0.72614907247036842  0.73677025324726109  0.74773121672544163
  0.75843931707766477  0.76856761831184184  0.77794806848195452  0.78720818649080226
  0.79736391517547756  0.80887934145030371  0.82052687609594732  0.83080533044554117
  0.84107363825599690  0.85210083372295198  0.86332359516738211  0.87562473463448076
  0.88928497327556388  0.90386429926974288  0.91763742247548963  0.93114563772495496
  0.94530850251898835  0.96131137799147515  0.97949061696317441  1.00000000000000000
 -0.00263461091894276  0.00977574180300075  0.02038143355092631  0.03034940143011667
  0.03990701515333609  0.04945283899901571  0.05952063104576275  0.07011387586716721
  0.08062968004729919  0.09109653031683045  0.10157961189205919  0.11134280425491835
  0.12099419633248827  0.13116369060381819  0.14101177801165293  0.14860926087211793
  0.15689155188998619  0.16575945410763290  0.17587384118021790  0.18691115847276277
  0.19792498641301676  0.20949449034906506  0.22195050602916408  0.23480767173123812
  0.24731356044096678  0.25923213897524150  0.27112541566126563  0.28343360750992164
  0.29535483365739906  0.30592027258609550  0.31525995803510243  0.32360531610441717
  0.33180536936297605  0.34002139098721518  0.34964944658228647  0.36167612428084966
  0.37410211499556140  0.38544531355367895  0.39612847180605887  0.40633324502321477
  0.41741631301367504  0.42941855578081889  0.44154180653937752  0.45263797284602780
  0.46340573997637918  0.47402620336588086  0.48579472090751535  0.49612880390971154
  0.50735754714919490  0.51868728299063815  0.52982863478585196  0.54080561763190071
  0.55058889656897958  0.55964730137175878  0.56951122665621667  0.58078926797091301
  0.59389257208345425  0.60743506214673060  0.61957155857160240  0.63076522721099715
  0.64177048558098937  0.65194477708342002  0.66090909299462464  0.66919141698581541
  0.67823124933162593  0.68780484193649660  0.69856843638295918  0.70951401390876012
  0.71950136892489680  0.72853919226140018  0.73745178726206539  0.74687707618156396
  0.75651470902705864  0.76684918075868624  0.77647587151882091  0.78551768835761560
  0.79437939181038020  0.80358280247489877  0.81321668514041234  0.82290821383914003
  0.83222663336055014  0.84189107026640930  0.85191903959109505  0.86256154324149448
  0.87350384856637997  0.88506614609952816  0.89628518692881920  0.90714726690980152
  0.91769189919680416  0.92810154180531446  0.94012000719167255  0.95271642447653515
  0.96548652352365516  0.97688917776837847  0.98853885512475270  1.00000000000000000
  0.48311868439800915  0.50360744376274758  0.51214765378566929  0.52387693745985875
  0.53454497421948888  0.54171579805109782  0.54720551429445830  0.55181658278139001
  0.55629877930038873  0.56111829231154930  0.56702689458505828  0.57325467086857362
  0.57978277839543102  0.58581760533561733  0.59224777302202924  0.59872970586886343
  0.60412534093561199  0.60971498127204615  0.61582334286939233  0.62192417811393730
  0.62745801192535311  0.63235596329397470  0.63759657591459917  0.64288602602419276
  0.64838345622594218  0.65369597367909005  0.65879729962727873  0.66363403673092491
  0.66858356752373727  0.67349920591068302  0.67852504183197759  0.68359491068629874
  0.68853756651966902  0.69350257289720407  0.69888128429792962  0.70423369319505524
  0.70964165679405100  0.71426803679598161  0.71912200479095167  0.72379993120262420
  0.72820155186643976  0.73203903461859277  0.73581932395789240  0.73981880011165890
  0.74408072523999003  0.74847265473037805  0.75298819537889805  0.75765557647690362
  0.76260681885378001  0.76745287752497671  0.77235302895478586  0.77674291214642965
  0.78089358971320544  0.78474462020951430  0.78908146973442528  0.79331298284902474
  0.79823586735908814  0.80269689224579532  0.80744783239032214  0.81228299392999193
  0.81711210169595927  0.82194159947143530  0.82668603285081110  0.83157448733397732
  0.83628662888147243  0.84124176158515362  0.84619870920308493  0.85109231596799573
  0.85572262412456657  0.86027602437289807  0.86403533921830145  0.86788027838130277
  0.87163612269741453  0.87598277069334718  0.88075337070927462  0.88555677800444077
  0.89040863514099189  0.89537796387131574  0.90039045010437524  0.90546093894848334
  0.91046698877050158  0.91534043631687401  0.92031200134114344  0.92533330509296108
  0.93046936956460413  0.93529665905378612  0.94015134145776158  0.94549263223167102
  0.95140218603072790  0.95681887430877655  0.96247671199597096  0.96810060021133026
  0.97390909241010681  0.98085633539699457  0.98942573514858612  1.00000000000000000
 -0.01140153085633413  0.10429408853837360  0.13818023197246618  0.16204041079208126
  0.17888820481113868  0.19086677649225564  0.20227121028120046  0.21316976499461532
  0.22284479907510443  0.23184760064072385  0.24053661124274522  0.24906891372698645
  0.25926888536542825  0.27058866799249087  0.28116514356268463  0.29061147431168144
  0.29950032669079707  0.30854338417714894  0.31719967082484846  0.32415642222897539
  0.33072960212863545  0.33718085769699929  0.34395292726523752  0.35125396413025239
  0.35740402972523133  0.36307436379672198  0.36872854740746497  0.37502002642211352
  0.38164737441015478  0.38871854211229662  0.39577029300984329  0.40263570988077307
  0.40901417044854843  0.41488204133357542  0.42023027060907236  0.42517378928235050
  0.43030671872146481  0.43580328177896777  0.44194634675507449  0.44689075571590725
  0.45147745280530993  0.45605597786054364  0.46106224112728833  0.46699790786129214
  0.47317689099779731  0.47921981989160395  0.48513271478621550  0.49105151166699484
  0.49687751183740819  0.50273245923166177  0.50840725093866657  0.51415095706392144
  0.51945197818737199  0.52513871646094135  0.53091698748369187  0.53601102505412468
  0.54046237536685748  0.54467199540281586  0.54916949089542300  0.55432167444078728
  0.55980810504459322  0.56564352508540627  0.57161570765897685  0.57762263566192151
  0.58389935070165855  0.59052590379140502  0.59701986264092244  0.60333809546453210
  0.60955854147284705  0.61567634395353688  0.62195382243719188  0.62832709294207545
  0.63495898632402636  0.64125640477679002  0.64727192649139853  0.65348519595651189
  0.66008357068675794  0.66777918739914099  0.67673442726346433  0.68563301199442306
  0.69501194238971353  0.70403532320031192  0.71345309905075627  0.72242988068058867
  0.73177714194388555  0.74139574789002993  0.75129541981617587  0.76123430853241292
  0.77030545050366017  0.78040455729793701  0.79143609927906500  0.80551104625121950
  0.82069504935182358  0.83955243133145352  0.87127716146682799  1.00000000000000000
   2.5651148933822731E-007  -1.0000000000000000     
 F F F F F F F F F F F F F F F F F F F F F F F F F F F F F F F F F F F F F F F F F F F F F F F F F F F F F F F F F F F F F F F F F F F F F F F F F F F F F F F F F F F F F F F F F F F F F F F F F F F F F F F F F F F F F F F F F F F F F F F F F F F F F F F F F F F F F F F F F F F F F F F F F F F F F F F F F F F F F F F F F F F F F F F F F F F F F F F F F F F F F F F F F F F F F F F F F F F F F F F F F F F F F F F F F F F F F F F F F F F F F F F F F F F F F F F F F F F F F F F F F F F F F F F F F F F F F F F F
  <DiscreteSampler_grid>
  grouped_processes
  1 # 1 for a reference and 2 for a running grid.
  10 # Attribute 'min_bin_probing_points' of the grid.
  1 # Attribute 'grid_mode' of the grid. 1=='default',2=='initialization'
  0.0000000000000000 # Attribute 'small_contrib_threshold' of the grid.
  0.5000000000000000 # Attribute 'damping_power' of the grid.
 # binID   n_entries weight   weight_sqr   abs_weight
    13   10   2.191306715675388E-003   1.449577198955952E-005   2.191306715675388E-003
    16   10   5.459279772847003E-004   9.024026575496592E-007   5.459279772847003E-004
    22   10   2.190061520889501E-003   1.445589884271481E-005   2.190061520889501E-003
    25   10   5.452337590494479E-004   8.973325727779652E-007   5.452337590494479E-004
  </DiscreteSampler_grid>
