 -0.00328639576831534  0.01303418436714890  0.02614150343203268  0.03848998773368462
  0.05050240720243222  0.06248465238411763  0.07408861998305558  0.08493436253529142
  0.09560565205385649  0.10670087865802733  0.11839114280667461  0.12979998597775294
  0.14050806982775171  0.15114482394271497  0.16204055893255320  0.17382367566626056
  0.18592284403673648  0.19681184013004810  0.20592655482509384  0.21452905860786284
  0.22306589283507433  0.23180769970001897  0.24163819484267643  0.25211394210702592
  0.26297706708563839  0.27256079825955182  0.28250420184699859  0.29273102698346060
  0.30327987890787472  0.31364347549733745  0.32455085991683896  0.33669562561118199
  0.35065229749565346  0.36444366245317550  0.37641208858743375  0.38635732608549195
  0.39286171850965790  0.39958915315860888  0.40629514954230639  0.41326499260925420
  0.42106140288389637  0.43347986151613321  0.44509749726503350  0.45636649385526940
  0.46651108383928036  0.47573435095473587  0.48310391155539528  0.49062844430332742
  0.49878934153521864  0.50844996122750130  0.52122116561164689  0.53404313920680624
  0.54663629140019976  0.55907223926088545  0.57028060936621128  0.58054193785609087
  0.59044364680659545  0.60040504615350354  0.61028408071435469  0.62048511388134664
  0.63155694969622367  0.64305479304372848  0.65394948015338628  0.66380582054731829
  0.67279940578796404  0.68145936676906615  0.68993814338943316  0.69936585858018241
  0.70963248485533692  0.71990643512222852  0.72974163147842253  0.73963124031351846
  0.75058517154561999  0.76207778750133492  0.77294466597241795  0.78330890936738917
  0.79327332109299276  0.80377124351907270  0.81396697973621346  0.82395011775103943
  0.83393947917978162  0.84426523854078450  0.85521786172605962  0.86587172532908596
  0.87595127810988394  0.88625070650344895  0.89706667095907688  0.90835088258989061
  0.91925477368945518  0.93022909416880184  0.94144037696636307  0.95253307198213899
  0.96332866079485047  0.97385273034351005  0.98605121926640626  1.00000000000000000
  0.00001415834654155  0.00004071198248005  0.00004395932358573  0.00004721263121110
  0.00005116445200352  0.00005713344365924  0.00006272352895719  0.00006813633897788
  0.00007330138601824  0.00007797444121628  0.00008264244014990  0.00008722463602317
  0.00009176653946383  0.00009608866050423  0.00010031133722962  0.00010464534517059
  0.00010908168910623  0.00011380626367485  0.00011866423266781  0.00012349893211076
  0.00012850468352183  0.00013312392356875  0.00013781425366743  0.00014272219731609
  0.00014798439944437  0.00015377526259162  0.00016006453261455  0.00016657808058780
  0.00017308482150513  0.00017960888578469  0.00018631700127887  0.00019363036979103
  0.00020160520638465  0.00020943100056910  0.00021722663949590  0.00022509417847810
  0.00023344402587242  0.00024235002240331  0.00025179793258059  0.00026172500865887
  0.00027184412084795  0.00028303301137442  0.00029510338317228  0.00030714337997675
  0.00031849528286626  0.00032935427890284  0.00034112055082011  0.00035445977138434
  0.00036800715885536  0.00038206917761916  0.00039781775250949  0.00041525759199182
  0.00043412020060287  0.00045364939563461  0.00047235257919512  0.00049214741977882
  0.00051531121153819  0.00053482482287731  0.00055103499609947  0.00056729010148342
  0.00058431192023766  0.00060189401151310  0.00062178107437273  0.00064463639572129
  0.00067584627715586  0.00070917175493601  0.00074402174661288  0.00078543682819071
  0.00082952468560318  0.00088102269831369  0.00094115155976289  0.00099865447147920
  0.00105275958922227  0.00111256590477639  0.00117933203764890  0.00125749679008776
  0.00134670034385103  0.00144560485182785  0.00154294034804037  0.00163795449737669
  0.00175527884341555  0.00188874768485355  0.00203465035351581  0.00219757966894750
  0.00236602432112556  0.00250409543996335  0.00261799216265945  0.00276838585508520
  0.00299309026496848  0.00348747044830064  0.00441099452168146  0.00524773678366214
  0.00621044715005330  0.00795766696828047  0.02618252402148869  1.00000000000000000
  0.00000165293615466  0.00000167040332723  0.00000170011989533  0.00000175816613354
  0.00000185519291734  0.00000193086641964  0.00000198936718456  0.00000203934690290
  0.00000209253413615  0.00000214670348592  0.00000220765149105  0.00000227511584641
  0.00000234570271458  0.00000241613803881  0.00000248669540329  0.00000256060459828
  0.00000263668034412  0.00000271391206243  0.00000279038635866  0.00000285628401536
  0.00000294175982178  0.00000303372631945  0.00000313218963032  0.00000323052380543
  0.00000332843777222  0.00000343118271183  0.00000353492374459  0.00000363266813208
  0.00000371024181632  0.00000378254519353  0.00000385770678101  0.00000393474571322
  0.00000402763259715  0.00000413405010043  0.00000426825823290  0.00000448643495050
  0.00000466746262939  0.00000488390149641  0.00000510532778234  0.00000533248585708
  0.00000557899740427  0.00000583969147366  0.00000610445400080  0.00000637369757021
  0.00000667150976668  0.00000701062805074  0.00000736638982116  0.00000772727198873
  0.00000809000633195  0.00000846110977710  0.00000887319620983  0.00000933663062315
  0.00000983446813457  0.00001035520708385  0.00001095768535620  0.00001155308441172
  0.00001219704695175  0.00001289478161030  0.00001362988425166  0.00001441046283347
  0.00001525979804429  0.00001610545833380  0.00001695107809842  0.00001788806048724
  0.00001880261556706  0.00002001188861671  0.00002138881183843  0.00002292425656058
  0.00002456201159631  0.00002629687796916  0.00002821421974069  0.00003040516981283
  0.00003292790935079  0.00003575429850396  0.00003890631084769  0.00004242184117700
  0.00004643191302295  0.00005123399377221  0.00005711818674575  0.00006439706508302
  0.00007333406722238  0.00008506478291378  0.00009950214256666  0.00011624476424227
  0.00013553956470205  0.00015849610452768  0.00019054153043888  0.00023637491290997
  0.00029818211202581  0.00038439654202339  0.00049891019204243  0.00071954777205132
  0.00131393672963557  0.00337553897505323  0.04265055360550622  1.00000000000000000
  0.00000209165905539  0.00000307662736914  0.00000344454440708  0.00000369943341315
  0.00000394551785955  0.00000417386490751  0.00000439884532573  0.00000463337308630
  0.00000491524168573  0.00000528739542312  0.00000564582940170  0.00000601683619493
  0.00000636607914834  0.00000671794022978  0.00000711226944677  0.00000752262129819
  0.00000802849427796  0.00000857176759750  0.00000912299656730  0.00000969271451971
  0.00001017756705381  0.00001084062516394  0.00001151410074402  0.00001231601900700
  0.00001321926324760  0.00001413089256492  0.00001508537629240  0.00001603191639213
  0.00001715029941304  0.00001835638385509  0.00001975723078014  0.00002135122060352
  0.00002310100093193  0.00002501035917183  0.00002713976407583  0.00002954321602067
  0.00003219959186074  0.00003509054609260  0.00003828898112385  0.00004184778942825
  0.00004571560955175  0.00004974530746388  0.00005403081200117  0.00005881313674802
  0.00006397868521161  0.00006924969321978  0.00007479236957151  0.00008096297972561
  0.00008807023313455  0.00009532353389573  0.00010234753943355  0.00010900289339019
  0.00011575182566985  0.00012350658265468  0.00013288353937356  0.00014400207523125
  0.00015704337137920  0.00017192041101484  0.00018758945802493  0.00020401019217527
  0.00022135524527074  0.00024244860537791  0.00026645595796491  0.00029488000323676
  0.00032015057937168  0.00034443543098839  0.00037074165401060  0.00039573423755900
  0.00042381082304820  0.00045740399266355  0.00048956007672597  0.00051802192684355
  0.00054543365119989  0.00057144384164566  0.00059656369839817  0.00062590768138224
  0.00065849191702431  0.00073107014783149  0.00080858032383722  0.00089214867513380
  0.00098144156751369  0.00107950064633994  0.00121259948314733  0.00135594858920722
  0.00147639980088142  0.00161984564407423  0.00177497097465989  0.00193147108318929
  0.00210412092912111  0.00238228579113689  0.00270770261972112  0.00330302153986869
  0.00374561473849924  0.00456067829046467  0.01870933289405253  1.00000000000000000
 -0.00289899692070430  0.01227156142946779  0.02385008983649911  0.03450291795714652
  0.04538235300594024  0.05624198225798403  0.06775619184974850  0.07967769430530822
  0.09146096628117478  0.10271795239144646  0.11360527067232756  0.12392424135468871
  0.13443331866273081  0.14456900042878462  0.15491747155870364  0.16531996494910176
  0.17592568247565959  0.18697669837078279  0.19557645963734982  0.20337314449934640
  0.21097412115982869  0.21886610422680913  0.22862586377053346  0.23864933846360739
  0.24930622002316660  0.26048782039821139  0.27123546489622458  0.28186832816269880
  0.29332049474777261  0.30626709574492372  0.31940794088914731  0.33078758890941512
  0.34089066475470914  0.35072243397791886  0.36041199735543189  0.37002404937065764
  0.37926143860275147  0.38905655886744089  0.39963484019238504  0.41103416999887338
  0.42225497065805506  0.43347407804903165  0.44412880058842108  0.45446811871033271
  0.46452668723580526  0.47498516741462815  0.48666720148989889  0.49886328760775184
  0.51021672485866010  0.52060955919917884  0.53081766195851088  0.54101919876577220
  0.55188083791089104  0.56304003218962273  0.57391164925414706  0.58466207749642973
  0.59623119146526005  0.60832963478884627  0.61960942473116332  0.62630666515845235
  0.63341270808689665  0.64045772956251712  0.64708739252030423  0.65426060180442802
  0.66403640227031469  0.67342932983797144  0.68314345411099175  0.69382622859228971
  0.70509103719087096  0.71697735821600628  0.72920312950695154  0.73990302772472982
  0.75089213959436163  0.76126887307843538  0.77207146794014236  0.78360831464022696
  0.79532920066912016  0.80673925443495531  0.81852207915337871  0.82948458870119679
  0.83997882529764423  0.85028448073129159  0.86175366179080792  0.87271799746362422
  0.88235024340130330  0.89163969988012948  0.90168455007752923  0.91352764270636877
  0.92562922939514169  0.93655064795044107  0.94740431106610590  0.95884426293126435
  0.97055614089291431  0.98122649144462437  0.99072148209393796  1.00000000000000000
 -0.00320998814513254  0.01216424975056853  0.02438449052356333  0.03524933347559961
  0.04660689677346305  0.05781525300424235  0.06858950021189489  0.07867669360142188
  0.08945639555221249  0.10107250531132006  0.11343913312432466  0.12467536018814768
  0.13608022232327305  0.14724651116354534  0.15788221685338896  0.16805011881361270
  0.17769049319522237  0.18776769983755376  0.19777364655381452  0.20641155346206749
  0.21455849116708639  0.22277708454890693  0.23230527700660544  0.24274128286585586
  0.25269444297304133  0.26227068932517805  0.27238905415290288  0.28391782671766402
  0.29570241919444368  0.30732562442543931  0.31858752060521195  0.32826498196945308
  0.33737512117255725  0.34628745077334028  0.35698133511192004  0.36841678614280526
  0.37959602266522352  0.39039565786592750  0.40141686186086939  0.41276075049277761
  0.42287323417510742  0.43183803731450826  0.44108841280023653  0.45156520029792163
  0.46342264356814927  0.47538677878802810  0.48767441429339370  0.49935095406149876
  0.50998829714220439  0.52042316459678672  0.53149223948630142  0.54341605848708363
  0.55536884919952756  0.56677967571769683  0.57788493263550544  0.58848124691197823
  0.59890558865722632  0.60969934939205728  0.62060575236802173  0.63142641049158466
  0.64175573095925020  0.65299955049604830  0.66512348861498061  0.67744908684396010
  0.68913145573813861  0.69948107753750588  0.70943611587363198  0.71931416663491454
  0.72937701337153871  0.73983419571161801  0.75090596941981114  0.76248839743702379
  0.77169119737178271  0.77847039051149480  0.78556964911650917  0.79283355018818114
  0.80028068656807250  0.81062213810542716  0.82275376409262979  0.83365659625847133
  0.84438103121798092  0.85552264133048828  0.86775838067898947  0.87817785361230249
  0.88781669515720540  0.89783474931408747  0.90861051808854154  0.91888488470098428
  0.92857030696275789  0.93905162982567880  0.94984021942447006  0.96058963593045910
  0.97105384481811641  0.98127674558813238  0.99100818272503133  1.00000000000000000
 -0.00210811244524553  0.00884976499053874  0.01676334468405891  0.02417021100806865
  0.03169224013748301  0.03953324457435019  0.04768438916795868  0.05570726892786907
  0.06320587542564268  0.07029940567865191  0.07719101825385448  0.08462992572404493
  0.09387508894177314  0.10453509330710131  0.11439490774081421  0.12438161153423191
  0.13470000324213319  0.14479881272619219  0.15468328166661394  0.16462998606594575
  0.17514342821684598  0.18663182682269822  0.19883155426602236  0.21136486723177628
  0.22337325620456563  0.23500856175527948  0.24715097314607734  0.25982423337522248
  0.27270525756841907  0.28579509629625877  0.29845860466030089  0.31098379315567914
  0.32357109811897139  0.33640323472259509  0.34986089986974878  0.36293621184236963
  0.37572524741953645  0.38826139298446855  0.40120246829403899  0.41310147795282659
  0.42409141568823616  0.43481955105922210  0.44652205076095119  0.45954556992664691
  0.47005889258315636  0.48031204572298575  0.49122506724103149  0.50445441219142717
  0.51876574800500830  0.53244881405605049  0.54680704362219046  0.56112802068626899
  0.57560817942504028  0.59010641791445217  0.60452308874385507  0.61600266008551763
  0.62497136684973342  0.63380986434355713  0.64351619907903468  0.65562862809986266
  0.66790496911389474  0.68129223581854848  0.69423886558358916  0.70703368656525811
  0.72039039541730854  0.73440858235206041  0.74736264945148434  0.76009290121732798
  0.77268116770330841  0.78490044509633039  0.79740499305326229  0.81000616028067152
  0.82132590616531953  0.83085506017922783  0.83956677118047385  0.84830305442716381
  0.85732999812952693  0.86636815945627377  0.87503772010810377  0.88409738428846452
  0.89402989719176063  0.90426306710872173  0.91414772412971701  0.92379044692700563
  0.93369149794534323  0.94400532138135229  0.95084131771395131  0.95626912156585531
  0.96191726830736457  0.96731296532598576  0.97225222894430396  0.97572126051916508
  0.98129910289373479  0.98740125373964827  0.99370062686982419  1.00000000000000000
 -0.00251078689116707  0.01192892641130364  0.02286704349316264  0.03326950515392885
  0.04369584099772196  0.05465001828602382  0.06654395490127780  0.07837310641345537
  0.08914033981465110  0.10057672883997935  0.11230933054197059  0.12582648872522664
  0.13810907784583901  0.14986629774826948  0.16014292389653198  0.16978927567050639
  0.17856482012208041  0.18808162683850080  0.19846776253179968  0.20974580005844207
  0.22064168691861405  0.23074850252711523  0.24171929125606281  0.25221527341919509
  0.26398024710117990  0.27546664210372807  0.28709062869407254  0.29745296169283775
  0.30822855884004086  0.31942209282246481  0.33210898749159162  0.34431594288109157
  0.35701438927127377  0.36897891001749716  0.37710706809187011  0.38456403705014586
  0.39180058741238943  0.39930119017756899  0.40677358772919653  0.41351226496945415
  0.42059213392729772  0.42761899087439625  0.43541064520459855  0.44737542789440865
  0.45960616319004255  0.47045977492048685  0.48089869093434867  0.49138640681192269
  0.50218062507941241  0.51290165719177983  0.52295350128430695  0.53269248312045370
  0.54244471246213821  0.55277229562306640  0.56305262992124749  0.57355204864810505
  0.58420700856063534  0.59604183671868616  0.60752358056228917  0.61932172017426856
  0.63134053053457295  0.64220692359244513  0.65167481150326434  0.66104731230899993
  0.67066895816382888  0.68090895071106805  0.69014931485085695  0.70034315991233753
  0.70955899000077993  0.72054602607817952  0.73146649688453347  0.74246252481790243
  0.75310222850733943  0.76393753494533656  0.77428399968865014  0.78500728819981169
  0.79502052553208946  0.80413832335405389  0.81317967599688712  0.82209190310644009
  0.83225133573253585  0.84247422463942645  0.85236535650142398  0.86275865722436984
  0.87382989717763615  0.88541488350915487  0.89729412938663033  0.90851648033491816
  0.91981099446702197  0.93050674020456148  0.94187916761669899  0.95364502760185577
  0.96574510199065000  0.97741883218966508  0.98909431266424874  1.00000000000000000
 -0.00215724143723764  0.00934282770210363  0.01924171294419093  0.03004120781925788
  0.04004312579523345  0.05053520453382915  0.06014840028409103  0.06981520793468571
  0.07788412628730129  0.08499466248446155  0.09194679836881317  0.09914218186470951
  0.10808590869803378  0.11900689983563482  0.13047113510826328  0.14154252759199498
  0.15298475474299394  0.16566296864984417  0.17883219326376509  0.19008132762604443
  0.20083894665123025  0.21035331168948904  0.22031892153510685  0.23061134376629042
  0.24231473078345317  0.25423060270802178  0.26565522918733292  0.27703232348279716
  0.28802066375972402  0.29929000581962373  0.30973510325595938  0.31974821427743383
  0.32947415326156820  0.33984888002549113  0.35002782241791153  0.36008410497140575
  0.37037226516215632  0.38136900197620299  0.39326238111293660  0.40484577378365622
  0.41729768227830483  0.42982261796719357  0.44202885419988641  0.45384227577903485
  0.46713256973482803  0.47920703671584469  0.48645558232302866  0.49245213212035943
  0.49856467399464932  0.50451126364544274  0.51043262981367776  0.52045764270718953
  0.53126609924388934  0.54129974331039232  0.55045775112929174  0.55930421739080083
  0.56876247205358343  0.57861608544865639  0.58862708123455443  0.59929636290582178
  0.61032942135656265  0.62104165285982293  0.63199479990492835  0.64322425915993087
  0.65526076502853736  0.66798803665043649  0.68019009730408908  0.69172209565134335
  0.70265575107664235  0.71395827320204097  0.72578880962913339  0.73810676293517885
  0.75036578394736930  0.76094871009986431  0.76950404589526589  0.77831400582581456
  0.78797303782696215  0.79989466127662356  0.81304720304363343  0.82568055473685598
  0.83783932904575675  0.84964283408621610  0.86184847163105083  0.87380855962631854
  0.88542631288923357  0.89662319886473574  0.90747614208798022  0.91814906225511073
  0.92857873645373423  0.93910689507678236  0.94991756421400120  0.96023949882391413
  0.97026988289662597  0.97991090733190622  0.98999999552339246  1.00000000000000000
  0.00001573336439260  0.00018454761807379  0.00041171474002395  0.00064895262091190
  0.00076960073822464  0.00089612003735923  0.00102280712726597  0.00115017590567854
  0.00128209127070063  0.00142112065735564  0.00156489392755641  0.00171077644483611
  0.00185785374868454  0.00200459738263849  0.00214318683889075  0.00228106020133239
  0.00242165223712064  0.00256726586687946  0.00272279989398382  0.00287804215295861
  0.00303117779341634  0.00318621438279935  0.00334934804073443  0.00350642874638455
  0.00366525681767223  0.00383577080941919  0.00401248161093508  0.00417437898465003
  0.00434259577431706  0.00451918469827805  0.00471126863134520  0.00495802006017618
  0.00517439827630442  0.00536263595729210  0.00555059655291892  0.00572506373877490
  0.00590487149469348  0.00608264503260199  0.00627382398083356  0.00647390253549966
  0.00667617193474394  0.00689929967284001  0.00718287815565346  0.00737996685555717
  0.00759431092755179  0.00780675314228289  0.00801323891658706  0.00828177196907204
  0.00857446519659230  0.00893676455969899  0.00921687820953731  0.00941335377347342
  0.00961849544337309  0.00982896450595371  0.01005117166389732  0.01028535244510031
  0.01054298132346294  0.01087083786584284  0.01114421421227539  0.01137577102629710
  0.01157118297273692  0.01177221933954069  0.01200459456034305  0.01223897298724013
  0.01255482374166609  0.01297724783106765  0.01359494881177014  0.01420027029011664
  0.01499519572853479  0.01543741154662173  0.01587294727178906  0.01633382452670103
  0.01673785553220468  0.01730310919565212  0.01791547892438938  0.01835567209600566
  0.01976449482120186  0.02056902866223991  0.02136097104688206  0.02247809512088750
  0.02325810914797077  0.02391019211233275  0.02449681166100156  0.02564534961947642
  0.02712591243483316  0.02803811316776908  0.02874401603388585  0.02944839249714276
  0.03015009056602880  0.03114888297097267  0.03308945347082704  0.03555418400594436
  0.04043496597055675  0.04504287424295792  0.10105256833430433  1.00000000000000000
 -0.00189111760793360  0.00986566825590778  0.02008731091562692  0.03024313084340130
  0.04096243152480333  0.05244233085868458  0.06283853098681742  0.07300858511113567
  0.08339793443071268  0.09373575773646113  0.10354608228850809  0.11247182934885394
  0.12141448653793303  0.13120075182088503  0.14183564542310728  0.15178526146591353
  0.15916213968290432  0.16519104757441527  0.17087248389346837  0.17648988991468872
  0.18265023865672145  0.19111284521640720  0.20252643759286404  0.21328348018829757
  0.22419562929971221  0.23517975953363554  0.24570875923868080  0.25525252202177684
  0.26472220383031797  0.27472751834884324  0.28594421832879530  0.29691633174656296
  0.30768291130488118  0.31830838262924083  0.32976897346680650  0.34149980893960374
  0.35386740928237181  0.36634292526111745  0.37776947221787605  0.38841234259781082
  0.39910669879636396  0.40895139685407811  0.41794839340708873  0.42713556724217550
  0.43619263040310324  0.44723323003588356  0.46026977901934596  0.47438999463872983
  0.48884683934160267  0.50357326831673332  0.51785385568023379  0.53094667682632202
  0.54417469731241641  0.55729949313298854  0.56979299972224318  0.58184323097172808
  0.59395604806021096  0.60672703219243873  0.62000613346365796  0.63093462220903329
  0.64107676544243986  0.65081941281250144  0.65962859481015723  0.66937709129350342
  0.67938499171244549  0.68999618299143528  0.70103957808261042  0.71214421088330371
  0.72274998384892986  0.73226827105191372  0.74159145970444551  0.75053246890390435
  0.75955112599765973  0.76907935931434013  0.77885876479419403  0.78934652579704601
  0.80013687193814509  0.81094470048120393  0.82163505551024218  0.83150414909909931
  0.84087558081561786  0.85001588348046753  0.86005220770064161  0.87047584722956239
  0.88104319629217909  0.89077907031298309  0.90056162713248589  0.91096320090355576
  0.92175838020580525  0.93361299044108548  0.94502349337009339  0.95552520302166977
  0.96594320549478596  0.97617131771158305  0.98795447148646021  1.00000000000000000
  0.76779870729960664  0.77641532256688706  0.79068310920293805  0.79509938004407477
  0.79848218445283392  0.80227623745031984  0.80716532396318730  0.81226124014543932
  0.81595660643702772  0.81901841703585365  0.82243129167395590  0.82609883167198395
  0.82989361571513598  0.83314430805245487  0.83630403208478743  0.83939652912601426
  0.84256079287632246  0.84517231020079364  0.84775492580446554  0.85047018381534600
  0.85374508970622609  0.85709163282755485  0.86023698877521737  0.86326782568188809
  0.86603299183991389  0.86896197212458348  0.87185565391900210  0.87465519983534945
  0.87711015591642394  0.87947012634407207  0.88189480084793548  0.88440160818243274
  0.88687317457065584  0.88926573140649900  0.89166226571290874  0.89404890876230403
  0.89643294494404990  0.89872748082011378  0.90109264050390392  0.90346176761492403
  0.90572418284631051  0.90785777300206449  0.90991599740536233  0.91211839401818984
  0.91435648920326318  0.91662262368640135  0.91866510572481086  0.92067394285457638
  0.92270584614648288  0.92474086909834508  0.92684201314414005  0.92890028427510885
  0.93089276922475839  0.93281543742051132  0.93458574621147783  0.93633810794191619
  0.93811740706549640  0.93982987188460676  0.94163070017748851  0.94345598379901252
  0.94524248297410907  0.94695287361411717  0.94852387944078187  0.94994145256831397
  0.95138229415965925  0.95281338745695499  0.95425889621951809  0.95583928803788942
  0.95735314273970351  0.95891142195603796  0.96051467014737313  0.96203281874155289
  0.96346219798401844  0.96486270928253182  0.96631011319618942  0.96795612641440332
  0.96967941158488968  0.97145351483585884  0.97317772715568562  0.97483790596796649
  0.97648451925330426  0.97812716679833345  0.97968714583728511  0.98092132438918944
  0.98212556890808311  0.98331475187425865  0.98455478783069994  0.98580374692794515
  0.98719862317956353  0.98873569079916535  0.99036815015064961  0.99212701524686775
  0.99391795877145039  0.99577986434380716  0.99786994015428843  1.00000000000000000
 -0.00489258635646191  0.12174925017183105  0.15884450003981943  0.18381869798324904
  0.19983978682418727  0.21273545398671947  0.22469289734904307  0.23675979477037304
  0.24807646005951248  0.25887772710656382  0.26953396707656879  0.27972451411377230
  0.28907245438963314  0.29746471619664039  0.30527778672940020  0.31254856852497559
  0.31944023223790841  0.32593205588118362  0.33309945390300377  0.33999942355871987
  0.34697023958133660  0.35382166920783709  0.36134213034480805  0.36920950371189537
  0.37700721515154545  0.38431045636054806  0.39150221994234258  0.39860986899741935
  0.40518527500062268  0.41130579300194725  0.41713359505679204  0.42257810071103374
  0.42866477105576029  0.43465568815920530  0.44055924228331333  0.44626445874959925
  0.45181490456842843  0.45767917401670000  0.46336957714939386  0.46918959296981416
  0.47514748435693599  0.48125669090037898  0.48774959909479110  0.49390926446639116
  0.50008705337872905  0.50604816845627443  0.51165675900110763  0.51720948077877493
  0.52263964672272378  0.52824669939759594  0.53396492749163471  0.53925899393135412
  0.54430982514274207  0.54912097957679185  0.55319772730902950  0.55733235237660650
  0.56167585908623208  0.56583448564652827  0.56964980707722002  0.57354886709405961
  0.57755940017746499  0.58157712038184461  0.58785380214587934  0.59520401401945799
  0.60229052672255901  0.60937798224846862  0.61620696267149988  0.62271847047523243
  0.62920578876784983  0.63611422274072849  0.64237312568642269  0.64830987563105447
  0.65385305880168954  0.65914000338871737  0.66545267589816715  0.67161203024908889
  0.67791341448381048  0.68428586983929263  0.69108972702900562  0.69843169044682529
  0.70607084576485535  0.71431120428050121  0.72280091219646991  0.73170812680577146
  0.74143255506289607  0.75185574893595875  0.76205711461960346  0.77171624919433301
  0.78157576584969723  0.79259169229217596  0.80518450306523648  0.81977292212786834
  0.83749319352984297  0.86119994174219339  0.89766030946927189  1.00000000000000000
   1.2758610605530404E-005  -1.0000000000000000     
 F F F F F F F F F F F F F F F F F F F F F F F F F F F F F F F F F F F F F F F F F F F F F F F F F F F F F F F F F F F F F F F F F F F F F F F F F F F F F F F F F F F F F F F F F F F F F F F F F F F F F F F F F F F F F F F F F F F F F F F F F F F F F F F F F F F F F F F F F F F F F F F F F F F F F F F F F F F F F F F F F F F F F F F F F F F F F F F F F F F F F F F F F F F F F F F F F F F F F F F F F F F F F F F F F F F F F F F F F F F F F F F F F F F F F F F F F F F F F F F F F F F F F F F F F F F F F F F F
  <DiscreteSampler_grid>
  grouped_processes
  1 # 1 for a reference and 2 for a running grid.
  10 # Attribute 'min_bin_probing_points' of the grid.
  1 # Attribute 'grid_mode' of the grid. 1=='default',2=='initialization'
  0.0000000000000000 # Attribute 'small_contrib_threshold' of the grid.
  0.5000000000000000 # Attribute 'damping_power' of the grid.
 # binID   n_entries weight   weight_sqr   abs_weight
    13   10   1.939916852608348E-001   2.783141201146502E-001   1.939916852608348E-001
    16   10   2.494515595200962E-001   4.627614100065479E-001   2.494515595200962E-001
    22   10   1.931719321103887E-001   2.659788243845659E-001   1.931719321103887E-001
    25   10   2.466088461389098E-001   4.309093889079906E-001   2.466088461389098E-001
  </DiscreteSampler_grid>
