  0.00000011242862154  0.00000013538981993  0.00000015306920518  0.00000015900907985
  0.00000016718842648  0.00000017883785342  0.00000018897891100  0.00000019786359777
  0.00000020726158634  0.00000021592735885  0.00000022382308058  0.00000023259073802
  0.00000024240944689  0.00000025381790719  0.00000026594192736  0.00000027850611037
  0.00000029243725103  0.00000030807483966  0.00000032544163170  0.00000034468741602
  0.00000036362159140  0.00000038148443218  0.00000039912987835  0.00000041884006877
  0.00000044287670121  0.00000046766137545  0.00000049160441551  0.00000051559181090
  0.00000053960077772  0.00000056585720935  0.00000059289353463  0.00000062312486003
  0.00000065828534925  0.00000069516563361  0.00000073130699497  0.00000076429787513
  0.00000079616835710  0.00000082781007294  0.00000086426666219  0.00000090633551941
  0.00000096204407911  0.00000102506016932  0.00000108064766854  0.00000114291880655
  0.00000120792260922  0.00000127556670926  0.00000134475186023  0.00000141513371978
  0.00000148438861681  0.00000155743221018  0.00000163149115034  0.00000173516933792
  0.00000183726085053  0.00000194078188607  0.00000205298843965  0.00000217286607753
  0.00000229658929864  0.00000247361654894  0.00000267028827916  0.00000288790441297
  0.00000311838155041  0.00000334590898798  0.00000361306456392  0.00000389615428868
  0.00000419945104575  0.00000452418124779  0.00000485155744037  0.00000521996057217
  0.00000563423524172  0.00000609575512938  0.00000662305849597  0.00000724158267552
  0.00000797881129486  0.00000882816055015  0.00000978442740759  0.00001095681637786
  0.00001239545971965  0.00001389239367032  0.00001556577395302  0.00001750846279120
  0.00002003894817966  0.00002316365993202  0.00002675392238518  0.00003093962955318
  0.00003591256332826  0.00004178548349854  0.00005140825196126  0.00006389148790656
  0.00008006505662866  0.00010391398984435  0.00014635697591788  0.00021021229369634
  0.00034772540206389  0.00088351667205811  0.10275193205099764  1.00000000000000000
  0.00000046662774063  0.00000052270316915  0.00000063057374488  0.00000075860261604
  0.00000087275919666  0.00000101595112554  0.00000118783306231  0.00000139872364933
  0.00000159690519109  0.00000179138865542  0.00000199264788707  0.00000223372781158
  0.00000249013680703  0.00000278118837582  0.00000312233540462  0.00000342911349396
  0.00000380030541724  0.00000420212989203  0.00000473028959685  0.00000539534821916
  0.00000606849348113  0.00000670976673147  0.00000733347784320  0.00000794963447283
  0.00000864610580830  0.00000944399983748  0.00001028960913366  0.00001114384657211
  0.00001206226677440  0.00001295334034788  0.00001399685282475  0.00001506202418421
  0.00001617167624701  0.00001729348259360  0.00001843302928679  0.00001963668449199
  0.00002092803902444  0.00002226265290333  0.00002365709081536  0.00002505392654708
  0.00002648149202168  0.00002802428400935  0.00002979339774512  0.00003175721868230
  0.00003371820735181  0.00003579280077906  0.00003800363546713  0.00004035626524511
  0.00004303454026804  0.00004599029612969  0.00004871598257381  0.00005139464658896
  0.00005413423919565  0.00005674294650695  0.00005971365556491  0.00006291068856509
  0.00006645830512023  0.00007022778835041  0.00007439848163314  0.00007886693758535
  0.00008362401502759  0.00008894203683943  0.00009510370477428  0.00010194763771664
  0.00010917719945853  0.00011718884824155  0.00012530283227149  0.00013543831708080
  0.00014718588237741  0.00015846489865674  0.00016885850806935  0.00017948909854497
  0.00019201420784388  0.00020707708009116  0.00022389449345747  0.00024219487296224
  0.00026250164400111  0.00028814085406755  0.00032033099174911  0.00035212836904800
  0.00038242380522439  0.00041610977879137  0.00045176815317006  0.00049183331359317
  0.00054033296393707  0.00059746709147409  0.00070183766079885  0.00084114903009555
  0.00101235763847341  0.00120706353964634  0.00149602725314841  0.00194240306637644
  0.00274844979197064  0.00452353076425950  0.11901181352892096  1.00000000000000000
  0.00000165140551925  0.00000167709179910  0.00000170277807895  0.00000173039635636
  0.00000175848894625  0.00000180030018291  0.00000186313194335  0.00000193014407679
  0.00000198963619034  0.00000204157744002  0.00000208480741594  0.00000214134017643
  0.00000221487256182  0.00000230249370501  0.00000239918180457  0.00000250883949699
  0.00000263247828857  0.00000276278001957  0.00000289590070006  0.00000303079508660
  0.00000316924876373  0.00000331978283646  0.00000348996773333  0.00000368984366062
  0.00000388804699316  0.00000409861162439  0.00000431909462117  0.00000453546071966
  0.00000477887259630  0.00000504535391434  0.00000532156940714  0.00000564146564564
  0.00000601531485900  0.00000642327858694  0.00000684170788735  0.00000727223741656
  0.00000774802012022  0.00000827848137718  0.00000888012677082  0.00000953746569655
  0.00001022025770823  0.00001104602610247  0.00001190823427889  0.00001285153595021
  0.00001378250441764  0.00001478421726246  0.00001590198459796  0.00001708011569129
  0.00001849178151116  0.00001989781950510  0.00002149181300379  0.00002323926879629
  0.00002524503468331  0.00002757131262919  0.00003013468096335  0.00003282445528785
  0.00003560064073355  0.00003848591612924  0.00004153347398863  0.00004481010167868
  0.00004821235530040  0.00005200738745530  0.00005621512930105  0.00006072602781282
  0.00006529573023001  0.00007155174276778  0.00007871676010334  0.00008657503258879
  0.00009447510199233  0.00010258606940544  0.00011154640317598  0.00012199689015397
  0.00013494892973586  0.00015086722146938  0.00016703613290494  0.00018596096127967
  0.00020952665815477  0.00023523641056249  0.00026259131338090  0.00029149360752945
  0.00032114221266167  0.00035347808320111  0.00039586416785102  0.00045309146649721
  0.00048537731605306  0.00052428049913104  0.00056707187980025  0.00060823357524732
  0.00063850606173775  0.00066643611583614  0.00071649869547963  0.00088694634222295
  0.00119189367882662  0.00157926202203947  0.10776041455519514  1.00000000000000000
  0.00000153164950501  0.00000157251118042  0.00000161521491990  0.00000165737985591
  0.00000169773949719  0.00000174069394592  0.00000178443516000  0.00000183017684848
  0.00000187764767344  0.00000192635043634  0.00000198257473741  0.00000204344906214
  0.00000211148959453  0.00000219194230543  0.00000227491124477  0.00000235707984103
  0.00000242801559107  0.00000251543785253  0.00000260932774504  0.00000270152865596
  0.00000279323610733  0.00000288973234081  0.00000299204920509  0.00000309480314376
  0.00000320149451080  0.00000331768132331  0.00000345060023000  0.00000360967154568
  0.00000376906422140  0.00000391831643029  0.00000406886535691  0.00000423061236136
  0.00000440717577563  0.00000460455294846  0.00000482182755466  0.00000504294243137
  0.00000525330465812  0.00000545829139046  0.00000568335617013  0.00000592393385321
  0.00000616438736405  0.00000642566917711  0.00000673897760302  0.00000703794478911
  0.00000734459547386  0.00000768017052105  0.00000805066877608  0.00000845161175707
  0.00000891764542505  0.00000944098181140  0.00000997955552982  0.00001054443508016
  0.00001114064624372  0.00001176487102412  0.00001241818551071  0.00001311610114013
  0.00001382840687937  0.00001465206128802  0.00001564261702376  0.00001671727059870
  0.00001790865731296  0.00001915381999784  0.00002050380673915  0.00002189200533789
  0.00002346860562818  0.00002524259090470  0.00002687530343127  0.00002839833481748
  0.00002993002362052  0.00003162456843393  0.00003364203834135  0.00003602477786416
  0.00003853607076774  0.00004091810186818  0.00004356459073198  0.00004679795516551
  0.00005044419004181  0.00005524163443890  0.00006117252717578  0.00006879591326162
  0.00007683240305340  0.00008614754236538  0.00009754958409342  0.00011217506685610
  0.00013104661554563  0.00015235240179070  0.00017835661831856  0.00021334129394583
  0.00026902584237518  0.00036112432149429  0.00050178093756921  0.00068446395370241
  0.00095616458279186  0.00180669738308038  0.12516621917693971  1.00000000000000000
 -0.00234602207523291  0.00856767124052281  0.01881507145349228  0.02862040456698284
  0.03941121528843095  0.04955588120053452  0.05915691293275777  0.06842784431911296
  0.07804434042459453  0.08826672419120105  0.09851559324011443  0.10939192591095859
  0.12133502390210266  0.13372249275387446  0.14563896713450253  0.15602614334201714
  0.16576404386691024  0.17514501359794810  0.18489281428432566  0.19413214616041399
  0.20285431394998116  0.21245611924320645  0.22323574488843945  0.23433957301042499
  0.24601538397191203  0.25723884324273832  0.26811160417299124  0.27959810390234335
  0.29130213673656413  0.30264722054264015  0.31222639168952976  0.32134306641271188
  0.33033307317901728  0.33990736066239169  0.34988735559394613  0.35997065694227776
  0.37066092205896239  0.38287571117474312  0.39532097435129199  0.40654991557753956
  0.41682911235884029  0.42732728882555043  0.43881998851787957  0.44984797025709644
  0.46048978927185341  0.47056204508058974  0.47852928812984996  0.48679842089741421
  0.49567098066683402  0.50481898831548255  0.51373901055969873  0.52259999681880831
  0.53159514124980267  0.54108710676609895  0.55112226856048141  0.56097447729778860
  0.57050727842932591  0.58010254180160103  0.58890174477829182  0.59798117980065646
  0.60757234299054830  0.61782139757283183  0.62880749486123111  0.64039341104444081
  0.65235780634585949  0.66486674035064453  0.67598292692326045  0.68629431717501033
  0.69633197411560255  0.70554241608796375  0.71417158972602834  0.72277736218909916
  0.73187501603200289  0.74200781226242929  0.75247001561023408  0.76224091516447223
  0.77186905609749379  0.78164260471275460  0.79182021010108983  0.80310074111743301
  0.81462663248002232  0.82664128582249674  0.83881236356020861  0.85000429725190851
  0.86198405625572239  0.87427039762387404  0.88684014062704308  0.89899328801240186
  0.91164680459840630  0.92425126672246638  0.93644752579628165  0.94856991610846908
  0.96059916252221278  0.97365088371676034  0.98713163999919795  1.00000000000000000
 -0.00309838425367550  0.01181830914654966  0.02377244377217840  0.03552924038773597
  0.04673359961536177  0.05759647626525031  0.06870137667387410  0.08055879393415449
  0.09287528613397189  0.10654497660619466  0.12047334909682353  0.13307290439306688
  0.14385029147137682  0.15450346392463304  0.16479595701466676  0.17444138406832380
  0.18387130214973627  0.19349868981776830  0.20285387657612680  0.21223481511129746
  0.22141608040095209  0.23086661388392768  0.24131644978741915  0.25256869655084280
  0.26492456512943530  0.27664682562287890  0.28737295745345681  0.29760113661846038
  0.30772077930740210  0.31817884001130431  0.32926229247123140  0.34001448536287154
  0.34972142561038005  0.35855382324755353  0.36735003035158259  0.37680270717868802
  0.38669001619044252  0.39748983693351347  0.41031952390635057  0.42407941230903534
  0.43574804009027462  0.44613782855285150  0.45628039095098905  0.46715658715729830
  0.47821967543683258  0.48906290347543768  0.50014324636580865  0.51149831366331333
  0.52377742246375680  0.53471380675024405  0.54478772318941726  0.55450469004563563
  0.56365119828480792  0.57243716827394553  0.58237492304736360  0.59299295955464892
  0.60364472116365375  0.61474581766002501  0.62539652007411040  0.63557364428517282
  0.64643575567395795  0.65715499042219139  0.66756816597412438  0.67738605273978036
  0.68726057541158836  0.69793345971248122  0.70874181595973318  0.71914130679540511
  0.72995502408191615  0.74176604535354040  0.75356914751724724  0.76534454411310826
  0.77726650107791695  0.78822245746426034  0.79896975385288149  0.80902766793862191
  0.81813069507913827  0.82670576721807876  0.83549119627994828  0.84477042897833432
  0.85484132710398719  0.86344435767454131  0.87278338873791206  0.88314946924636528
  0.89409774919472185  0.90407043072374427  0.91274160489807410  0.92179608528243961
  0.93075474506531874  0.93952609210591997  0.94865569419024875  0.95856808958467465
  0.96958264149746931  0.98024742279694654  0.99023611801052980  1.00000000000000000
 -0.00271368933575777  0.01064704157301084  0.02078125064493446  0.03084086378130561
  0.04092461995221831  0.04999670000001917  0.06013720514024538  0.06913397768892024
  0.07837977562037063  0.08665355698433545  0.09538381706675643  0.10392511568397723
  0.11119179354542585  0.11929476064017490  0.12734884111999251  0.13598953058625474
  0.14497332914258346  0.15405364505516253  0.16323721633067143  0.17405366318974030
  0.18482145688501045  0.19503398867769445  0.20559301093370683  0.21694721740222278
  0.23072859223043268  0.24481851937825508  0.25824520085790281  0.27112030376545670
  0.28388579125851476  0.29640923661954105  0.30915921187766127  0.32261192683815965
  0.33632306989962146  0.35018818389141981  0.36490709493462004  0.38011065210287642
  0.39485321188569461  0.40803815274134320  0.42149030951259092  0.43504216025654208
  0.44801154853545339  0.46158004939257219  0.47411835860123680  0.48564684050200457
  0.49701363593682857  0.50901220721756213  0.52145141545081253  0.53198978799361396
  0.54237941736103024  0.55281173051603993  0.56312219018421694  0.57308968876770494
  0.58341345538601685  0.59666202776289612  0.61016112254946309  0.62233108257392400
  0.63337247820310261  0.64504216969969452  0.65699578487461985  0.66868955724466428
  0.68015650575697306  0.69086062106224222  0.70265659004270720  0.71460941957442548
  0.72742930947021212  0.74013088137729910  0.75291826977757992  0.76597589244630493
  0.77921472490692778  0.79210009342306353  0.80282827221696307  0.81257709069749451
  0.82156856449717885  0.82982603333344640  0.83784833154691685  0.84626909212208890
  0.85496297908834895  0.86330328404972123  0.87105115554204027  0.87849332609334385
  0.88674533816028567  0.89552072960944185  0.90458574775943934  0.91361720421072101
  0.92319239185254320  0.93251164113970342  0.94051408255498348  0.94736400594354708
  0.95371148919615223  0.96008044773467383  0.96639601115614027  0.97277239335324328
  0.97983516297532414  0.98662741638127816  0.99320967147355854  1.00000000000000000
 -0.00197875136236811  0.00824931452593803  0.01847562847182085  0.02894689639265427
  0.04038681185139086  0.05195297974542648  0.06362254704444298  0.07553480930320255
  0.08555911551407970  0.09377884077659264  0.10215074593178584  0.11089939733924545
  0.11975674116586568  0.12805338572721081  0.13547978871916327  0.14258708297674233
  0.15002632105071670  0.15867512909418846  0.16766571264496205  0.17776331496591691
  0.18904007816325671  0.20106813593062245  0.21225488306987761  0.22280538044343534
  0.23340197958834671  0.24454121097673800  0.25578159964049790  0.26558306720089847
  0.27427341313370851  0.28299267543675410  0.29126154177544439  0.30062893860520878
  0.31060225109478179  0.32070106170116913  0.33108093161379964  0.34209293491078768
  0.35333354801633421  0.36436839092238427  0.37547652110336094  0.38731520845772321
  0.39979537301984597  0.41136075325046018  0.42118586040130118  0.42987675175392143
  0.43811131664303493  0.44663808281452982  0.45668056164907495  0.46894718356176923
  0.48180215636051438  0.49485547780351896  0.50755208082201009  0.51922487898766412
  0.53016658750567502  0.54104842058426428  0.55266903347303031  0.56360008798120009
  0.57316966355299559  0.58247633333471527  0.59218667957317384  0.60319026449919555
  0.61524984029697283  0.62742536987925401  0.63927288847256358  0.65089636662480876
  0.66273381200111492  0.67451730612369909  0.68542194367387177  0.69554661203823986
  0.70569530968054128  0.71694463599716451  0.72797957149911241  0.73789924347500380
  0.74730546588195335  0.75647510153604214  0.76558160108158546  0.77488422735798945
  0.78474977554441017  0.79515240958627598  0.80578825584693936  0.81703508910354594
  0.82866111928001884  0.83961750282223624  0.85061336104275731  0.86086698527129379
  0.87007267483353712  0.87923092617677945  0.88892551233581618  0.89983484245763012
  0.91231368749889041  0.92470657434874659  0.93754255368447204  0.95012360260172013
  0.96255003748981272  0.97469368570598525  0.98668366384598627  1.00000000000000000
 -0.00201781297215536  0.00853844268364722  0.01810826204301406  0.02964965921595647
  0.04075920151752055  0.05245244344602916  0.06418736577736631  0.07560128738687080
  0.08701127231537931  0.09989205384984413  0.11195229131070875  0.12388432166844071
  0.13656091624937852  0.14799053360306824  0.15727863354918914  0.16613922128134651
  0.17516734888175517  0.18424520017368731  0.19415074428895876  0.20367038218439393
  0.21476498584650736  0.22811515747177183  0.23902771038644677  0.25009622049752278
  0.26077065750104589  0.27120872439215704  0.28114975388651486  0.29103190169126408
  0.30062830661708873  0.31126351321174045  0.32177448590862417  0.33265796805035625
  0.34315725622364895  0.35302991717562726  0.36237148684229203  0.37183596444090650
  0.38155484016664948  0.39098950590855563  0.40058630101276899  0.41066245621786335
  0.42110068988572447  0.43222984021148764  0.44517020169820959  0.45977933913795477
  0.47327643398353914  0.48423052323997051  0.49388171727187569  0.50298694410601730
  0.51241681364340030  0.52324158176412350  0.53335270880086050  0.54262823854094389
  0.55186257355573520  0.56140219263338786  0.57360601744873663  0.58613594965229487
  0.59896926234193992  0.60948554936472787  0.61965721977116495  0.62974439767535850
  0.64094611846446925  0.65175348171815817  0.66276417304457358  0.67355071559400892
  0.68333027977869243  0.69190264654441480  0.69933346409138031  0.70752633686098954
  0.71696645069778919  0.72669719119284537  0.73695693011236130  0.74642636856359712
  0.75680083665457953  0.76813869318270644  0.77998146611832653  0.79189214095697147
  0.80302900105679020  0.81324443547685754  0.82306076172694453  0.83318620699146140
  0.84365770564721754  0.85434586636972398  0.86521741344517922  0.87557185957920491
  0.88450574378912816  0.89256590434489746  0.90020834759278912  0.90891633644351777
  0.91886026837907897  0.93047805060681332  0.94199299610035137  0.95305236182316555
  0.96390245318331291  0.97583576875313871  0.98780424125518851  1.00000000000000000
 -0.00009185726740431 -0.00000441407996379  0.00012026122347881  0.00038439296061867
  0.00057721123256091  0.00067177747106070  0.00076868392123750  0.00086725284705163
  0.00096473305351167  0.00106192135093008  0.00115770029364970  0.00125308945902285
  0.00134738427512696  0.00144497637129860  0.00154647680638072  0.00164828699597220
  0.00175014080136276  0.00185150567871614  0.00194619508484671  0.00202963025890798
  0.00211412397002888  0.00220113749256879  0.00228877414606637  0.00237782916634297
  0.00247474775386052  0.00258562690775597  0.00270869614163139  0.00283478554356516
  0.00296061986979577  0.00308406707316488  0.00320422181224803  0.00330063510712032
  0.00340867384611219  0.00351961250400596  0.00362223183823909  0.00370422479807994
  0.00378625835909332  0.00386846809443124  0.00395006473459763  0.00403021223420965
  0.00412284025402472  0.00423768297607746  0.00434629799626835  0.00446786576829637
  0.00459212984132434  0.00472088348653325  0.00489664408995971  0.00502818359403951
  0.00516096175242386  0.00529714299871301  0.00542558665000729  0.00554940959466955
  0.00566764493276822  0.00578457896149085  0.00590231777728325  0.00602017747566588
  0.00614568162267913  0.00627345218296181  0.00648190133422766  0.00673286325978187
  0.00704259507300337  0.00734168285333478  0.00758361845207980  0.00781403979689903
  0.00803045398835197  0.00821556666074220  0.00840561645871948  0.00862429616743873
  0.00885849490631176  0.00912820040422213  0.00942224661199705  0.00969719039045223
  0.00998810183115611  0.01031186432682080  0.01082734917912317  0.01165525729085412
  0.01194673828265430  0.01220002046675602  0.01245125357021667  0.01272749367033559
  0.01307208880550640  0.01353299810578589  0.01401317901462852  0.01454531228788238
  0.01564931604930845  0.01867892293646514  0.01930310614252643  0.01994016007592265
  0.02051543869331797  0.02134896838654013  0.02480804552951450  0.02507566742612254
  0.02534554134455607  0.02992211635136163  0.30247973942441769  1.00000000000000000
 -0.00248320907233425  0.00891588961336896  0.01893308278300715  0.02859663318732210
  0.03822216855034473  0.04793527986063981  0.05753961198724845  0.06669193064385132
  0.07546765777568312  0.08428745318885814  0.09300262515859474  0.10068108309757109
  0.10804900465978988  0.11619979024971180  0.12574846018618033  0.13704581278870479
  0.14832642019425915  0.15936327101500422  0.16995596506728458  0.18045283100255244
  0.19121941082345417  0.20211636551144119  0.21288764050646966  0.22299012285693734
  0.23367873435101461  0.24465260289560353  0.25636413299362409  0.26843143721914997
  0.27940636670494945  0.29008882361003435  0.30021253651903845  0.31060851154188496
  0.32178241388434115  0.33267942920680305  0.34398857412423645  0.35380859294783157
  0.36644463380678338  0.37759226758053360  0.38994356728557766  0.40235716820994816
  0.41590028935531836  0.42963381898859893  0.44270509422040144  0.45405538496873565
  0.46488979882510240  0.47575828421504751  0.48685021709227144  0.49875279986031390
  0.51145319685644730  0.52526532895618394  0.53879746449349841  0.54990300802999814
  0.55970384291683606  0.56956784647104719  0.57989998136800736  0.59020461827305326
  0.59941790320189858  0.61048361495456871  0.62318837395017956  0.63611304068990293
  0.65013511765772103  0.66432821521686136  0.67746917648231308  0.68920436693195386
  0.69925068577753158  0.70977136171339594  0.72083592681772235  0.73137830158416539
  0.74170925098777474  0.75202331418294444  0.76259157852066051  0.77334879839450010
  0.78349532523675880  0.79298829208120070  0.80256916911559162  0.81223809145113302
  0.82235776501605173  0.83265623023136515  0.84211181718630568  0.85092426080110350
  0.85933754372094417  0.86729687444927883  0.87576979090140350  0.88460533680292652
  0.89437840996606544  0.90357361155948235  0.91210243819872561  0.92097115383612460
  0.93044007162466402  0.94070111958631353  0.94999357957292030  0.95898914249503286
  0.96805564483786377  0.97709864148836756  0.98816343629562420  1.00000000000000000
  0.51234591266871177  0.56733062004910984  0.57552508461670160  0.58366985795586157
  0.59237410295202708  0.60092658680704647  0.60826303169191021  0.61694325428286834
  0.62478080801990010  0.63194088247476055  0.63932159381171239  0.64595712933348448
  0.65213376658714961  0.65843676197214485  0.66664341518440640  0.67412897484255307
  0.67917033597700749  0.68357349645196630  0.68756245191674903  0.69229892405722571
  0.69738281983817552  0.70282351898729278  0.70814353217292259  0.71366075780998428
  0.71903352492852179  0.72417007900894037  0.72900701123227063  0.73369767208384284
  0.73857161017491990  0.74361665479979078  0.74867681497036187  0.75422652884686570
  0.76023501493576351  0.76620331410800357  0.77174649968354136  0.77729124083533752
  0.78241465547717992  0.78697650592660007  0.79116760077140691  0.79545818853666872
  0.80004863535055537  0.80475284666843594  0.80932942695105126  0.81351085853562943
  0.81739831104188165  0.82115282193292694  0.82503085805900589  0.82919093347280304
  0.83332151893755313  0.83754879473994170  0.84166561437251763  0.84583710580052607
  0.85028806597549411  0.85489590671473525  0.85953887347271085  0.86417947717480903
  0.86879954698577444  0.87355846107709845  0.87825655134866532  0.88279049428463796
  0.88671931148923933  0.89048329857631636  0.89410638903429573  0.89763835451375862
  0.90124245492711197  0.90499102149669985  0.90841774115332741  0.91177364091826529
  0.91512276075710020  0.91857402010416978  0.92218978794357065  0.92566246755821024
  0.92885290912384955  0.93200617102792505  0.93521367728731553  0.93843551496843947
  0.94170997822188218  0.94501652149064186  0.94835311942713485  0.95156308257116107
  0.95447915989944421  0.95688754646325880  0.95928363840418751  0.96152610600754806
  0.96400256307142751  0.96650451949049643  0.96919004287026256  0.97221302808021615
  0.97535054349534145  0.97847702979752360  0.98171583550053509  0.98501538843753433
  0.98831682578852775  0.99169627846090636  0.99558125038935619  1.00000000000000000
 -0.01313191125090172  0.12617804474047947  0.15257027118673833  0.17483457442283901
  0.19615135799440631  0.21427215927321991  0.22816656899809723  0.23960083095875795
  0.24927989484195315  0.25785862183694974  0.26610981176543452  0.27459125422160802
  0.28365898825185148  0.29378227197147594  0.30288935112221571  0.31117225344021654
  0.31906920009493606  0.32786540326740127  0.33627641366649791  0.34435990945389422
  0.35174547233450143  0.35849813230303518  0.36524455226648950  0.37178811562420588
  0.37806015865518322  0.38351982188248246  0.38898409140279094  0.39449061666476487
  0.40034364069977557  0.40661557115338820  0.41289118528453245  0.41890317593600085
  0.42464249271102661  0.42999325404058181  0.43547939648215606  0.44090259653236680
  0.44663919169083499  0.45222558664811835  0.45795643403031855  0.46327767429954697
  0.46888667223907265  0.47423426737920554  0.47965489999832095  0.48487006335854660
  0.48962855571957309  0.49416737644535030  0.49888339659025854  0.50403192038705413
  0.50951655118450356  0.51489367756082105  0.51993561357166862  0.52553492721086204
  0.53106417909868997  0.53686595723075392  0.54256395857745832  0.54795065184601444
  0.55322394456221546  0.55853307645875350  0.56396438199772392  0.56959401253009978
  0.57561639747573046  0.58133992959818603  0.58728303262626202  0.59365015352041328
  0.60028104572486563  0.60707151682458815  0.61404187114816677  0.62105919879966498
  0.62783861532765739  0.63442074531388293  0.64117288171476960  0.64862959754874139
  0.65695500529212036  0.66556514125795430  0.67404187080665456  0.68225825776289106
  0.69017256651989345  0.69801222937515228  0.70538451373224353  0.71223315881734883
  0.71948011576517135  0.72752396988773260  0.73604961098395538  0.74560549811115595
  0.75580237626127755  0.76629020224175126  0.77601115940213505  0.78576853144666647
  0.79491559201407547  0.80636437243224812  0.82067427367878687  0.83207325510593155
  0.84519888775458951  0.86198048386845272  0.89601802114758544  1.00000000000000000
   2.5522288214464810E-005  -1.0000000000000000     
 F F F F F F F F F F F F F F F F F F F F F F F F F F F F F F F F F F F F F F F F F F F F F F F F F F F F F F F F F F F F F F F F F F F F F F F F F F F F F F F F F F F F F F F F F F F F F F F F F F F F F F F F F F F F F F F F F F F F F F F F F F F F F F F F F F F F F F F F F F F F F F F F F F F F F F F F F F F F F F F F F F F F F F F F F F F F F F F F F F F F F F F F F F F F F F F F F F F F F F F F F F F F F F F F F F F F F F F F F F F F F F F F F F F F F F F F F F F F F F F F F F F F F F F F F F F F F F F F
  <DiscreteSampler_grid>
  grouped_processes
  1 # 1 for a reference and 2 for a running grid.
  10 # Attribute 'min_bin_probing_points' of the grid.
  1 # Attribute 'grid_mode' of the grid. 1=='default',2=='initialization'
  0.0000000000000000 # Attribute 'small_contrib_threshold' of the grid.
  0.5000000000000000 # Attribute 'damping_power' of the grid.
 # binID   n_entries weight   weight_sqr   abs_weight
    13   10   7.077365461689307E-002   1.792441229446362E-002   7.077365461689307E-002
    16   10   2.052272012410226E-002   1.568297860183159E-003   2.052272012410226E-002
    22   10   1.345284121494605E-001   7.398836966385006E-002   1.345284121494605E-001
    25   10   3.067748177304775E-002   3.802493129273282E-003   3.067748177304775E-002
  </DiscreteSampler_grid>
