 -0.00409994662848925  0.01874820285679384  0.03420103324024550  0.04841171050876954
  0.06157786508409309  0.07373198733855572  0.08503616277010986  0.09654806497938770
  0.10759962732078769  0.11795879377546366  0.12841476023789816  0.13970042314752187
  0.15175289725290395  0.16362690640442235  0.17463194107075045  0.18466094123230417
  0.19420685561205070  0.20372273897887072  0.21338623055115333  0.22282856472781210
  0.23276561078362135  0.24387253401038630  0.25559998487881841  0.26756910955369639
  0.27972191383232348  0.29179677346772875  0.30279823336051781  0.31328253325421718
  0.32403009393756416  0.33516173706044067  0.34593328644439192  0.35625324953623533
  0.36670920739277907  0.37758129184196726  0.38880055316740086  0.39987716682027324
  0.41095315082129169  0.42187686173889166  0.43232409933744942  0.44231040872503125
  0.45277079557017408  0.46350071290556333  0.47454803773553189  0.48563155584286838
  0.49657687009734280  0.50710233676682137  0.51755036280499211  0.52796284846169228
  0.53895252288725792  0.54933361134182579  0.56041634956970909  0.57172978828190202
  0.58215069170826472  0.59151374014901903  0.60062202076719984  0.61029585538728837
  0.62147435258103489  0.63286287036258415  0.64426294351358060  0.65599955358222628
  0.66735592144463918  0.67852797250849528  0.68925331264719703  0.70058133870895323
  0.71160611938897611  0.72224233192763465  0.73214914736789938  0.74126912977699655
  0.75012052266791840  0.75914261608449130  0.76866614884090279  0.77802602759461581
  0.78774609526757822  0.79745664052572085  0.80732391478841137  0.81714392569820926
  0.82749804552722828  0.83795708286001103  0.84838310136842465  0.85900521644856953
  0.86837736533844589  0.87751675819327346  0.88653216365493703  0.89652593859807417
  0.90780525213305108  0.91897214294008167  0.92918438415136506  0.93904405079503483
  0.94896183084903418  0.95865727583180438  0.96765424144881407  0.97602450297570664
  0.98423772849476399  0.98984127212500683  0.99505118494761524  1.00000000000000000
  0.00000159955450920  0.00000180130432349  0.00000193288751039  0.00000204376615217
  0.00000217299586267  0.00000229632756900  0.00000241177293470  0.00000251849447439
  0.00000262116599234  0.00000273150143532  0.00000284896523611  0.00000298053728105
  0.00000312292789010  0.00000326841062635  0.00000341963409237  0.00000358863920197
  0.00000378634588766  0.00000397136576694  0.00000416308922410  0.00000435377068508
  0.00000455240196421  0.00000476784735338  0.00000499370938685  0.00000521879986401
  0.00000545803540412  0.00000572525276884  0.00000601104389259  0.00000631238233196
  0.00000663438288296  0.00000698102772285  0.00000735214324345  0.00000773583462919
  0.00000815480948809  0.00000858096049250  0.00000908040790666  0.00000962551186927
  0.00001018938799633  0.00001076457390826  0.00001135752761098  0.00001196126678715
  0.00001270240973136  0.00001345270347634  0.00001424085006442  0.00001504153412214
  0.00001586162579250  0.00001672751201592  0.00001770325165507  0.00001873799086682
  0.00001984646370380  0.00002103082005755  0.00002222112884663  0.00002358904948784
  0.00002512801762350  0.00002684927714638  0.00002864085586617  0.00003040263638672
  0.00003218833737478  0.00003405587390292  0.00003610964891427  0.00003849498428450
  0.00004116792783021  0.00004393099329111  0.00004683070383772  0.00004993013711130
  0.00005374749219268  0.00005841604871816  0.00006354632666642  0.00006892006823337
  0.00007468911155496  0.00008153282016314  0.00009001460837135  0.00010062516275856
  0.00011080661871047  0.00012225058736969  0.00013425702667505  0.00015084403126680
  0.00017052210798851  0.00019390956789395  0.00022099516760864  0.00025510375825358
  0.00029722598769537  0.00034274292876594  0.00038993662186534  0.00044430208581659
  0.00052520153260120  0.00062721443903257  0.00073345704422945  0.00085576002514936
  0.00100000070666321  0.00124537607940276  0.00160184910140000  0.00202001526100904
  0.00247025115521437  0.00339965111166809  0.04322675934318550  1.00000000000000000
  0.00000177352846000  0.00000184033677868  0.00000189994592944  0.00000195938440473
  0.00000201202965875  0.00000207366529166  0.00000216326280380  0.00000225365603037
  0.00000233638655908  0.00000241893934503  0.00000250758149472  0.00000260437543900
  0.00000270331112277  0.00000279979759144  0.00000289946796483  0.00000301070844725
  0.00000312161336096  0.00000324106086718  0.00000336500752487  0.00000349799007320
  0.00000364638760586  0.00000379699401825  0.00000395814067129  0.00000413154718671
  0.00000432662372170  0.00000451842423718  0.00000471407547884  0.00000490625240770
  0.00000511095715384  0.00000531362866800  0.00000553604627111  0.00000577144783283
  0.00000601323673997  0.00000626263055324  0.00000652494333165  0.00000680467310480
  0.00000710196604920  0.00000742620766709  0.00000778833878033  0.00000813910485517
  0.00000848480611385  0.00000887502511368  0.00000930887402821  0.00000977049068822
  0.00001024561197446  0.00001073460753139  0.00001124340800251  0.00001178767668241
  0.00001239868357881  0.00001304696777003  0.00001370522914641  0.00001440367275555
  0.00001519657052496  0.00001601015133473  0.00001684367506302  0.00001779048586169
  0.00001876560697505  0.00001982822079694  0.00002093778703792  0.00002210046150547
  0.00002338490184733  0.00002483125332971  0.00002644160266165  0.00002823177865537
  0.00003014411036378  0.00003203735710778  0.00003410561706502  0.00003620215715440
  0.00003879168766134  0.00004160970846686  0.00004490238015146  0.00004866185986022
  0.00005260421963933  0.00005692193768216  0.00006174728772649  0.00006783900459846
  0.00007556810412362  0.00008352330172375  0.00009163729101364  0.00010167972372923
  0.00011492851997219  0.00013123417935697  0.00015103818678063  0.00017679853850802
  0.00020721616220708  0.00024299328180971  0.00028756616390692  0.00034658794603144
  0.00042283652129393  0.00051596967555120  0.00062972684894634  0.00078458264324921
  0.00107235999994002  0.00177750185716838  0.05179255118211937  1.00000000000000000
  0.00000190238085822  0.00000247454196948  0.00000294485705737  0.00000356018684151
  0.00000403585287318  0.00000447476232217  0.00000489222253627  0.00000530356379590
  0.00000573189094648  0.00000614668336414  0.00000657359209568  0.00000703735611745
  0.00000749237697824  0.00000797731910218  0.00000849263070301  0.00000904882066613
  0.00000963407112915  0.00001025545310082  0.00001093636864810  0.00001165582948338
  0.00001242490963600  0.00001328254862027  0.00001417018027353  0.00001503859131009
  0.00001589974924751  0.00001686816733589  0.00001795191624894  0.00001909623647833
  0.00002032834503029  0.00002169719875408  0.00002311042779950  0.00002477863501838
  0.00002644442116402  0.00002815576318252  0.00002997450194143  0.00003198627691715
  0.00003429179346579  0.00003692556717755  0.00003974726308544  0.00004266081970746
  0.00004602265634993  0.00004956206934162  0.00005335052526967  0.00005749960951756
  0.00006209486377011  0.00006736616786837  0.00007275491386923  0.00007837013563237
  0.00008438705990993  0.00009054750913730  0.00009735135940163  0.00010524497598900
  0.00011437699770193  0.00012459556881176  0.00013505620952501  0.00014643879283512
  0.00015880888563266  0.00017378316474974  0.00019037804309062  0.00020717363765290
  0.00022385722097364  0.00024016720894423  0.00025879117674735  0.00028144134261506
  0.00030774201250014  0.00033603273696145  0.00036585716286328  0.00039779032411896
  0.00043057230486551  0.00046336223305387  0.00049601051505794  0.00052839259420828
  0.00056400644265254  0.00059685282744597  0.00063167801774236  0.00067067386553056
  0.00071693263254369  0.00077705316200277  0.00085302273062792  0.00093296327960925
  0.00101285424334981  0.00110403893178666  0.00120740306907663  0.00135062502647116
  0.00151646109106213  0.00171964634775389  0.00191119735704932  0.00204242692591901
  0.00217330374950490  0.00230384335495434  0.00241642775915482  0.00253538572922171
  0.00277643212779575  0.00314995246585072  0.02117181575918025  1.00000000000000000
 -0.00229519054159790  0.00996532811283437  0.02108853182425487  0.03135754792266968
  0.04232834304198421  0.05384992115151326  0.06654184740767970  0.07872025324722307
  0.09008837039950830  0.10104515911845960  0.11302127797638042  0.12560794391257821
  0.13854177233102000  0.15085956817340726  0.16279500031375954  0.17420492917161345
  0.18570751680289110  0.19746644593588522  0.20763923763257114  0.21808310274536885
  0.22788772708566057  0.23835945292557165  0.24872901576402201  0.25995415912403858
  0.27149986119802488  0.28288959759184745  0.29448911821919255  0.30714106310090988
  0.31929195780063191  0.33041558294585344  0.34179191529127473  0.35348915850586127
  0.36541541857018639  0.37667501913017792  0.38821676957758933  0.39975616602093311
  0.41110245994712574  0.42243937809669158  0.43420491974898628  0.44631774782372058
  0.45721903558454918  0.46735789135647893  0.47758458390835828  0.48894401673925453
  0.50113137079891834  0.51355068960369921  0.52612181246019485  0.53858718881018108
  0.55054346046437797  0.56245340319508330  0.57412637755258666  0.58558586688446135
  0.59718085873455085  0.60888980082093636  0.62061772433609441  0.63218833307847533
  0.64382725210324354  0.65541816099456596  0.66696964626880340  0.67850207891777936
  0.69020576181155691  0.70058509685577464  0.71068986724682137  0.72102286596523790
  0.73198076843461146  0.74250697238137653  0.75212938775803995  0.76155833693918862
  0.77114030204999917  0.78081238367652506  0.79034809780553539  0.79938245523051110
  0.80831091519991549  0.81696009582294105  0.82561966029582712  0.83468813648845019
  0.84379582161448463  0.85296037715942707  0.86248454143372466  0.87175228349969691
  0.88017937351679565  0.88755429983694967  0.89455980517449518  0.90265993861522764
  0.91105289982757809  0.91982849077898199  0.92841499353710621  0.93617153943661202
  0.94368657758479391  0.95101791690162862  0.95848890249102614  0.96639706895641808
  0.97490899759408112  0.98382431551213756  0.99221700916635591  1.00000000000000000
 -0.00207171118920520  0.00844744396962704  0.01787268090782956  0.02839271444796461
  0.03808636251692112  0.04740193558588809  0.05618136545029186  0.06591915021722751
  0.07653284785676086  0.08773006331819236  0.09933041587792155  0.11119473614992335
  0.12323560711810275  0.13415739272910118  0.14371998672027075  0.15402673843710205
  0.16457564628065580  0.17567037913623693  0.18563328863774425  0.19615506337145672
  0.20691055850228360  0.21795526844493163  0.22891973158411918  0.23998723742782133
  0.24934277945817923  0.25836741233674382  0.26772431672997854  0.27841122493247611
  0.28984221234703966  0.30033613870943948  0.31054489935375795  0.32058699587048262
  0.33106243867843244  0.34148658504211743  0.35143555503746909  0.36195694846929916
  0.37211932020697397  0.38256619004467352  0.39270503513561061  0.40346504057788274
  0.41505697192257573  0.42738190745944415  0.44067512471998627  0.45389070868789638
  0.46532835359093688  0.47548630081453669  0.48496067403549825  0.49496320234323132
  0.50563059888340267  0.51727321819862138  0.52883439164211954  0.54049741155480324
  0.55198990256324232  0.56385535554306165  0.57619886597661807  0.58771788145543935
  0.59863901400909880  0.60972504934378591  0.62101550999783417  0.63194853242811078
  0.64284040741281556  0.65466824327163409  0.66591743594904673  0.67701992437829939
  0.68790130088982104  0.69993585753000664  0.71015549379124954  0.72043706850213063
  0.73075406531023912  0.74184538016021528  0.75308611060933195  0.76370426084225906
  0.77417805879452684  0.78486644153638208  0.79574869880958132  0.80621196935014527
  0.81591889289177710  0.82507729792633067  0.83396324399197785  0.84172606516434767
  0.84963337971368891  0.85704294488202493  0.86591055001945882  0.87558109837843900
  0.88537841643110704  0.89530865616712918  0.90518197202450246  0.91515563578125936
  0.92566904691247665  0.93615869563340581  0.94629275320940642  0.95612254194153390
  0.96632878407483214  0.97777512568351810  0.98912643858981364  1.00000000000000000
 -0.00233933921143206  0.00992358072710643  0.02101508412535409  0.03223256657947849
  0.04440256077220818  0.05736881979735725  0.06963132438320231  0.08048540572183030
  0.09069979837182887  0.10080470569979766  0.11091680382971505  0.12074247791684010
  0.13132343540350214  0.14291079754623159  0.15550466094169205  0.16864882657363983
  0.18027584347299463  0.19057653662298066  0.20029575379900466  0.21091128170017298
  0.22206828821753974  0.23245598802479850  0.24213477626597110  0.25141271997961551
  0.26132732931990577  0.27156170779787830  0.28245964485557346  0.29427441843923202
  0.30656853319608290  0.31757639144121658  0.32794806795382830  0.33700269559116985
  0.34724302933488338  0.35748067661240424  0.36804267825611758  0.37805234659901449
  0.38834298627495739  0.39929342442629878  0.41097002981993441  0.42227322349833629
  0.43294264154866691  0.44318612203632707  0.45298885114909027  0.46351195035885417
  0.47445063217834016  0.48506475796081888  0.49533222761161855  0.50572859430120254
  0.51619987730989303  0.52740533037762949  0.53830654672163258  0.54817575216045056
  0.55681172002047541  0.56558756414139399  0.57495115087854975  0.58519081847575327
  0.59540716145826567  0.60633304833194546  0.61744111741969998  0.62824481258514298
  0.63861973804895023  0.64888357027108001  0.65921321679281664  0.66982236173965071
  0.68061685498228885  0.69134885901610443  0.70202375668293249  0.71279834203108527
  0.72457121515742440  0.73647183173332809  0.74759712191724093  0.75802388533413867
  0.76815372616979660  0.77864307154827128  0.78991793537394450  0.80122400575106434
  0.81203503322107451  0.82203925036087977  0.83152165661493349  0.84049564732337800
  0.84904574207282968  0.85733572955906678  0.86571237730361328  0.87491337515026668
  0.88478547280350628  0.89481348466537158  0.90501427400454892  0.91500997615212132
  0.92594757717425502  0.93653816360107711  0.94735028011244415  0.95778099572960740
  0.96814965372892492  0.97852264991056426  0.98929219155481252  1.00000000000000000
 -0.00004304845955541  0.00026777838727095  0.00048465357847771  0.00060274577392942
  0.00071044018305836  0.00081128475484935  0.00091079759134622  0.00101360075335745
  0.00112467461818493  0.00123659357016401  0.00134897356521925  0.00146083244428500
  0.00157315985578958  0.00168642906424511  0.00179925364884908  0.00191183804865986
  0.00202240238188782  0.00213506959821708  0.00225249446469806  0.00237020587615195
  0.00248857665618251  0.00261492951007675  0.00274136279092240  0.00286786708942758
  0.00296050625528575  0.00305301572382669  0.00315529935392602  0.00325932426465840
  0.00336076288462951  0.00346123532700107  0.00355822525744858  0.00365215507274340
  0.00374685784123424  0.00384343286160772  0.00394016501361621  0.00403796971840952
  0.00413577442320284  0.00428628831474826  0.00442618675540282  0.00455541901954401
  0.00469181933874936  0.00483076367290947  0.00497260229773815  0.00514893039335522
  0.00531705244978642  0.00548083740010569  0.00564607573870026  0.00580253146138742
  0.00597279666654779  0.00615477182232340  0.00635939777134067  0.00661793182916518
  0.00685835072329034  0.00707936647509810  0.00730546086504317  0.00746411706652693
  0.00761068440693687  0.00775972368425363  0.00793355430689162  0.00820080595373998
  0.00840272779695599  0.00860949701090722  0.00888815147750107  0.00921268769249313
  0.00952323604159943  0.00983921498183871  0.01003590719773948  0.01021639210250298
  0.01037980495148252  0.01053513497636356  0.01068589119001321  0.01092691596394248
  0.01115654857918335  0.01147947471863818  0.01189952799217587  0.01232740328405525
  0.01281216182444283  0.01371078441519595  0.01418566322958109  0.01500412489265421
  0.01627275939574033  0.01737919487198540  0.01841539775840828  0.01935795742386615
  0.02013730583436302  0.02168411263535929  0.02410879178906218  0.02524179667638224
  0.02694198976054094  0.02738364011300947  0.02797229315684530  0.02835810604611201
  0.03074179481824654  0.03643717308443049  0.07273588904891592  1.00000000000000000
 -0.00204749023551041  0.01104339363353528  0.02140136737843200  0.03170628047983949
  0.04260976340885224  0.05376963957004508  0.06526033434864877  0.07576484240140337
  0.08642670171970479  0.09755800781434935  0.10913025687442431  0.12072055201064716
  0.13196852885578150  0.14291087461073537  0.15321714413944026  0.16331336418080472
  0.17323116755214657  0.18304362406385152  0.19296388384275676  0.20336921060283322
  0.21427288640597453  0.22554431514226417  0.23678095591320691  0.24758032557653292
  0.25797643860300329  0.26843739297099367  0.27888797438534996  0.28932809543851434
  0.29951782858901327  0.30942672779446967  0.31958104845117452  0.32991857164160771
  0.34071165939378872  0.35161677029624622  0.36206091202660695  0.37205395003982772
  0.38194273516426402  0.39227353271025989  0.40300064136344887  0.41406228443876336
  0.42465227393279520  0.43410555516174093  0.44348180619811362  0.45291525626915635
  0.46335313236584069  0.47416569768554562  0.48458600651952388  0.49476076298941513
  0.50516094304615178  0.51662059425819906  0.52845846379692774  0.53933329621028814
  0.54904772575605576  0.55854628107748971  0.56827333779189837  0.57873946078926097
  0.58933615127504013  0.59910178815251514  0.60880790100788118  0.61878996405623465
  0.62946366322425262  0.64108922349843445  0.65312911313338784  0.66509172982845377
  0.67523302040210265  0.68406586303459027  0.69315962237840723  0.70308755271621026
  0.71295560133793778  0.72243166270108261  0.73298095270211727  0.74420568479873095
  0.75544194276980126  0.76603197657229327  0.77631016347169779  0.78645315601452115
  0.79775250982034529  0.80907269369550028  0.81927503276208369  0.82875434351297150
  0.83883110751191015  0.84970334602646957  0.86046545547692765  0.87099716231210689
  0.88095244354610547  0.89143208396161000  0.90227891234328461  0.91361063453949309
  0.92424017246105417  0.93401780818829150  0.94380913918177622  0.95370874957200802
  0.96442716855701305  0.97515778029713185  0.98723525390311373  1.00000000000000000
 -0.00005664028214340  0.00002985859796777  0.00015561582415807  0.00035643403688474
  0.00048450730931589  0.00058074227105701  0.00065155966563631  0.00072174184155765
  0.00079098965467668  0.00086162555995240  0.00093323465425457  0.00100854488495067
  0.00108518498728106  0.00116336123226121  0.00123996879518810  0.00131621805624933
  0.00139367773682844  0.00147083080502216  0.00154744461577626  0.00162355151901747
  0.00169950474310560  0.00177714770240699  0.00185634249363362  0.00193780334288415
  0.00203340551498559  0.00211624072871338  0.00217439645944196  0.00223255219017055
  0.00229167626452240  0.00235091581585772  0.00240108011198862  0.00244021951101575
  0.00247935891004288  0.00251849830907001  0.00255904823618448  0.00260054536302768
  0.00264204248987089  0.00268353961671410  0.00272525271726805  0.00276699805873214
  0.00280874340019623  0.00285466153842672  0.00292183101602786  0.00298900049362900
  0.00310479148108409  0.00321778957126013  0.00332620218443692  0.00343824641957189
  0.00353179236049322  0.00362122715174989  0.00370714390392699  0.00378639820760084
  0.00386628187031417  0.00394711998055041  0.00403110960842403  0.00412303447187948
  0.00421073642382435  0.00429360977724311  0.00438091063347775  0.00446818139506027
  0.00456366231788692  0.00467006410691406  0.00478127411205457  0.00490186811635349
  0.00503653643121778  0.00524197084282960  0.00535493673782569  0.00547276659285328
  0.00559041507412380  0.00572143804222977  0.00591483025526135  0.00610150273606454
  0.00626780052563590  0.00643698478013270  0.00671224490251691  0.00698457145402428
  0.00713653595954004  0.00728661636412040  0.00748968051368191  0.00787273843719734
  0.00837306025908464  0.00875974065673994  0.00892507962269309  0.00902736142792010
  0.00913115565466480  0.00923036702030075  0.00932418053011159  0.00947302841487636
  0.00972129606927133  0.00987745380111024  0.01001340108595494  0.01015013650419053
  0.01185472527619713  0.01801602994331467  0.04731165230758018  1.00000000000000000
 -0.00211804914734620  0.00927289793922392  0.01817541687751382  0.02660577651187924
  0.03526329595142724  0.04492212353197419  0.05518459540346233  0.06484379708024400
  0.07407714347506529  0.08329093948489140  0.09217726041792929  0.10069476117385386
  0.10929109593961477  0.11810513240939846  0.12845744845810511  0.13942525607384237
  0.15026052014474431  0.16201056647831993  0.17362433829032956  0.18541959266315799
  0.19723782188744521  0.20927777536618061  0.22141255979204066  0.23311448333945839
  0.24455984989258464  0.25598121541924457  0.26780126722981978  0.27967756955897993
  0.29139854215037231  0.30294416304386379  0.31431712315168381  0.32460912160088884
  0.33557747543503269  0.34711672237446195  0.35940132712941197  0.37138673009923484
  0.38249565130860458  0.39317679139031897  0.40389039026955903  0.41417685519632785
  0.42364177208301917  0.43289624406531296  0.44283359716202936  0.45326091296419524
  0.46326875667161760  0.47309397612034138  0.48317704015320412  0.49354121500373255
  0.50343087008361354  0.51312160824425801  0.52271963085587925  0.53255750862832496
  0.54250143581766974  0.55248574501109493  0.56198619886505652  0.57104535637224263
  0.58008127539921506  0.58929336955373479  0.59926146383583656  0.60964035445825060
  0.62065944211724466  0.63168871757918132  0.64225308213469112  0.65300650783679171
  0.66374938283248075  0.67449236682935643  0.68512844326578315  0.69599694423011427
  0.70710883541529479  0.71823566601211053  0.72970795585413273  0.74224080564027595
  0.75444325451516248  0.76641536637292851  0.77773212250363033  0.78937307254098243
  0.80118396894243016  0.81341002693751752  0.82511076599910194  0.83635379965761936
  0.84659948694419485  0.85706370452349545  0.86748665950501269  0.87786462979719904
  0.88814934291298098  0.89791917557745238  0.90861287378560607  0.91940181835402668
  0.93071507056183456  0.94177863583516763  0.95256414882810403  0.96280353573798627
  0.97224716785510634  0.98152290654527041  0.99067098084737615  1.00000000000000000
  0.72988384063427592  0.76042015044785327  0.76715187566759913  0.77332185593805591
  0.77703408391454043  0.78001507287712224  0.78297036306567946  0.78587802199640189
  0.78868800816023243  0.79163172255653225  0.79473923623354314  0.79773404785552993
  0.80106017723613443  0.80438754671620327  0.80786274526085289  0.81114074042911155
  0.81428815060475190  0.81695070968892514  0.81944841600806106  0.82197062472728710
  0.82460338894167529  0.82713446729393136  0.82958691982350130  0.83216992933246536
  0.83490398542531929  0.83755289915926490  0.83996455249258839  0.84229451162306079
  0.84461544519542908  0.84710325318585000  0.84946390419688289  0.85177089555798646
  0.85416992330756147  0.85653013319330840  0.85897786197720882  0.86133506640816393
  0.86365949193536928  0.86588001273983650  0.86810050482266399  0.87035516988599215
  0.87260831176419429  0.87476976523372008  0.87698376819607060  0.87921503244186983
  0.88172394909003715  0.88426765026347920  0.88680523117451004  0.88928930382607696
  0.89181336914693121  0.89431630957883679  0.89680312677691165  0.89925515779071363
  0.90172559757576587  0.90417374268828632  0.90652438097663557  0.90883839906324781
  0.91116371661130879  0.91361189506162821  0.91612379920543174  0.91853734136161969
  0.92088817463579431  0.92319070093806266  0.92557853027123049  0.92801300450573598
  0.93035623154445990  0.93264470057921178  0.93479713097056227  0.93683414662551323
  0.93878709255202164  0.94068949940692592  0.94261746623776632  0.94458914338856770
  0.94660356218656205  0.94863427029152136  0.95052877727650176  0.95241047775357957
  0.95431202013916505  0.95620717483019380  0.95811911727615062  0.96011930302136839
  0.96220330080993344  0.96421329870556094  0.96634328325828178  0.96848795817178801
  0.97071499644205694  0.97306486159857386  0.97543900785077253  0.97774763690327871
  0.98003676225952141  0.98239275380817515  0.98485612533136346  0.98727014159600557
  0.98984633378717113  0.99257091831499455  0.99596882893689254  1.00000000000000000
 -0.00225971966323484  0.13795793850621985  0.18604868956208032  0.21620903560738836
  0.24083055558970073  0.26182136181002674  0.27965477513604237  0.29497552858970966
  0.30791472973015882  0.32033806178867669  0.33258366023937502  0.34545642880480787
  0.35755470929230526  0.36942332583550969  0.38042898347963511  0.39117905253591134
  0.40136363170535788  0.41152980128530198  0.42116726098415935  0.43003033057325529
  0.43901755077359417  0.44770087532020270  0.45644906367737742  0.46459371503164526
  0.47241790539135420  0.48029653978356868  0.48814563363094310  0.49538741873380360
  0.50222253723254651  0.50872333238634249  0.51550044298994757  0.52273075419513959
  0.52959918358834601  0.53655982835119631  0.54341705548522268  0.55054931682210739
  0.55763168813000652  0.56453135029120571  0.57109457936696839  0.57736893127926836
  0.58347261740778156  0.58956317814859571  0.59576123431546979  0.60201260105082477
  0.60808640649979440  0.61396863858397954  0.61966874334506794  0.62525151316290761
  0.63079470147339256  0.63607067211239832  0.64115718584311354  0.64621909874668138
  0.65146274757392364  0.65711128501914307  0.66244492452634929  0.66779131010235138
  0.67306771799961762  0.67875691620190592  0.68458772287620906  0.69029587757890043
  0.69609289394133000  0.70178756599821024  0.70717767491374062  0.71251361413610026
  0.71815805625889728  0.72435479707616601  0.73035747135347240  0.73621354440592079
  0.74189157691165697  0.74746993849207366  0.75325405236656895  0.75915976714271027
  0.76500826431895630  0.77084744481753176  0.77683666303843746  0.78256008994678783
  0.78830156251833750  0.79399353818642171  0.79965463399079206  0.80500459236090371
  0.81032662902952746  0.81583176631812759  0.82150935364405353  0.82759690485753745
  0.83498835517157599  0.84207866588753677  0.85043086026362391  0.85922144897443220
  0.86823748095384312  0.87708105094325162  0.88630195853910543  0.90029010659041564
  0.91042630640646638  0.92496560240776160  0.95819372815333881  1.00000000000000000
   7.8587830072172579E-006  -1.0000000000000000     
 F F F F F F F F F F F F F F F F F F F F F F F F F F F F F F F F F F F F F F F F F F F F F F F F F F F F F F F F F F F F F F F F F F F F F F F F F F F F F F F F F F F F F F F F F F F F F F F F F F F F F F F F F F F F F F F F F F F F F F F F F F F F F F F F F F F F F F F F F F F F F F F F F F F F F F F F F F F F F F F F F F F F F F F F F F F F F F F F F F F F F F F F F F F F F F F F F F F F F F F F F F F F F F F F F F F F F F F F F F F F F F F F F F F F F F F F F F F F F F F F F F F F F F F F F F F F F F F F
  <DiscreteSampler_grid>
  grouped_processes
  1 # 1 for a reference and 2 for a running grid.
  10 # Attribute 'min_bin_probing_points' of the grid.
  1 # Attribute 'grid_mode' of the grid. 1=='default',2=='initialization'
  0.0000000000000000 # Attribute 'small_contrib_threshold' of the grid.
  0.5000000000000000 # Attribute 'damping_power' of the grid.
 # binID   n_entries weight   weight_sqr   abs_weight
    13   10   1.118829828935466E+001   5.661607874359970E+002   1.118829828935466E+001
    14   10   1.118829828935472E+001   5.661607874360030E+002   1.118829828935472E+001
    16   10   1.485817592691401E+001   9.907192598816437E+002   1.485817592691401E+001
    17   10   1.485817592691410E+001   9.907192598816562E+002   1.485817592691410E+001
    22   10   1.118829828935466E+001   5.661607874359970E+002   1.118829828935466E+001
    23   10   1.118829828935472E+001   5.661607874360030E+002   1.118829828935472E+001
    25   10   1.485817592691402E+001   9.907192598816442E+002   1.485817592691402E+001
    26   10   1.485817592691411E+001   9.907192598816567E+002   1.485817592691411E+001
  </DiscreteSampler_grid>
