  0.00000014439316511  0.00000015604423029  0.00000016427275702  0.00000017187221524
  0.00000017853885255  0.00000018396375773  0.00000018895845537  0.00000019395588002
  0.00000019908075464  0.00000020548099597  0.00000021122804500  0.00000021719825377
  0.00000022312931275  0.00000022919621746  0.00000023534591326  0.00000024186604055
  0.00000024932782350  0.00000025772077529  0.00000026604132483  0.00000027407601176
  0.00000028125966172  0.00000028859650568  0.00000029663719162  0.00000030495980536
  0.00000031321588279  0.00000032280711929  0.00000033287666911  0.00000034361941043
  0.00000035515470135  0.00000036754066751  0.00000038110717686  0.00000039514751035
  0.00000040956973436  0.00000042529613644  0.00000044295807130  0.00000045934683322
  0.00000047569545563  0.00000049307812526  0.00000051088936011  0.00000053348056374
  0.00000055560786988  0.00000057643099244  0.00000059752809015  0.00000062285758658
  0.00000065187861206  0.00000068288387262  0.00000071265392305  0.00000074150544064
  0.00000078246906195  0.00000082644022128  0.00000087379973486  0.00000092556741647
  0.00000098001443835  0.00000103502141472  0.00000109281221880  0.00000115647684805
  0.00000122650571881  0.00000130120205865  0.00000138094825456  0.00000146942839665
  0.00000155756089716  0.00000166042902720  0.00000176385584723  0.00000186676081284
  0.00000198111918493  0.00000211668777162  0.00000225834684621  0.00000241860724172
  0.00000260566860840  0.00000280903459620  0.00000303456247016  0.00000327753588098
  0.00000356037130944  0.00000388249499093  0.00000418899161274  0.00000454456213206
  0.00000490274907282  0.00000545719752430  0.00000606704858452  0.00000676381171467
  0.00000752724040501  0.00000843484794092  0.00000954097343520  0.00001076172335258
  0.00001245236610363  0.00001452001184004  0.00001724676209330  0.00002090703187369
  0.00002661437697821  0.00003565753424841  0.00005037926704353  0.00007717477331944
  0.00015049919444380  0.00049090852835446  0.06902717595842500  1.00000000000000000
  0.00000033371805221  0.00000040844542172  0.00000043967946227  0.00000046686329710
  0.00000050230361356  0.00000054756476462  0.00000059461883397  0.00000064326305151
  0.00000068463687620  0.00000073835996385  0.00000080564625683  0.00000089978735864
  0.00000098879989745  0.00000108013305025  0.00000115413156939  0.00000122169891473
  0.00000129569558445  0.00000137811325036  0.00000146711771149  0.00000156313001331
  0.00000167379290098  0.00000180697507889  0.00000195699572030  0.00000210356929898
  0.00000224379947546  0.00000238234298979  0.00000253928710904  0.00000271721284051
  0.00000289538228255  0.00000306838772041  0.00000324433397151  0.00000343415511206
  0.00000363849955237  0.00000384459040648  0.00000403057291592  0.00000425188557924
  0.00000449596680481  0.00000477381761229  0.00000505963357812  0.00000539018359464
  0.00000574161514616  0.00000611457499862  0.00000649719330731  0.00000691401075906
  0.00000736160493573  0.00000792136924858  0.00000845213698001  0.00000896899920588
  0.00000947106416155  0.00000995869574458  0.00001045675196563  0.00001097670410928
  0.00001155879641748  0.00001221027063568  0.00001287812182065  0.00001359180808182
  0.00001433805837084  0.00001514334065232  0.00001601206873363  0.00001694906029600
  0.00001786849984785  0.00001881705678093  0.00001995966053629  0.00002134163764229
  0.00002284139193067  0.00002443621264383  0.00002611510963345  0.00002792577104293
  0.00003007545122392  0.00003237225043982  0.00003481633624547  0.00003752545006976
  0.00004060925499814  0.00004439628116047  0.00004888690415452  0.00005371849457826
  0.00005907260684270  0.00006547771270245  0.00007259984174674  0.00008142640752386
  0.00009088773751303  0.00010147829200041  0.00011384205259892  0.00012834869198368
  0.00014612363672400  0.00016915682145792  0.00019996072735471  0.00024326474066686
  0.00030422637897537  0.00038363802407040  0.00049940937081396  0.00071188247051548
  0.00121804719042106  0.00285655607378479  0.16845547669682850  1.00000000000000000
  0.00000882723934145  0.00001038008374241  0.00001088755555663  0.00001158999005759
  0.00001245833701818  0.00001336556901045  0.00001434922862505  0.00001533029527737
  0.00001631401608314  0.00001734702601849  0.00001838384808469  0.00001926413477997
  0.00002019844786132  0.00002108324027420  0.00002194653533758  0.00002287443632647
  0.00002386919960246  0.00002491625241187  0.00002594343085445  0.00002686421028250
  0.00002787192677351  0.00002904785645364  0.00003037998845257  0.00003172555728278
  0.00003298423812425  0.00003430664843073  0.00003576702665016  0.00003731640250764
  0.00003901958877440  0.00004067521962411  0.00004261906605299  0.00004461958959395
  0.00004674605623467  0.00004891990035007  0.00005131974628621  0.00005365195970533
  0.00005600656050922  0.00005842543265515  0.00006111811329057  0.00006417930902615
  0.00006725636589258  0.00007032756506050  0.00007360539414640  0.00007715894129241
  0.00008092912439553  0.00008482023470534  0.00008892421507276  0.00009381163773175
  0.00009868385443056  0.00010353554491071  0.00010846778299657  0.00011362246664412
  0.00011896414862621  0.00012476014028600  0.00013157997503801  0.00013963672984329
  0.00014832002853479  0.00015699726851150  0.00016573319401533  0.00017479698456454
  0.00018427149735298  0.00019425620251523  0.00020431994117733  0.00021463818202930
  0.00022619927632564  0.00024001439674381  0.00025547713931556  0.00027032630367598
  0.00028679352986161  0.00030627945599776  0.00032481077333628  0.00034959718678562
  0.00037484001820468  0.00040403156099685  0.00043780173192929  0.00047408553397014
  0.00051062450330366  0.00054849403655881  0.00058808150721325  0.00062960526231848
  0.00067150916620056  0.00072109327289472  0.00078663373788619  0.00087675751581636
  0.00099243527688222  0.00114903813851012  0.00132418743321034  0.00153583662779084
  0.00178915746695917  0.00216417632233832  0.00289032012862651  0.00421314459270105
  0.00632729517723521  0.01113743286170651  0.19493649915489653  1.00000000000000000
  0.00000165045443214  0.00000168630824772  0.00000175010933385  0.00000180537969289
  0.00000185550542740  0.00000191429723690  0.00000197202214194  0.00000203635858808
  0.00000211660555235  0.00000220837520717  0.00000230705566515  0.00000240608360616
  0.00000250386368638  0.00000260572243113  0.00000271096090861  0.00000281848497933
  0.00000293007408422  0.00000304622781504  0.00000316153207791  0.00000328685013825
  0.00000341195883197  0.00000356213395974  0.00000371133396295  0.00000387460246607
  0.00000404792921320  0.00000423881609849  0.00000441335714344  0.00000457557368871
  0.00000475068392830  0.00000497837326635  0.00000521301234992  0.00000546357869281
  0.00000574560348945  0.00000606771148628  0.00000642820980775  0.00000681493403105
  0.00000721694111080  0.00000764658647091  0.00000812646204613  0.00000866085447544
  0.00000922770922401  0.00000986096566186  0.00001053478388192  0.00001124961834066
  0.00001200558408049  0.00001275940936376  0.00001350353661127  0.00001434791061874
  0.00001530558732487  0.00001641482654455  0.00001775930095118  0.00001922991529608
  0.00002090464711957  0.00002279384065994  0.00002473422036022  0.00002664624154163
  0.00002851141601914  0.00003039977864100  0.00003267120303777  0.00003501641132932
  0.00003765923972778  0.00004054470153994  0.00004388810344388  0.00004752648374408
  0.00005147538949244  0.00005564169252605  0.00006010881071592  0.00006481560966235
  0.00006965243828336  0.00007536032133751  0.00008165776955586  0.00008905742619030
  0.00009716300467382  0.00010641592158616  0.00011690863333912  0.00013035557662652
  0.00014532863985207  0.00016537616085076  0.00018644008706668  0.00020765025725743
  0.00022865040722981  0.00025588040708460  0.00028764168871759  0.00033362831901900
  0.00038567275657743  0.00044973741326937  0.00049687823533674  0.00055786981183062
  0.00064927940122657  0.00079020671409711  0.00095315455987091  0.00123087235380390
  0.00169651619992359  0.00261127268012938  0.02866493345855743  1.00000000000000000
 -0.00246902342076778  0.01117852175726334  0.02102463858260130  0.03027925082439107
  0.03932821389613431  0.04862279619896969  0.05800459731890045  0.06808824497500650
  0.07794439525807477  0.08921724651248153  0.10179728149437198  0.11518654092828176
  0.12704978344804282  0.13897905844822867  0.14994495816384501  0.16167112115176449
  0.17315913437538041  0.18510059197388029  0.19634378828482585  0.20763569105070248
  0.21986061750540822  0.23199979920065555  0.24375736834131562  0.25492471398021255
  0.26583006939735043  0.27565305898786935  0.28467428874456607  0.29409684260957220
  0.30413055162012897  0.31450197290024162  0.32470907133948707  0.33520800153311864
  0.34602003115590907  0.35679137171001246  0.36740089103148438  0.37770436515403333
  0.38804798287828390  0.39835906682744193  0.41027446815855834  0.42014476285027164
  0.42913652063994340  0.43830122063257387  0.44812152480466644  0.45784915287176431
  0.46708077577192958  0.47626679159453478  0.48655505983232422  0.49725717648418721
  0.50770373369376876  0.51806197517016817  0.52823549909583978  0.53854786340067207
  0.54861332894586168  0.55837743612551161  0.56850324856503609  0.57793226917547269
  0.58696704532706967  0.59635697276838662  0.60726628929013660  0.61880985613866235
  0.62983834968129848  0.64016237736082471  0.65012187571405977  0.66021824379466287
  0.67027064115689272  0.68007555409064624  0.68906087349350109  0.69785582290306580
  0.70707635802422009  0.71760953558379237  0.72830474295340419  0.73857970447727050
  0.74930591701551608  0.76058020270258286  0.77235317510590951  0.78424015170394623
  0.79567106900924967  0.80653186001991006  0.81743462968847647  0.82836698091664973
  0.83876491619954963  0.84893028561104267  0.85906902694290321  0.86903934979410447
  0.87815556930493988  0.88606724911017032  0.89484960427166360  0.90484872905618108
  0.91551822500936664  0.92741280882987398  0.94084056807270877  0.95403232261977999
  0.96513519178583207  0.97553114177847167  0.98698881223659007  1.00000000000000000
 -0.00222539327067324  0.00666451145079734  0.01525640067925755  0.02444034727691307
  0.03411272670849479  0.04412669555135451  0.05428526130167232  0.06421999286946677
  0.07412219363537850  0.08521879713497874  0.09828814367347241  0.10975309394598999
  0.12031538388834269  0.12983857478216504  0.13989399284301432  0.14935665931107003
  0.15946774872206665  0.16941281959062757  0.17993278285639699  0.18970867143347583
  0.19961742941538582  0.20960595338473312  0.21983410652745286  0.22975973831515106
  0.23979970437047504  0.25032397140810697  0.26109825430671252  0.27243048277318344
  0.28427443757308241  0.29611375978280391  0.30719998033089185  0.31813684135468706
  0.32945106494217308  0.34241899609306481  0.35552071906311905  0.36837714656755244
  0.38042067586356532  0.39222486159634101  0.40430428241713207  0.41614094242887445
  0.42719460518859487  0.43757510696838653  0.44740948676645631  0.45603733069081281
  0.46430731107704948  0.47221436544087053  0.48224671747684317  0.49222575687418574
  0.50282219252310134  0.51158414175666189  0.52105415970096647  0.53089985375447146
  0.54106837293361321  0.55092415531785943  0.56051233960971769  0.57046212050924405
  0.58093745897930693  0.59163989796760408  0.60207970758537754  0.61194906741509081
  0.62244585255937102  0.63297259951858587  0.64282469830927114  0.65174006536817086
  0.66058187439660343  0.66938882849677106  0.67766503276745826  0.68619695022240668
  0.69517329098869796  0.70428282047470914  0.71401012161934241  0.72465292690694216
  0.73609910861479444  0.74779025831655532  0.75926488147405224  0.77002085280793586
  0.78035336197484761  0.79109976046108699  0.80237440409266836  0.81361232113438908
  0.82381816056959534  0.83372796714423447  0.84456809060668558  0.85641135458696838
  0.86870738083150356  0.88037864324046444  0.89157296504042516  0.90303384039365486
  0.91511006570036046  0.92758210749367387  0.93981633998803449  0.95060289207470017
  0.96106588437622431  0.97212734330980854  0.98498515659416552  1.00000000000000000
 -0.00118146477927026  0.00573859173969972  0.01181791512696762  0.01725503906388717
  0.02197141570462372  0.02647949185773809  0.03110152902464955  0.03560317032842410
  0.04056452001398220  0.04649839053541163  0.05343537479869621  0.06004735514117077
  0.06720370651123633  0.07439003550620144  0.08182837503255139  0.09009197963925247
  0.09918316078206037  0.10768978959678600  0.11588813684372409  0.12399121555897158
  0.13218444960445880  0.14072147435690788  0.14985743907394197  0.15890261556905513
  0.16750567673694916  0.17587954292965480  0.18417620210601207  0.19343782485912467
  0.20317532291721577  0.21300781164981661  0.22268366602679524  0.23226023913642299
  0.24204478596021078  0.25219159818747666  0.26257572994416278  0.27300423567911913
  0.28331144091302446  0.29352457498293322  0.30397459393765719  0.31465332753154585
  0.32521516445951593  0.33509411971988329  0.34517812736091580  0.35554122557603568
  0.36789165672511948  0.38022979901235543  0.39304701912304274  0.40508716627576424
  0.41773877928449560  0.43045324738630353  0.44346983341769702  0.45587164323337043
  0.46813598809205931  0.48029928159360696  0.49246044889933543  0.50547603830302690
  0.51852172570381716  0.53066761007543306  0.54300084451327657  0.55511818125149526
  0.56627253528330979  0.57713045312334355  0.58964428145378045  0.60292245530978106
  0.61591483254402513  0.62831650983783061  0.64123250975530011  0.65311969398463499
  0.66462326482199685  0.67567672530221157  0.68673029682639364  0.69815659482528980
  0.70901056335095380  0.72008840620706493  0.73194250686395235  0.74581643239921136
  0.75985052953520271  0.77270660191194140  0.78511351425050802  0.79726840130553300
  0.80981265049635209  0.82201160161464004  0.83390067335040619  0.84642516964915748
  0.86035368061747697  0.87524214009306534  0.88989399649223311  0.90303796964160021
  0.91583323800861371  0.92997501220874890  0.94253341345030617  0.95288128127601046
  0.96363573401127867  0.97537453889816639  0.98759974277454354  1.00000000000000000
 -0.00239292639027859  0.00931367089759854  0.01925683813717881  0.02811262022902016
  0.03745468556073512  0.04763225135781689  0.05756789276057261  0.06793109565217052
  0.07763382233095348  0.08773118628541975  0.09848699566414948  0.10982837721228597
  0.12221422580815208  0.13372568514941982  0.14396805676157515  0.15319187864059847
  0.16176338286740255  0.17095674042757045  0.17977813230951972  0.19008887322397780
  0.20075387672911812  0.21176156611363051  0.22293960253127215  0.23488252101949766
  0.24640274573614213  0.25756589937258473  0.26813959033126328  0.28009339962048113
  0.29103114928401563  0.30067594613728227  0.31010331440022543  0.31878795731691084
  0.32815460254235201  0.33757948294969681  0.34714720603393434  0.35689008645245685
  0.36706240153263520  0.37698512399625406  0.38723472124501163  0.39762314253939479
  0.40831962532318311  0.41905645820980364  0.42916149238954854  0.43909748867047033
  0.44821315284883856  0.45685116599067449  0.46544932997116562  0.47456452302518198
  0.48497066740090800  0.49626895222698020  0.50790046890407947  0.51932621875447327
  0.53040895529564080  0.54169843546525565  0.55360021210985444  0.56566563405358639
  0.57732697559966539  0.58791046014183734  0.59770399191470391  0.60767114517235565
  0.61737432845487983  0.62791802291017351  0.63864142945658231  0.65033741521989963
  0.66215854554112130  0.67300671260012912  0.68398604123169349  0.69548269829144493
  0.70654694159600540  0.71704771354351515  0.72737249995200592  0.73874508365741332
  0.74999734344246594  0.76042194737436586  0.77061732845379016  0.78083454226151638
  0.79067781918567670  0.80011834080277511  0.81004030725521758  0.82140080565622053
  0.83368581656693930  0.84560265979782445  0.85735493146113351  0.86916841044079474
  0.88061602967512942  0.89178588059447406  0.90313373624095761  0.91495517667603865
  0.92658593667245226  0.93748481078288382  0.94740703169498419  0.95743369676458268
  0.96841441356313684  0.97988155714638270  0.99034025685492444  1.00000000000000000
 -0.00224394150887949  0.02014293523454818  0.03689014569452151  0.05284992805399148
  0.07049424143451470  0.08868535709790031  0.10571207940852397  0.12037549957264182
  0.13249496124027085  0.14282389056437861  0.15246771430909131  0.16271796379343931
  0.17466429751679247  0.18678102279895500  0.19805643890210156  0.20909826351661961
  0.22040794428780358  0.23169976835750003  0.24223267887019614  0.25227915471000739
  0.26236518435543132  0.27272558582734568  0.28283962745422936  0.29262925357808933
  0.30290714087731008  0.31366207354682801  0.32506926126267160  0.33632927277806834
  0.34726002087106045  0.35762540029790235  0.36791019422743715  0.37882295249917231
  0.38905370110042137  0.39995514263574050  0.41048994871696776  0.42194288551158771
  0.43308129611005886  0.44363255419798225  0.45457110576255505  0.46626517836796388
  0.47903429491259414  0.49071183428906123  0.50174693944679560  0.51209039769726661
  0.52233382686294283  0.53293015260180510  0.54409904592829439  0.55538758273259303
  0.56602536766767575  0.57601442034065065  0.58560621517509659  0.59407194206568470
  0.60255130538596702  0.61024113310870898  0.61821351040871686  0.62647178995592645
  0.63491938793014324  0.64311272817294396  0.65075684988779980  0.65826527523447276
  0.66631624860184113  0.67608951250191129  0.68639142367099459  0.69609528597886550
  0.70577281179721563  0.71494973702580478  0.72383551635587240  0.73240119743995569
  0.74098152085922131  0.74989439776619260  0.75956969738405355  0.76985053505513057
  0.78051803589827706  0.79050260467683486  0.79934097188809405  0.80816136114709880
  0.81693269101346000  0.82650759215160996  0.83593469329636716  0.84570998036399092
  0.85613138162438751  0.86694627654800516  0.87800084892310748  0.88892683543746620
  0.89934568258624603  0.90932742884322504  0.91927075108718437  0.92930642064640967
  0.93953209681478034  0.95041756058180049  0.95992754097691058  0.96763604633201572
  0.97575998349766635  0.98383030119081616  0.99188725836962344  1.00000000000000000
 -0.00310011712577215  0.01277955415716185  0.02432764358678739  0.03466220353826326
  0.04470909996905396  0.05595137208764869  0.06837922753959562  0.07993384306546210
  0.09060698228263349  0.10116785824047989  0.11165942267051963  0.12076070303837395
  0.12956855966827990  0.13845282961702771  0.14847502589612827  0.15950000339813875
  0.17094579930932330  0.18304420908555480  0.19502738251701629  0.20630644327737066
  0.21682149460183447  0.22699883871317741  0.23706359425733897  0.24693139720652335
  0.25739095734981177  0.26842891695965626  0.27937115059743911  0.28944996931066280
  0.29852642469117902  0.30717956031812010  0.31710018411334218  0.32710347120010624
  0.33711362709492032  0.34666785993530236  0.35631126302759558  0.36620268039645676
  0.37644800577250936  0.38667967503570561  0.39690651837712732  0.40704893151541260
  0.41713124048850414  0.42866633846457181  0.44025674852465979  0.45281027848579863
  0.46544744036311297  0.47834977821613239  0.49129503341666592  0.50367549253814947
  0.51539784890749718  0.52720895983782223  0.53897818967452293  0.54913146829229531
  0.55868361593521521  0.56950747320348638  0.58122436615073692  0.59127117610028934
  0.60009054487349267  0.60882824140222613  0.61885102843399598  0.62963631612441640
  0.64100383765473778  0.65134288743387336  0.66199222461876284  0.67205852367543228
  0.68168594118871850  0.69143142588531781  0.70219110041316091  0.71417019878747423
  0.72596557152826691  0.73821780398308579  0.75066491956223214  0.76244843431654707
  0.77370194788921720  0.78479586020128866  0.79642551922663596  0.80800802448925191
  0.81877854202597500  0.82890194513017323  0.83819228874160545  0.84643236436650904
  0.85427348900261058  0.86235240884375841  0.87099053195222809  0.87838629349630792
  0.88563452953114385  0.89340176270836047  0.90342082301318727  0.91465507582776373
  0.92600922493784665  0.93768864543258523  0.94939233694101444  0.95995870608402289
  0.96969133125072593  0.97928968460064303  0.98964724782652358  1.00000000000000000
 -0.00224584005547142  0.00960818337368963  0.01974616716488377  0.02987272445736089
  0.04032149641992526  0.05195760932201754  0.06435911693836983  0.07697703537056709
  0.08885777280797923  0.09996536920750125  0.11047411496143016  0.12044755751215570
  0.13080479035451803  0.14146825909971528  0.15226622725649902  0.16336920554285886
  0.17429084049360205  0.18540351039613212  0.19627359118872362  0.20682375758738580
  0.21712206006103982  0.22793364654214510  0.23852623295096936  0.24915610324025303
  0.25940644069427293  0.27045009265070147  0.28265906047639444  0.29547183930604454
  0.30747995852573884  0.31903257600233520  0.33035234454350948  0.34158832730860761
  0.35221234966365966  0.36291536598224905  0.37311226753716448  0.38320412218073102
  0.39332725727747886  0.40368359891476624  0.41394003589885614  0.42408880174797042
  0.43395515535618706  0.44495565861761405  0.45618255264692609  0.46966048347619305
  0.48132542765029140  0.49236009195489094  0.50217552089102924  0.51199944049474078
  0.52263630689629892  0.53383124557402040  0.54349400419766658  0.55234543718274065
  0.56144690128481500  0.57178702652307767  0.58235531739657664  0.59293306044906890
  0.60376512705458540  0.61567395745310560  0.62758848353838381  0.63914411222240997
  0.65052738882300476  0.66164143794842145  0.67228547004798800  0.68250859126149110
  0.69289575894836397  0.70339453806242069  0.71405115588298962  0.72484302952559776
  0.73622060271373158  0.74688578853427068  0.75647909506210054  0.76563941028515170
  0.77486343137219238  0.78521748723616280  0.79660682502100966  0.80762332754653809
  0.81840458973823149  0.82880533028226477  0.83896151614551584  0.84893526053755020
  0.85811999595451971  0.86770071083372335  0.87798431062270221  0.88818471816302802
  0.89672811366135718  0.90558146095033865  0.91522607179372550  0.92681831582028618
  0.93787680373453708  0.94757833834284833  0.95683396206985294  0.96611003810241713
  0.97519890840875179  0.98337771095579196  0.99162216540826931  1.00000000000000000
  0.50809461044276716  0.51417132327108006  0.51862657577226301  0.52448431657089056
  0.53218775156110265  0.54285875291114749  0.55479840616319287  0.56330168266752734
  0.57398558661126753  0.58366776946701093  0.59129519421359744  0.59756457078843295
  0.60443002973685733  0.61247499183588783  0.61963712615199640  0.62583907049078724
  0.63029548301011462  0.63470205274349567  0.63885241951331706  0.64278529578708632
  0.64689198615953936  0.65098224292528406  0.65476011250840127  0.65877661814361388
  0.66336455567799457  0.66840242190223986  0.67321294277462917  0.67747721112331771
  0.68175514140911009  0.68624065849797822  0.69172295970165221  0.69763309168748000
  0.70363688007275993  0.70907661039437220  0.71400741481578411  0.71850626501947890
  0.72284626319002920  0.72733792739497449  0.73193601717150447  0.73669216024470341
  0.74168233840797704  0.74694008705589199  0.75213480725705584  0.75660721631214811
  0.76112932322875038  0.76573650507045976  0.77041448043724925  0.77499750410575785
  0.77951650874232303  0.78400765876426037  0.78850287436586308  0.79329872701922044
  0.79841513835647138  0.80330772442209775  0.80786828105270203  0.81240602187712851
  0.81698291950428470  0.82152734518055959  0.82608055186223717  0.83060230704503912
  0.83534647327849065  0.84019743821647053  0.84508723651283335  0.84992187935234886
  0.85449236797850892  0.85883372041773121  0.86308703846955881  0.86743635226904670
  0.87194552712247531  0.87643265062802578  0.88085091670460736  0.88518714235719165
  0.88954691638259220  0.89406633032974381  0.89875272532555095  0.90336203516239588
  0.90784806997407608  0.91229629738159579  0.91682046313333931  0.92125456032456843
  0.92564066962758684  0.92998746640621910  0.93417128877483557  0.93827040760057556
  0.94238418111444389  0.94633141813295529  0.95056873997397873  0.95507890940571349
  0.95994291165304313  0.96500503965569817  0.96999570565197135  0.97502035029257939
  0.98013274009040141  0.98591350057457650  0.99236887551028463  1.00000000000000000
  0.00237391264328509  0.13923076632615161  0.15772267797752651  0.17439337666910112
  0.18698702692216743  0.19891218446904357  0.20776118471398242  0.21507653622762907
  0.22224496859517923  0.23067363959764026  0.24047807297689866  0.24969917547276754
  0.25861462322896128  0.26705006803871606  0.27633078053114896  0.28663575563824201
  0.29623841143533269  0.30518544319292568  0.31350496667214750  0.32120174355524778
  0.32884255442479499  0.33628172908096693  0.34320259026815603  0.34966731874944029
  0.35555713146335738  0.36102522853523061  0.36656695751926982  0.37186343823677931
  0.37685564531411436  0.38187589421220186  0.38707981209351644  0.39266572890947843
  0.39861733885821238  0.40447357045392873  0.40990967236417525  0.41535253883560702
  0.42130413581709791  0.42794098747794318  0.43502650412126076  0.44156151845466979
  0.44747799968199103  0.45299896231651432  0.45831860602717295  0.46389686712343925
  0.46992499690833323  0.47586005623554872  0.48170910953081797  0.48753457126131483
  0.49320589726367603  0.49892576724930643  0.50469763701441095  0.51031495414712669
  0.51608246106463407  0.52210691982674184  0.52827824159322245  0.53426683990321466
  0.54009075872456358  0.54609666920970457  0.55226756964946921  0.55872416974823691
  0.56513937690510863  0.57146310772923403  0.57775887364370138  0.58427214988276421
  0.59115923275479021  0.59832312929786169  0.60566775946757534  0.61298362780711779
  0.62036139665247747  0.62788885633729152  0.63524163967533209  0.64203670313927885
  0.64872241048322921  0.65534893081503809  0.66199527424974902  0.66994322097700054
  0.67825843271119268  0.68579952681306300  0.69344463800132605  0.70130612177675133
  0.70979444793595226  0.71959448424304828  0.72959606633895813  0.74056828710710643
  0.75151681378323576  0.76212878909578885  0.77274073034543778  0.78384130069195990
  0.79552247822117994  0.80775211320561557  0.82195593758193597  0.83859495723100475
  0.86023704095024167  0.88524008728937231  0.91750731579041922  1.00000000000000000
   5.9673518053018796E-007  -1.0000000000000000     
 F F F F F F F F F F F F F F F F F F F F F F F F F F F F F F F F F F F F F F F F F F F F F F F F F F F F F F F F F F F F F F F F F F F F F F F F F F F F F F F F F F F F F F F F F F F F F F F F F F F F F F F F F F F F F F F F F F F F F F F F F F F F F F F F F F F F F F F F F F F F F F F F F F F F F F F F F F F F F F F F F F F F F F F F F F F F F F F F F F F F F F F F F F F F F F F F F F F F F F F F F F F F F F F F F F F F F F F F F F F F F F F F F F F F F F F F F F F F F F F F F F F F F F F F F F F F F F F F
  <DiscreteSampler_grid>
  grouped_processes
  1 # 1 for a reference and 2 for a running grid.
  10 # Attribute 'min_bin_probing_points' of the grid.
  1 # Attribute 'grid_mode' of the grid. 1=='default',2=='initialization'
  0.0000000000000000 # Attribute 'small_contrib_threshold' of the grid.
  0.5000000000000000 # Attribute 'damping_power' of the grid.
 # binID   n_entries weight   weight_sqr   abs_weight
    13   10   8.467669980477558E-004   2.317287107633486E-006   8.467669980477558E-004
    16   10   2.109446029317482E-004   1.447284254877573E-007   2.109446029317482E-004
    22   10   8.297484847179764E-004   2.254578675820827E-006   8.297484847179764E-004
    25   10   2.035749808613362E-004   1.373463532069067E-007   2.035749808613362E-004
  </DiscreteSampler_grid>
