 -0.00233524200062281  0.00960509165056580  0.02048427277814150  0.03226179494647495
  0.04500888321048623  0.05802588657396113  0.07046031960340493  0.08199163004059434
  0.09274278844843825  0.10351397442271901  0.11577138125277878  0.12701732295648197
  0.13620445481847396  0.14507242703389675  0.15417483926166853  0.16413774099027317
  0.17411620356419227  0.18441729825137021  0.19579782925789904  0.20746342629421929
  0.21868213954844221  0.22991698642812824  0.24157352134600293  0.25264358621261129
  0.26271079169625428  0.27196890666501056  0.28113757305728232  0.28999139946521479
  0.29960706344439353  0.30907434599828132  0.31977290693611793  0.33019758606623034
  0.34183158557951565  0.35376752932896771  0.36669475663220885  0.37647937480613836
  0.38544264820930257  0.39391543004390478  0.40226742959400191  0.41187379041485978
  0.42268268027084765  0.43382209794123816  0.44459137512556124  0.45533780638138405
  0.46592254154124491  0.47577852467475040  0.48523914989934397  0.49449738886596722
  0.50547751919502637  0.51712408185900771  0.52899534061552955  0.53948993713884286
  0.54927351323589224  0.55892095460592328  0.56891154021667756  0.57956728878135888
  0.59012923540748663  0.60114001117334293  0.61202228368556311  0.62306255230211782
  0.63445781819399460  0.64629660723989513  0.65819409694247299  0.66971441720225944
  0.68076622710057499  0.69150448175701007  0.70011010882258684  0.70809511970216266
  0.71623556818711676  0.72435304717837778  0.73438740001680647  0.74617810468981227
  0.75823335539059511  0.77043880404546461  0.78220063511353222  0.79355552714513633
  0.80507930877130418  0.81621086936348497  0.82799998133657571  0.84009455423566948
  0.85218443761012774  0.86357752308474167  0.87264433020045851  0.88194569202825546
  0.89111559762739967  0.90038981057141676  0.91125326563052611  0.92256798364345305
  0.93423449105797951  0.94437215173007327  0.95330008442015846  0.96187680338545023
  0.97077606081820844  0.98011276977373041  0.98992110498339825  1.00000000000000000
  0.00002355968440192  0.00003280733223446  0.00003849892419660  0.00004158846199891
  0.00004515392792438  0.00004953158973255  0.00005470750428519  0.00005929232648334
  0.00006369866537261  0.00006799801204144  0.00007193643514957  0.00007580892801013
  0.00007958846796813  0.00008314560603155  0.00008639106899825  0.00008974600737851
  0.00009315289485042  0.00009661422757224  0.00010027805872788  0.00010409631470385
  0.00010798388818163  0.00011198888234417  0.00011603426604955  0.00012013480142123
  0.00012412499126091  0.00012815352795641  0.00013246840335314  0.00013692713035853
  0.00014155478153987  0.00014640101998216  0.00015149930014089  0.00015686651225514
  0.00016247190793432  0.00016813640462628  0.00017364453905877  0.00017917894111442
  0.00018505955102183  0.00019156869443765  0.00019872573364555  0.00020601139244338
  0.00021259923622029  0.00021920547659680  0.00022584066755548  0.00023227159841245
  0.00023923452837105  0.00024688112629741  0.00025515894597469  0.00026499387162856
  0.00027579884279971  0.00028734930820642  0.00029877842060656  0.00031020990408805
  0.00032202775076335  0.00033478074056404  0.00034926130745290  0.00036451669467822
  0.00037978346105383  0.00039533472624495  0.00041183206354399  0.00043033544660130
  0.00045002091123971  0.00046957043162890  0.00049122088242459  0.00051421001291420
  0.00053951474972751  0.00056650550604451  0.00059805776723752  0.00063561958791355
  0.00067411247292154  0.00071054635757873  0.00074065604558789  0.00077190888730282
  0.00081076897411158  0.00085472870170293  0.00091139687843842  0.00097364852393026
  0.00103217004267307  0.00109793417830998  0.00117079269426394  0.00123950245674076
  0.00129886790422465  0.00136283581361831  0.00142396107468747  0.00154062641499531
  0.00173111186669478  0.00189547377865083  0.00209048250607849  0.00235817433757129
  0.00266094513728972  0.00296372552772867  0.00330711982915056  0.00380144331741267
  0.00540100168531744  0.00774977091880148  0.04551424784177864  1.00000000000000000
  0.00005572134382134  0.00008809662937698  0.00009396901197807  0.00010112373955840
  0.00010783519358920  0.00011499127862609  0.00012342484140575  0.00013189875526945
  0.00014072742507443  0.00014955704819257  0.00015840245367783  0.00016736402413666
  0.00017635893810770  0.00018523807095096  0.00019528332671953  0.00020603179645249
  0.00021690596144087  0.00022849433286560  0.00024100496308898  0.00025404574604291
  0.00026741244161793  0.00028113987157697  0.00029532152496581  0.00030996460208696
  0.00032513873296546  0.00034152653073950  0.00035819602226084  0.00037418280746111
  0.00039032615970507  0.00040758971235684  0.00042674889910771  0.00044727678627550
  0.00046761898681739  0.00048852665137488  0.00051010734457725  0.00053165075116054
  0.00055349099316708  0.00057478037155397  0.00059764290140870  0.00062300025322256
  0.00064995612203320  0.00068187634117913  0.00071126123369223  0.00074577551768186
  0.00077499777257381  0.00080365908691800  0.00083176755153566  0.00086127595795974
  0.00089592891020369  0.00093592640025955  0.00097732935688969  0.00101837709082320
  0.00106840186754777  0.00112134138315517  0.00117739840600079  0.00123214200295562
  0.00129594301975318  0.00137242738460727  0.00145503809364205  0.00153823717277577
  0.00162565933789923  0.00171479431533071  0.00179938041905814  0.00191004053317117
  0.00203555037111054  0.00218590223798140  0.00236735054746924  0.00257431775972199
  0.00279969185048924  0.00302477626065979  0.00325505472623158  0.00355563826860092
  0.00382355186041007  0.00413117505572420  0.00446530124053799  0.00477532501177564
  0.00505348900850561  0.00539259192893404  0.00580431384499368  0.00603413064802306
  0.00632090108266237  0.00656851884484133  0.00682090540943487  0.00716620610392617
  0.00763023606137112  0.00801848483087036  0.00843341626875348  0.00934661358294318
  0.01015517571892374  0.01058751454511561  0.01129438519570349  0.01199739771021376
  0.01324022689039506  0.01652113382323949  0.05096642917785086  1.00000000000000000
  0.00000162240695554  0.00000163105693026  0.00000166204693530  0.00000169013208044
  0.00000171985547793  0.00000175194707602  0.00000178369374262  0.00000181168857166
  0.00000184376358953  0.00000187759191020  0.00000191160484583  0.00000194805251411
  0.00000198380634628  0.00000201586203421  0.00000204787230799  0.00000207877799790
  0.00000211292874168  0.00000215358118082  0.00000222231837883  0.00000229003318209
  0.00000235440156764  0.00000242106460457  0.00000249819048094  0.00000257665516909
  0.00000266462641947  0.00000275696207398  0.00000285452634940  0.00000295988339409
  0.00000306795460209  0.00000317768738259  0.00000329287033158  0.00000341103925887
  0.00000353424954542  0.00000366335938878  0.00000380410738842  0.00000395916007768
  0.00000413399571977  0.00000432658436556  0.00000453013588783  0.00000475219181717
  0.00000497614933135  0.00000521486500091  0.00000545794778235  0.00000571306142260
  0.00000598991701963  0.00000627957846684  0.00000660912012565  0.00000695277126540
  0.00000731257637437  0.00000770575512186  0.00000818605566423  0.00000867049304981
  0.00000916157783591  0.00000965634069289  0.00001017362501847  0.00001072306845105
  0.00001129337384330  0.00001191290529784  0.00001262311624091  0.00001338104038096
  0.00001423055971954  0.00001518380652541  0.00001619390586031  0.00001722970716275
  0.00001833724743985  0.00001959401555475  0.00002098773059136  0.00002257402220665
  0.00002430579964116  0.00002616796099253  0.00002822602566684  0.00003048545356433
  0.00003331401747207  0.00003667882984444  0.00004052353302668  0.00004505864718187
  0.00005035140783025  0.00005640989776692  0.00006400330770018  0.00007361961053409
  0.00008473753783323  0.00009788067025379  0.00011400679658881  0.00013540439044556
  0.00016241700044782  0.00019866816074634  0.00025052370373772  0.00032765522279862
  0.00043820750422623  0.00060625346843823  0.00089151769218461  0.00147857576250546
  0.00264941252285114  0.00624914315981388  0.04993460291967979  1.00000000000000000
 -0.00394933254674840  0.01261469873546762  0.02613087150328691  0.03931649392255549
  0.05223559276267563  0.06510837559879348  0.07854649380553516  0.09116054964914867
  0.10215599415240126  0.11296739200972165  0.12395986132457050  0.13548290636242280
  0.14781505005502743  0.15997992411350911  0.17161472581129486  0.18243693331461877
  0.19250883355405243  0.20245838419231624  0.21264616383820578  0.22308471728293422
  0.23350001367992990  0.24315349786744025  0.25279908459756867  0.26266899328361371
  0.27325105609450290  0.28323061581321346  0.29324727661056482  0.30375119774359360
  0.31348946438705644  0.32105549355632129  0.32842448674010594  0.33666898351074809
  0.34724124580805410  0.35776066816135327  0.36812267136647225  0.37886997048002907
  0.39013032294183791  0.40108239315807909  0.41147226314763347  0.42125879440403891
  0.43119138949118380  0.44081835430714789  0.44997459770301118  0.45877704451668544
  0.46661821489661209  0.47472401315163026  0.48398755280841910  0.49370612287965621
  0.50449467422111005  0.51516375014471394  0.52550771036487354  0.53641731397705794
  0.54698068163914115  0.55754784360295140  0.56863424173757482  0.57905329258925053
  0.58902204779212008  0.59891489675843468  0.60937931739269036  0.62030599032313960
  0.63141170254339507  0.64221339991426041  0.65209882893290205  0.66221400586154910
  0.67181254102300691  0.68064822362306365  0.68999819884039004  0.69841033799612784
  0.70670377291071873  0.71555129593514588  0.72445445083729210  0.73446543055654900
  0.74482238984074289  0.75527772721191622  0.76568928153605875  0.77654495356996356
  0.78756362664730406  0.79883278770122612  0.80884132957895882  0.81804993695665718
  0.82651849300734370  0.83553142236650702  0.84559487114104603  0.85606634303354534
  0.86676992893462079  0.87784675859000105  0.88925578507564107  0.90086693083303371
  0.91254532094513185  0.92419842336124047  0.93640417700862932  0.94812961873142176
  0.96007147101484969  0.97218358653360859  0.98574101172951822  1.00000000000000000
 -0.00300674312659450  0.01005814060647786  0.02172487055862720  0.03440239612287679
  0.04663192658442788  0.05806864143331513  0.06794092489361833  0.07783212559563218
  0.08786621468258099  0.09831558155966770  0.10864884168368080  0.11920400179685067
  0.12977183007989457  0.14005079953439051  0.14985397080468751  0.16003339531437491
  0.17064430262463248  0.18201000230829589  0.19333388894744996  0.20466026616280414
  0.21635174645533070  0.22841701803827116  0.24011760015831982  0.25029821559422943
  0.26045311612067851  0.26923684243506546  0.27877185759839612  0.28814394050953868
  0.29780045956172568  0.30976837296798865  0.32174875059282776  0.33525912634846999
  0.34758264544152812  0.35941471802045682  0.37105124468008394  0.38255546385030975
  0.39368685601588382  0.40416828131723526  0.41505139184955120  0.42590211219254653
  0.43500305743731482  0.44390654345601455  0.45222524274877007  0.46301247098028070
  0.47501219446853593  0.48720898009055519  0.49907909337818818  0.51099189496569297
  0.52329183266489254  0.53544738692864258  0.54686334150887894  0.55573275081535067
  0.56406872883761561  0.57176997013704600  0.58038084753284935  0.58872147686645238
  0.59744519696635712  0.60680048592411628  0.61751828123879438  0.62900963903050910
  0.64016943402031012  0.65080144562223907  0.66113221290195656  0.67094952677033548
  0.68051481953029014  0.68955694595956518  0.69881914873563478  0.70884500317521937
  0.71957234297273143  0.73018377811095736  0.74046011354619434  0.75098280103463466
  0.76186237005720248  0.77226745725244439  0.78220919157442925  0.79160680764892855
  0.80067847969441253  0.81031067032386228  0.82093819993753525  0.83155527636992099
  0.84176575099159312  0.85134631991328980  0.86198457611232226  0.87332250718623594
  0.88435139069567836  0.89538523846698892  0.90623612069958592  0.91724004450485641
  0.92864418490747669  0.94043669556661325  0.95203398819333940  0.96349895120828100
  0.97349622305633299  0.98285997655526447  0.99164876697645110  1.00000000000000000
  0.01088406823485991  0.01432593670881001  0.01702112764206032  0.01987220739723413
  0.02393537201914946  0.02871057618648853  0.03417786417268565  0.03956650873345501
  0.04611805548894702  0.05368236861279555  0.06127659768169512  0.06884117405958962
  0.07508241439755541  0.08150968254279559  0.08819823557383921  0.09544908295901521
  0.10307274007273043  0.11042822486885931  0.11719362173353917  0.12453255814441209
  0.13167494968373397  0.13994360275460677  0.14937808999889027  0.15988473963502031
  0.17079308764357087  0.18117423871373173  0.19169295610542289  0.20259986733497334
  0.21401440615578218  0.22560769398718494  0.23687019555417554  0.24797009924137228
  0.25890004206839923  0.26960491804786768  0.28039500575330534  0.29177422742379017
  0.30411514711498933  0.31676418755855346  0.32966665454871213  0.34297784983898205
  0.35594654189342712  0.36865140385071671  0.38119648290113839  0.39380666713033713
  0.40658954669368547  0.41976826880932450  0.43356215355366989  0.44811428658503966
  0.46253518447767100  0.47592306793961281  0.48934378349443897  0.50385580924405315
  0.51877726456794726  0.53254052019783416  0.54523294494031693  0.55780087588445826
  0.57020788062830741  0.58295335643248147  0.59555932384091237  0.60876930896398895
  0.62251585861011038  0.63609860011070218  0.64999134178414131  0.66463346313656857
  0.67866812347725336  0.69277227837412303  0.70727864557892262  0.72252685969231223
  0.73564047291633450  0.74612083912046290  0.75641704323537418  0.76662793612266866
  0.77676183183908321  0.78650483993769227  0.79690829668735352  0.80785192964109842
  0.81888842405983187  0.82958438712779614  0.84164574866667552  0.85249281772626184
  0.86314336243626222  0.87338323053014855  0.88369856789871737  0.89447638586917877
  0.90511517429658295  0.91567183625719561  0.92565304207490595  0.93382234697049671
  0.94102162016473090  0.94807992020381893  0.95566256015444317  0.96417104999296255
  0.97315735810751514  0.98195882274218360  0.99032791805048292  1.00000000000000000
 -0.00243775394858644  0.00917502332613383  0.01876695110303266  0.02716425360390349
  0.03526735981622937  0.04394200268425461  0.05290304715644519  0.06201343164594098
  0.07144942757404009  0.08012958135377024  0.08986597590889901  0.10165744290084371
  0.11334279764339386  0.12492629651946002  0.13614602186335967  0.14686175648855052
  0.15760200738714744  0.16993057462709246  0.18283926292627858  0.19431239390857938
  0.20403833490054205  0.21335598666937444  0.22311253364962796  0.23337393793372091
  0.24420208071093280  0.25510348017929535  0.26505281453574620  0.27441893225560071
  0.28375080593950019  0.29344824359204297  0.30369900013936307  0.31437329639868372
  0.32543585624211296  0.33699144485633364  0.34828640158574459  0.35915969232808798
  0.36967584183731395  0.37980662133183579  0.39106313763843159  0.40135676880004040
  0.41116813249216683  0.42083027932555961  0.43039549174670427  0.44140538151531106
  0.45208619865430599  0.46206035725435396  0.47148234848605181  0.48095606754254577
  0.49104752019608344  0.50140044479081203  0.51174528177705703  0.52184246711895010
  0.53143284514967426  0.54078207804443057  0.55041260259439273  0.56078071312606792
  0.57164436290681553  0.58306939900509158  0.59431008540031727  0.60460492748891004
  0.61453609555096234  0.62455165442535387  0.63502245301964910  0.64551350266271834
  0.65642287386370579  0.66759085551666608  0.67782232691846955  0.68829682641738710
  0.69906296772433341  0.71076521824351024  0.72326049863914543  0.73537297821726144
  0.74733214407514548  0.75883689287833089  0.76979358983533930  0.78063161979281992
  0.79129658117573631  0.80250747023144586  0.81496334610922794  0.82774496138582665
  0.83782957887001386  0.84639634827436649  0.85481782924885530  0.86363581635718212
  0.87376125602819232  0.88494272812169261  0.89683376853900332  0.90852737886846191
  0.91917334780065529  0.92946083903698762  0.94022398278474895  0.95312792948227965
  0.96524030480347767  0.97638431194455566  0.98784172822517102  1.00000000000000000
 -0.00134732080184106  0.00354729727559678  0.00750335842037041  0.01010963350309350
  0.01250095875005998  0.01491322571624421  0.01731042230462879  0.01977011874170228
  0.02241270402332143  0.02526326952554554  0.02858008859446314  0.03244674577039802
  0.03648353338553068  0.04087923250878293  0.04612279692367998  0.05099118376363002
  0.05555304590332026  0.06001161202463887  0.06465897592373665  0.07011562799197660
  0.07610783286713793  0.08266869092625605  0.08979494606272151  0.09727517039708955
  0.10497356271257677  0.11300959284476290  0.12135818605139667  0.13017818187270158
  0.13988408567752347  0.15037976874539868  0.16110762642169527  0.17246084690553429
  0.18494103652019081  0.19801215943153153  0.21103371908209614  0.22430245519709704
  0.23835184782675203  0.25297423213921522  0.26732130682257982  0.28209828175692603
  0.29720565052806047  0.31331720448658190  0.32932921229248580  0.34519157669437928
  0.36088718534861397  0.37704156463460486  0.39323416489114710  0.40893208081143184
  0.42490504302101634  0.44224605082715979  0.46058312609443153  0.47936539953657198
  0.49709506614723636  0.51509796153950560  0.53372386049463305  0.55285454707611237
  0.57122264293570213  0.58875285765235619  0.60541590832294878  0.62315907838560902
  0.64151711919177934  0.65951085871202786  0.67618373083655403  0.69072527571852826
  0.70609738700803859  0.72135306208883876  0.73603719150223690  0.74937586168309789
  0.76252650795117449  0.77597349736346222  0.79021819443635344  0.80471701805074936
  0.81837531555546095  0.83093200461790440  0.84275498797969062  0.85419215117895808
  0.86561477140568610  0.87683150084015216  0.88694010641094223  0.89578665638500299
  0.90319574954477500  0.91053795299656126  0.91803234001935174  0.92433986188749895
  0.93262655450480103  0.94052882464666931  0.94865479981621015  0.95695207151829143
  0.96420540151047196  0.97006540396357632  0.97540321972627597  0.98054695059995911
  0.98535132592215835  0.99022224867744946  0.99512072239283156  1.00000000000000000
 -0.00177198730730842  0.00778391325705786  0.01647506829875239  0.02586356455871584
  0.03490088130463657  0.04474529855507257  0.05679080326687454  0.06864393768536842
  0.08032123838816185  0.09251158844858064  0.10537882377835057  0.11768458363332228
  0.12957967065339143  0.14160996343076768  0.15331288092222342  0.16435060701143125
  0.17475201763827303  0.18544403897303616  0.19478346109487460  0.20301183175251983
  0.21063244465339062  0.21799667277121137  0.22564679815112676  0.23425962328151931
  0.24338378215418707  0.25335215070884221  0.26240932126287464  0.27085082349646672
  0.27958782254073239  0.28860690092233948  0.30066842553684764  0.31141833690733700
  0.32220473424594970  0.33222812090928455  0.34173168689169026  0.35150704684293554
  0.36109792232257759  0.37147916265144448  0.38291243435673933  0.39431177306170218
  0.40588512247069686  0.41740553515768813  0.42668456393216425  0.43642029986463898
  0.44549926175758991  0.45603723466571944  0.46666065071240193  0.47772210786543540
  0.48888638394128664  0.49910890940319352  0.50822182763827350  0.51804014454455272
  0.52880988386586003  0.54075020697435483  0.55207439319478058  0.56250937081814478
  0.57322573354946460  0.58373573211223273  0.59458038878244235  0.60542894581470952
  0.61629743720693397  0.62650277565908119  0.63623244533668200  0.64603536098015857
  0.65618210282316558  0.66706530777792583  0.67800359639456864  0.68854496851795766
  0.69865776720230377  0.70880839311390731  0.71963977455253980  0.73116821792606068
  0.74232116242946955  0.75330658246917670  0.76352235833749860  0.77414077079956034
  0.78497675321550542  0.79643723003305922  0.80803049595289600  0.81946738058645796
  0.83073893618977490  0.84115812421493463  0.85159817525504244  0.86256962035191365
  0.87401727515305816  0.88616388151128811  0.89900479056752003  0.91188730613191071
  0.92310393955767789  0.93384602268797523  0.94516109458568220  0.95701893769830515
  0.96681022229400260  0.97669526315165378  0.98740320135714932  1.00000000000000000
 -0.00160865564905752  0.01101468319191647  0.02136952004865776  0.03167856775893511
  0.04202774192214877  0.05295536197703904  0.06456563937633437  0.07723416287445914
  0.08947402109684612  0.10069074326238903  0.11135868605982741  0.12159478341825661
  0.13390676340628990  0.14728850974742161  0.16102060221391692  0.17180446660993962
  0.18191854217991768  0.19137895099628538  0.20167555861358238  0.21142673086866184
  0.22160651264382875  0.23260842940455298  0.24444585958919052  0.25627749486287554
  0.26759127399535304  0.27886839489843629  0.29071648864176164  0.30197556468384934
  0.31326528851943747  0.32299843747405510  0.33287765657158169  0.34316901187909676
  0.35536268863765447  0.36844624898584222  0.38143696720471670  0.39389623083425224
  0.40649472727000946  0.41863547896352987  0.42999061498522922  0.44109529103108119
  0.45121507965866964  0.46015593354883888  0.46866337031080202  0.47716412184412227
  0.48658071933910502  0.49645491081748711  0.50560532279119763  0.51456779012525922
  0.52345267742111623  0.53157266030551198  0.53978350111297779  0.54710855539057679
  0.55571540335816549  0.56496864071367159  0.57571861947830050  0.58825804852871078
  0.60088772398435575  0.61208520139101108  0.62170790050904157  0.63118742707198827
  0.64108743489289077  0.65177483503597877  0.66286060234693855  0.67478157013823858
  0.68807393026159624  0.70104010912053871  0.71336735602279788  0.72383064341691317
  0.73319664450547906  0.74216277686175980  0.75170828066764994  0.76192920741884984
  0.77271442412236113  0.78483903383392017  0.79741844598726974  0.81011235023712880
  0.82239841783197709  0.83348272683403490  0.84255599028665296  0.85156502007034185
  0.86022928363985962  0.86870841848269742  0.87700706657085103  0.88462673818066262
  0.89198582374126401  0.90112267877394625  0.91136458447508806  0.92172620722203003
  0.93157992920975574  0.94210454910945585  0.95276781314917336  0.96402637458754792
  0.97553427322801090  0.98473528821569867  0.99274586814738319  1.00000000000000000
  0.66948963385262850  0.73100526266548016  0.77057832850720798  0.77343238444404228
  0.78009395332126430  0.79023397567770859  0.80572935210370222  0.81581716260059489
  0.82225676844377871  0.82716526267947477  0.83149912153245442  0.83567854503030081
  0.83987825478088751  0.84425496085390128  0.84877460323005072  0.85295443785865077
  0.85667028527066635  0.86011538880575722  0.86343451533344717  0.86683743299645699
  0.87032159999164382  0.87361044302606405  0.87663828417494516  0.87944889790266889
  0.88227595154502003  0.88506269671533211  0.88770984724238555  0.89025536689050389
  0.89276281305246152  0.89536109551040777  0.89796030987661879  0.90059265216230100
  0.90318517022210154  0.90570881606373455  0.90815000344080488  0.91055666457688189
  0.91298151745005263  0.91534727372659841  0.91757913506047584  0.91963173079930471
  0.92163774137332477  0.92363118992370297  0.92560641267568311  0.92756744044875949
  0.92950071669815293  0.93137219803942850  0.93321961281683030  0.93511063033216646
  0.93701542995996912  0.93889161423066358  0.94074125366605166  0.94253181363805316
  0.94425065218918347  0.94593501867201757  0.94764785797661744  0.94932455492369017
  0.95100299446442305  0.95262241128939740  0.95421441819876973  0.95579682044813985
  0.95741775912266813  0.95889065522114914  0.96029793743433944  0.96160920565250896
  0.96286594672915904  0.96412037562428321  0.96538729470389217  0.96661724361332424
  0.96785354236013721  0.96911284438186407  0.97038971180011746  0.97169866729352639
  0.97299277666124273  0.97425528561497721  0.97553904988726980  0.97680433832106328
  0.97804043907135974  0.97923643895656276  0.98028025907331728  0.98126975414131634
  0.98226095638765498  0.98326242180645929  0.98426037650950515  0.98534313002759866
  0.98651398741023966  0.98770376175620700  0.98889637425654453  0.99009694221807021
  0.99128563599909858  0.99240044609348488  0.99347237766775198  0.99459192907980343
  0.99572528691641560  0.99698575366208453  0.99841486299867577  1.00000000000000000
 -0.01724180423721352  0.11864373966371770  0.14995185217803669  0.16884527279213651
  0.18062497596894922  0.19128316054914940  0.19982042866049235  0.20978767253804043
  0.21877185005625868  0.22901090968775056  0.23906125346757948  0.24842804587071929
  0.25766082822094399  0.26654342968778844  0.27501139425655330  0.28274340312868140
  0.29025512866932351  0.29837540108923288  0.30699576699949527  0.31476296232518081
  0.32162253006150654  0.32828970328021767  0.33445241581400759  0.34115701625693673
  0.34808738597199729  0.35522194935294521  0.36227972285153215  0.36912762315892822
  0.37571340049196372  0.38222254452245136  0.38902032195693037  0.39563591447869695
  0.40130050163622905  0.40658147745264367  0.41183756661850240  0.41716294092357048
  0.42230834656656180  0.42711839982105920  0.43198020513198304  0.43697413582486022
  0.44228006920442753  0.44743717785012421  0.45249987412558562  0.45732014403070376
  0.46146459102766851  0.46623752699498017  0.47071795803917504  0.47559102198721015
  0.48155681705420217  0.48766892683402752  0.49347690297962848  0.49915434885699494
  0.50463629553488043  0.50986087430756122  0.51484717094762733  0.51959109227839928
  0.52440658878558377  0.52997611904732711  0.53634627768675536  0.54264918007107732
  0.54877168673501953  0.55450078877659625  0.56014097205250557  0.56548967414638041
  0.57087672217251184  0.57639220426715798  0.58206125439500600  0.58850109236145387
  0.59507477161490152  0.60160147519529195  0.60838240819079259  0.61517632966277680
  0.62206408133841740  0.62922632183200500  0.63668534028179125  0.64434087608322499
  0.65169130707435274  0.65871683269995951  0.66548765807107457  0.67214222489638142
  0.67896777438781930  0.68645118916086190  0.69480291256519866  0.70410325736038482
  0.71412644159526228  0.72228985570343007  0.72946314690266700  0.73730074780257870
  0.74704489536551255  0.75961282415445719  0.77325540171964424  0.78886428450866053
  0.80948542656519895  0.83742412523574539  0.87382639484581826  1.00000000000000000
   1.3700716495827330E-005  -1.0000000000000000     
 F F F F F F F F F F F F F F F F F F F F F F F F F F F F F F F F F F F F F F F F F F F F F F F F F F F F F F F F F F F F F F F F F F F F F F F F F F F F F F F F F F F F F F F F F F F F F F F F F F F F F F F F F F F F F F F F F F F F F F F F F F F F F F F F F F F F F F F F F F F F F F F F F F F F F F F F F F F F F F F F F F F F F F F F F F F F F F F F F F F F F F F F F F F F F F F F F F F F F F F F F F F F F F F F F F F F F F F F F F F F F F F F F F F F F F F F F F F F F F F F F F F F F F F F F F F F F F F F
  <DiscreteSampler_grid>
  grouped_processes
  1 # 1 for a reference and 2 for a running grid.
  10 # Attribute 'min_bin_probing_points' of the grid.
  1 # Attribute 'grid_mode' of the grid. 1=='default',2=='initialization'
  0.0000000000000000 # Attribute 'small_contrib_threshold' of the grid.
  0.5000000000000000 # Attribute 'damping_power' of the grid.
 # binID   n_entries weight   weight_sqr   abs_weight
    13   10   6.377431190571015E-002   1.366179470830578E-002   6.377431190571015E-002
    16   10   8.232957051247633E-002   2.274898112400335E-002   8.232957051247633E-002
    22   10   5.993431275066158E-002   1.198580432311504E-002   5.993431275066158E-002
    25   10   7.589011010904970E-002   1.923200018092722E-002   7.589011010904970E-002
  </DiscreteSampler_grid>
