 -0.00286426209411786  0.01666120381319453  0.03227716377861045  0.04664358718258975
  0.06018870147692316  0.07315676786593130  0.08588320782576357  0.09846028314255810
  0.11117770453414481  0.12361806804606661  0.13524244780175529  0.14607066499108423
  0.15647091116212927  0.16787241387036911  0.18099479342167116  0.19314416656513553
  0.20379567435431939  0.21479406256365213  0.22556197380903756  0.23696859939318832
  0.24861753380969404  0.26061460862420210  0.27199395856232911  0.28247987965663607
  0.29314120373527680  0.30420549354455112  0.31563698399803852  0.32661538018200237
  0.33688682765619188  0.34710384500262437  0.35722068269334117  0.36780486441365967
  0.37838148908417357  0.38976452572903797  0.40198526986883154  0.41464886557740416
  0.42583874395773552  0.43533087530990033  0.44436085145337562  0.45298954328878460
  0.46309633309556081  0.47355972677523767  0.48375943460446180  0.49377764771954602
  0.50512320700438140  0.51700761484114255  0.52856287719567641  0.53875151360811802
  0.54906287988328950  0.55938158055037135  0.56951615834492153  0.58015800743322110
  0.59023426798757039  0.60143598179838553  0.61197798095431732  0.62272629781142586
  0.63304067357922766  0.64304233805804623  0.65238456681574053  0.66082308993128558
  0.66920845264914708  0.67836791838509736  0.68833389264826073  0.69911698575621073
  0.70968799927843784  0.72055482398300286  0.73102206569189165  0.74134593745817645
  0.75209643154229744  0.76368344732023918  0.77404842970819343  0.78348372081218054
  0.79274461875356250  0.80298530334689222  0.81368670748072280  0.82401067400413308
  0.83381309556594063  0.84333306972900612  0.85288278117460592  0.86200515074148110
  0.87100145612500757  0.88029781789087225  0.88998355227390380  0.90005410590718227
  0.90985338716267794  0.91942934808592003  0.92906963672298992  0.93911280131048480
  0.94958642791385761  0.95953054287347128  0.96830464600689137  0.97641249310316747
  0.98405232745419013  0.99002207393739117  0.99519375370321439  1.00000000000000000
  0.00000139002541282  0.00000143967200806  0.00000148459438706  0.00000153163445470
  0.00000158059326778  0.00000163023831777  0.00000168016396818  0.00000172783879204
  0.00000177533498994  0.00000182374949940  0.00000187346496055  0.00000192639814217
  0.00000198459240972  0.00000204408705216  0.00000210460798330  0.00000216611304829
  0.00000222961163185  0.00000230004773468  0.00000237177395129  0.00000244294185805
  0.00000251964297110  0.00000260035219132  0.00000268263575762  0.00000276398021254
  0.00000284654066806  0.00000293520417330  0.00000303103702148  0.00000313309226056
  0.00000324002100793  0.00000335312576416  0.00000347183887104  0.00000358924500066
  0.00000370971485144  0.00000382099859972  0.00000394241888144  0.00000406976984411
  0.00000421240016941  0.00000436550162714  0.00000452449406514  0.00000468904468503
  0.00000486225769105  0.00000504402192356  0.00000522967507103  0.00000541743026027
  0.00000562517525846  0.00000584820667324  0.00000607738266986  0.00000632214692143
  0.00000659051060211  0.00000688070389522  0.00000717871530888  0.00000748677003026
  0.00000781831241466  0.00000817096743946  0.00000854854855330  0.00000896022556593
  0.00000943805670503  0.00000986146722197  0.00001032426764188  0.00001083819381452
  0.00001144375998177  0.00001208151487101  0.00001280994224820  0.00001361433169086
  0.00001455857585398  0.00001562551216367  0.00001672019031202  0.00001786050953520
  0.00001896192979428  0.00002013480501186  0.00002147573350611  0.00002313207654104
  0.00002516775502183  0.00002746041483902  0.00003020226493327  0.00003335079859594
  0.00003699879395070  0.00004127104708902  0.00004634679049769  0.00005244148742136
  0.00005921684523884  0.00006722567728921  0.00007661923885782  0.00008850551492009
  0.00010391875427417  0.00012381421017905  0.00015571271695672  0.00020828895608279
  0.00029148601058063  0.00042663781046944  0.00065749391666136  0.00107453924117094
  0.00200737650488399  0.00503227420366996  0.08466830308056128  1.00000000000000000
  0.00000191588121162  0.00000203017557953  0.00000211534954662  0.00000219384284111
  0.00000227222708127  0.00000234935022923  0.00000243182533941  0.00000252677894290
  0.00000263455048530  0.00000274871146041  0.00000286957728409  0.00000300658441101
  0.00000318429513436  0.00000336035085149  0.00000357085076182  0.00000378569850518
  0.00000401075357572  0.00000424708085076  0.00000448924292325  0.00000474278898599
  0.00000501282185711  0.00000527890538449  0.00000554261697610  0.00000579977448373
  0.00000607232560374  0.00000636760974980  0.00000672444821716  0.00000709203800139
  0.00000748685372138  0.00000792629348799  0.00000839846118931  0.00000891008616728
  0.00000945502054463  0.00001000846068641  0.00001057524809211  0.00001117355293756
  0.00001177416176592  0.00001240596528241  0.00001310263511204  0.00001383336523233
  0.00001465887856992  0.00001558506607546  0.00001656979829589  0.00001763120705250
  0.00001873970008742  0.00001987398932957  0.00002101227680279  0.00002213794511216
  0.00002340274031835  0.00002475734677659  0.00002618737661911  0.00002771446969737
  0.00002936342825005  0.00003115380686995  0.00003314223736511  0.00003538768011183
  0.00003786206974599  0.00004043781736018  0.00004318397209358  0.00004631804249923
  0.00004942966939127  0.00005306904472189  0.00005704377785647  0.00006171363755180
  0.00006703956163112  0.00007266583812975  0.00007862358202978  0.00008531305541719
  0.00009319869881341  0.00010225600961443  0.00011278202661350  0.00012512803159635
  0.00013952688413053  0.00015506613287404  0.00017163319849076  0.00018985837903128
  0.00021079051712754  0.00023561824010153  0.00026441531296046  0.00029473997465341
  0.00032839894116794  0.00037341692529039  0.00043863644926698  0.00052534964815830
  0.00063440536138368  0.00076635840034215  0.00090543363516482  0.00106313081551096
  0.00128010087700818  0.00162095597961819  0.00201395540989088  0.00243648554929730
  0.00313068719515830  0.00505182541522143  0.01166198057243540  1.00000000000000000
  0.00000288418647153  0.00000310896515511  0.00000343156837095  0.00000387501871037
  0.00000445104671499  0.00000507454347241  0.00000572641842346  0.00000633332127780
  0.00000690568844223  0.00000748372048810  0.00000809003118630  0.00000871072035262
  0.00000935171128776  0.00001009158713887  0.00001085420196443  0.00001165974947117
  0.00001251588670403  0.00001342583061124  0.00001437253204410  0.00001535574199970
  0.00001639798426920  0.00001761410210921  0.00001896664244087  0.00002043320556753
  0.00002195128616084  0.00002352454203181  0.00002518365832299  0.00002703884035005
  0.00002923896295979  0.00003152773691635  0.00003405757995139  0.00003676281495341
  0.00003988172603223  0.00004325184141771  0.00004689457389695  0.00005078324103081
  0.00005482487016981  0.00005944067605710  0.00006469294476655  0.00007049013576199
  0.00007654206836495  0.00008259775420783  0.00008875122966358  0.00009546131339271
  0.00010294109384023  0.00011164360815724  0.00012058888902074  0.00012993455236562
  0.00013968089859232  0.00015029465534632  0.00016216389581160  0.00017587517209335
  0.00019102346126616  0.00020769296042764  0.00022601474693702  0.00024671020834733
  0.00026943421075803  0.00029291495986585  0.00031659641133038  0.00034012125737778
  0.00036501045036989  0.00039109107320624  0.00041850987901912  0.00044652193569031
  0.00047796408737323  0.00051371915881046  0.00055200791317205  0.00059186115939092
  0.00063414669290635  0.00067936899970892  0.00072682165373150  0.00077813831009683
  0.00083643378802621  0.00090036948575097  0.00097936835311180  0.00107200271451597
  0.00116948160398255  0.00122563155921273  0.00128211120183951  0.00134189816813874
  0.00140092940621145  0.00145317846168210  0.00150542751715276  0.00160695147832005
  0.00171208878148259  0.00181345359705913  0.00195487624898695  0.00216909046202013
  0.00257890934172439  0.00318118294456948  0.00370004129217656  0.00409721966931830
  0.00453094668347793  0.00505830360415342  0.04727444500510070  1.00000000000000000
 -0.00106018582168906  0.00926213257940061  0.01770978874533274  0.02685697252056143
  0.03618468054496997  0.04643687917869228  0.05585955628295685  0.06539961506171454
  0.07541235747148908  0.08659712049089181  0.09662005084949617  0.10632605703309057
  0.11640049590209771  0.12751511574981869  0.13922067722085790  0.15044115733440780
  0.16153811803082238  0.17324300588456118  0.18571890790429724  0.19722587145470788
  0.20830149467107847  0.21957921688592699  0.23198076965556336  0.24449278306195202
  0.25706272222216719  0.26945287931675227  0.28090462831660051  0.29184533334199037
  0.30343886266381070  0.31535154307599922  0.32579597598174009  0.33607021564925948
  0.34678132983142490  0.35800783438126271  0.36941344102941048  0.38080684958869138
  0.39304076367872465  0.40476528110202481  0.41667810302050040  0.42883832672077304
  0.44145997142024140  0.45385273338751292  0.46643968061463453  0.47855299253104333
  0.48978930187251396  0.50109175153643792  0.51270619371973403  0.52493012454178511
  0.53745703294849756  0.54983197475005252  0.56152035666240296  0.57283628521346697
  0.58412705995247027  0.59570696827959113  0.60751036192839714  0.61944192892091987
  0.63068592357263009  0.64126937040147403  0.65156867963346377  0.66178161203286334
  0.67222248778474469  0.68246457189277854  0.69259039587084470  0.70250309377876896
  0.71244341566379310  0.72264144219366100  0.73273708320366426  0.74217860127599411
  0.75129346493441962  0.76026072640555964  0.76956412389146733  0.77935723444909677
  0.78917439653748389  0.79920337554093568  0.80932109058577772  0.81946128207585289
  0.82962177568068585  0.83948408570324029  0.84891593410222488  0.85809527010308384
  0.86719440617043497  0.87619498551600450  0.88527983502535590  0.89466785104992841
  0.90436388272953894  0.91446481623787845  0.92362113207441088  0.93253049917940134
  0.94125986852103316  0.94984413452926486  0.95845204327403632  0.96674479397758495
  0.97512769101716945  0.98356195892904041  0.99166801185197029  1.00000000000000000
 -0.00252793530302719  0.01034143824327677  0.02026968028338553  0.03054935358899112
  0.04022782865780163  0.05047540095213625  0.06037784816859865  0.07047188262497397
  0.08095982496976008  0.09232670123427938  0.10398571851734918  0.11570717352127373
  0.12726589686071066  0.13681353823211151  0.14602801667567433  0.15492326821275362
  0.16412280335265209  0.17463123043851558  0.18531104813990665  0.19648375216816077
  0.20819790467588470  0.22059200898488060  0.23281866277171431  0.24454185889122659
  0.25549234532671578  0.26659448159304633  0.27799549430185855  0.28878700749362984
  0.29902184032194679  0.30893563153781628  0.31957424867657191  0.33038148548586682
  0.34078679771628900  0.35111200289528338  0.36147331479408146  0.37255734229829923
  0.38354764808477304  0.39456692620896633  0.40476666931741639  0.41453557746598113
  0.42426711645197951  0.43428989319665523  0.44432585054984913  0.45382648965027295
  0.46315283249672334  0.47306161385065504  0.48336308646756010  0.49372369585862669
  0.50295958294527232  0.51181499302332401  0.52139455250237066  0.53243826381280368
  0.54310054096152316  0.55311053119883224  0.56309580740092835  0.57326246291530258
  0.58380638074263580  0.59476689704575092  0.60660063539319686  0.61856892168360489
  0.63026529156791777  0.64126650216520731  0.65144200601833013  0.66132124500965384
  0.67081685249658907  0.68031088878790535  0.69005363114262730  0.69996641271756643
  0.71026968774246013  0.72035116489663542  0.73041435446041658  0.74135628221901051
  0.75371365866670881  0.76648758506496573  0.77877272495860694  0.78964816172617269
  0.79984603978984636  0.80978057073033460  0.81980106288982380  0.83027714403493247
  0.84045640544765787  0.85021483537902875  0.85977107831275501  0.86969483857892182
  0.88036466414641301  0.89135805458665929  0.90261313527374432  0.91432236788968979
  0.92550988698586845  0.93619991324044460  0.94619012731711605  0.95650902307598717
  0.96680068810439823  0.97795104443729663  0.98858501770118457  1.00000000000000000
 -0.00083042028215857  0.00649278221526473  0.01382893265189582  0.02069788952932718
  0.02800969553135742  0.03555921241797536  0.04362846443237507  0.05207804159898945
  0.06045787953670141  0.06855648111297988  0.07640228849880204  0.08385077493236395
  0.09052899059923596  0.09726539291730289  0.10425050118057878  0.11255362522843530
  0.12153610832699110  0.13041349325150894  0.13931064576828719  0.14857115976670712
  0.15873429395351080  0.16939021868205673  0.18020673273990942  0.19104025102674821
  0.20160227627879315  0.21161517582244310  0.22099411238571165  0.23022390453776179
  0.24001595718918109  0.25099700687701954  0.26271196648250983  0.27435848409748670
  0.28538029933345138  0.29654619432148105  0.30830905820248017  0.32064168504733032
  0.33306282121944603  0.34597803715801190  0.35839521497760468  0.37076122571643355
  0.38336198310039865  0.39731597730498514  0.41265600486610954  0.42864952050475347
  0.44419254464235730  0.45855252948681474  0.47197406481426740  0.48497846145952184
  0.49897709955414760  0.51388126536990397  0.52793688009962048  0.54072152453581523
  0.55423601302014192  0.56939194658387382  0.58491023854478408  0.59960520522647576
  0.61379663749615920  0.62810900601878827  0.64314253620662665  0.65892697948264078
  0.67359850310963909  0.68725902886426116  0.70025910526227730  0.71331084121019472
  0.72634763397070801  0.73890652832825210  0.75087372839170985  0.76269029204979011
  0.77391385140992397  0.78347835035505831  0.79231499768315172  0.80073847433076584
  0.80957525089740856  0.81887427514787059  0.82787644223106893  0.83623761978481037
  0.84512244676492154  0.85372949071113224  0.86311388669510269  0.87254493187786453
  0.88167958406961977  0.89094202439063275  0.89931890530192860  0.90773607788044941
  0.91600400843145424  0.92454250901175761  0.93293821570488700  0.94091342514338627
  0.94851793159608044  0.95573971381619982  0.96285492145509255  0.96961597493307727
  0.97689542669955487  0.98408314689566689  0.99195482683113234  1.00000000000000000
 -0.00264153813898589  0.01047980746911382  0.02183857119881169  0.03224192451708240
  0.04267572082945927  0.05337538330127179  0.06452857645566189  0.07628691456902954
  0.08822679278043924  0.10014277859029620  0.11110662281169890  0.12116601839012446
  0.13094865137017742  0.14058637602918045  0.14965788359331128  0.15846584234565442
  0.16747749788747959  0.17656126378892492  0.18570306566667538  0.19498355728132075
  0.20458760266213952  0.21533640733669956  0.22650788214536080  0.23841944179578298
  0.25051755773213208  0.26230049199878780  0.27372303225642713  0.28471156251938856
  0.29568233376004743  0.30661559379633219  0.31710948816111667  0.32687808670387164
  0.33722321324769688  0.34854191849173433  0.36100638818815772  0.37311830168926130
  0.38412291502930057  0.39478124256098418  0.40509797078094162  0.41588148193560820
  0.42681604116831723  0.43784219170438826  0.44852721816424745  0.45923414190442846
  0.46933787402480953  0.48037152688180024  0.49186693673513115  0.50352606307916470
  0.51510102431492932  0.52693038335703368  0.53873673002074485  0.55081740764968345
  0.56267503187041379  0.57397972328520219  0.58421331234894081  0.59398810221581022
  0.60327816350470609  0.61303591394119084  0.62347684665976866  0.63417442970723314
  0.64522411148065983  0.65638163560232010  0.66745002981796886  0.67770669580291754
  0.68791835259746859  0.69884409215766219  0.71054901402197812  0.72102952648990704
  0.73133462600203691  0.74109767405493665  0.75183133343571373  0.76203319255240887
  0.77234774310094578  0.78382216397578353  0.79490015998912944  0.80507016087628291
  0.81485072058111618  0.82453876373274448  0.83402720257358987  0.84323928185077857
  0.85252787254629669  0.86161636629289473  0.87040373535015891  0.87883517765914720
  0.88760231362498876  0.89722415186713123  0.90731852566877658  0.91722957787905657
  0.92724309545008010  0.93767890071803017  0.94870809537238354  0.95895038054297499
  0.96994434860912704  0.98097707656749222  0.99083426751334902  1.00000000000000000
 -0.00267497008102495  0.00967438668047984  0.02007068545951770  0.03061528105909159
  0.04138221478850264  0.05127195895305273  0.06107968619957854  0.07092435956113859
  0.08055776545639329  0.09086330686888427  0.10150745563934932  0.11281633231664780
  0.12406703683512653  0.13569062362516701  0.14736180594241455  0.15873034232258618
  0.16896509635832072  0.17835478417405751  0.18744909105095919  0.19708725006260433
  0.20623965912535561  0.21529990690038997  0.22456225943155667  0.23489914723958227
  0.24664029612812799  0.25807818896764795  0.26878476716323763  0.27968538269278420
  0.29113858357295830  0.30374373894280277  0.31631322190110772  0.32769243020686495
  0.33869975555577952  0.34995908450087226  0.36075220139050679  0.37058395211414602
  0.38032785709721245  0.39038720088679746  0.40098310005792098  0.41126499308190817
  0.42132753551880053  0.43111737864998739  0.44114818657761506  0.45134713531451354
  0.46121076869928873  0.47076461131921460  0.48024464599630762  0.48971900111167044
  0.49930776835554186  0.50886379704393758  0.51851790340484127  0.52862417978267762
  0.53953417895313083  0.55084714878396301  0.56132434389165875  0.57113369432228289
  0.58082811017224167  0.59110124566822464  0.60249552669196871  0.61478959660260490
  0.62701555508418305  0.63812111371677349  0.64901242619259403  0.65904376747419136
  0.66891383199867804  0.67922302399197343  0.69020723963707786  0.70059815002526660
  0.71052799246066567  0.72109217752680244  0.73221080772437985  0.74428221822928420
  0.75634098407695716  0.76810921209496175  0.77970669557409655  0.78974539515117992
  0.79975462678765252  0.80941335300974870  0.81978786238013523  0.82973177126017750
  0.83923672949580197  0.84942704563790217  0.85963655359688718  0.87092650665766302
  0.88128691574307849  0.89236939467904863  0.90450342003534046  0.91674700462861480
  0.92835062594254070  0.93929174342578603  0.94901173057624177  0.95909273913003468
  0.96874253445122605  0.97964493123692098  0.98983288564060867  1.00000000000000000
 -0.00005127559631009  0.00009523224193437  0.00029072116345537  0.00053249087037367
  0.00063119573186002  0.00072825875109783  0.00082374496227912  0.00091801119462741
  0.00101044312614200  0.00110032763439254  0.00118426420329415  0.00126716336708393
  0.00134925435508944  0.00143205792559903  0.00151410283031923  0.00159136733899386
  0.00166935940647030  0.00174877983676407  0.00182697640361386  0.00190405740417686
  0.00198908796293620  0.00207813879730258  0.00216209963878475  0.00224667953144013
  0.00233269039857808  0.00242003292540441  0.00250858869331692  0.00260555958433848
  0.00270854020233961  0.00282292097330216  0.00291753911081438  0.00300877923431893
  0.00309568587701891  0.00318302833344814  0.00327092839338771  0.00336207170134585
  0.00345481864296860  0.00355743079540415  0.00366148720805625  0.00376688734233220
  0.00390223531641686  0.00403587921577898  0.00416423889080235  0.00428909664373220
  0.00441706170296477  0.00453142267391367  0.00464257926501273  0.00475542784748447
  0.00486956059327149  0.00499095383613241  0.00513081300335700  0.00528538399045458
  0.00543997975227709  0.00558457794127473  0.00571137668652919  0.00582397466502824
  0.00593199119821648  0.00603700620817962  0.00615386375562257  0.00627416761198886
  0.00639412269268965  0.00652945355970879  0.00667274032143746  0.00682462062295932
  0.00700202699786220  0.00719927153185698  0.00745213474638269  0.00770073331314943
  0.00792201763603573  0.00815638223667622  0.00843500595438188  0.00878215239228147
  0.00912517235594620  0.00949046902193753  0.00993748654380676  0.01038338882676675
  0.01065640017267364  0.01092978917655885  0.01114571235833427  0.01164307717406657
  0.01199768649393214  0.01233671270073220  0.01276937133329953  0.01347897201953329
  0.01411673122033861  0.01447274563027994  0.01494666988105485  0.01564754418689811
  0.01851904929839339  0.01955274901214914  0.01989271568872139  0.02041339366721290
  0.02804745886776928  0.03371966076022268  0.08112605805163606  1.00000000000000000
 -0.00209188294206709  0.00862398941852427  0.01590486264606920  0.02328197196465114
  0.03119696452176222  0.04057988860085868  0.05172863016706211  0.06268519039903288
  0.07293796494529146  0.08297409284754260  0.09241080397011459  0.10254231382023762
  0.11194895447809713  0.12238100559806010  0.13313889425331790  0.14387181978853672
  0.15644217871571245  0.16894406442191978  0.17903521629286964  0.18943596460762635
  0.19993920287774372  0.21091933542672892  0.22199150200373469  0.23378200592261278
  0.24564363665556505  0.25632774217923798  0.26620664829162421  0.27624430800741695
  0.28655010678172022  0.29676654330537583  0.30688864617952150  0.31759246513090261
  0.32903664294457591  0.34029949219584710  0.35129344459259543  0.36288661189923216
  0.37477870657768653  0.38577994286061479  0.39631991713960796  0.40653596686291704
  0.41729132582707262  0.42810804259644553  0.43802352240740083  0.44836428504839732
  0.45836428954352065  0.46866327607150515  0.47881959148376579  0.48829022215578338
  0.49717138785282400  0.50607273527582053  0.51539950202674156  0.52552520839407135
  0.53647860540615899  0.54817649504831112  0.56005782617463140  0.57164443244834107
  0.58309970168569547  0.59455084629357657  0.60614619309880169  0.61783484502959773
  0.62876537041059666  0.63898677514330549  0.64908124837014247  0.65913654977515934
  0.66878547665204391  0.67843459673732409  0.68903732712218368  0.69976037763407128
  0.71011216318360948  0.72014270403657532  0.73073290623024834  0.74208436888936657
  0.75434581402671697  0.76710530087798012  0.77949856907505022  0.79121306549063863
  0.80245525478953861  0.81331818651099019  0.82444128906314107  0.83585137763942818
  0.84700954924475857  0.85758385126094272  0.86759614136566354  0.87718341003654432
  0.88649514529886309  0.89594136678531178  0.90580271527329548  0.91596504336516016
  0.92631254985025402  0.93658159781371741  0.94712126374085337  0.95750415183487458
  0.96812679209649199  0.97872155685900253  0.98919473117491385  1.00000000000000000
  0.33005023194972216  0.75300908459822447  0.75713066744895441  0.76106920146258583
  0.76435891073214124  0.76731561581547481  0.76994130297254748  0.77262068291875474
  0.77673763830545939  0.78203380488765251  0.78836520188943882  0.79407007894352988
  0.79855712391172351  0.80251299773390250  0.80645652834021475  0.81046826318597376
  0.81424484439827016  0.81779459212819994  0.82085231950484494  0.82389756935177350
  0.82690470067944144  0.83001719421902154  0.83320665427115292  0.83659660067890096
  0.84011768132149856  0.84373437617015801  0.84724691452956880  0.85072544061433342
  0.85394541449634709  0.85683004182455746  0.85960045864470391  0.86261026685264452
  0.86579371152640860  0.86886936338395049  0.87150201422583851  0.87399277921184404
  0.87636920705400867  0.87873903571315182  0.88118107631100939  0.88365608533576023
  0.88626438337432278  0.88900909723348176  0.89168013755537390  0.89416618982299023
  0.89650790879297138  0.89889750763423837  0.90142672877319507  0.90387918270577727
  0.90622591314826795  0.90850513398473176  0.91090808175772331  0.91323166076077067
  0.91541535515648220  0.91753779929487955  0.91969253011822094  0.92192765125989384
  0.92399477629407845  0.92600831276954965  0.92800975785849893  0.93006233022251628
  0.93219278045197362  0.93435861549984667  0.93655768307468401  0.93867527381163529
  0.94064779191711112  0.94247344732808691  0.94416227242163164  0.94581761997478209
  0.94750258362252526  0.94925173618087910  0.95107893296224555  0.95285987021732421
  0.95460940801113170  0.95617745741750071  0.95786044862241526  0.95955745352284572
  0.96129662679202321  0.96308184379235973  0.96488868434362451  0.96666629801976123
  0.96840529154470423  0.97015042345575841  0.97182493934875280  0.97360828638934338
  0.97554139529956718  0.97741056391901182  0.97948957448464313  0.98135767411259234
  0.98320016815691569  0.98507212268167277  0.98695709501539075  0.98906570883388734
  0.99122150483912119  0.99358296567072646  0.99638554264226586  1.00000000000000000
 -0.01347545045603789  0.14019599314908415  0.18420654022331140  0.21186437149826379
  0.23508856594329464  0.25577352784512880  0.27467920231280007  0.29191146017668618
  0.30744114278954926  0.32200604226319740  0.33491168131389720  0.34694831511440999
  0.35803455611184004  0.36852328455281530  0.37913160872014973  0.39020865401843341
  0.40099615466319360  0.41128936205712047  0.42111019277848516  0.43096421008342739
  0.44029953876442501  0.44916070695704780  0.45757947382377767  0.46562485035551354
  0.47360888501922449  0.48079736016585101  0.48758340426519364  0.49420936905307994
  0.50101802897198611  0.50824365305920616  0.51561057496652596  0.52271853342455454
  0.52967100378301180  0.53648275449226712  0.54353001322756789  0.55072497275024035
  0.55794552454505264  0.56532418261474626  0.57284530226439279  0.58031621557244695
  0.58706202291821008  0.59329007980886594  0.59950782584255347  0.60580443975627074
  0.61193053678144693  0.61803806987459420  0.62420781560229921  0.63012333879986904
  0.63603749720425884  0.64190850786951625  0.64754685017668279  0.65272351979729126
  0.65794806452648713  0.66296914048940603  0.66816415027225806  0.67334758393663430
  0.67860473494800000  0.68370786696029329  0.68864532688267055  0.69352130043506455
  0.69840531511671278  0.70350763346698519  0.70907572019795750  0.71476881847565199
  0.72011262364879436  0.72575474434639531  0.73138880444382970  0.73628236780223866
  0.74093769469929827  0.74551719101670599  0.74983775574458056  0.75456160344582035
  0.75928945326569719  0.76404920076016203  0.76899568551670483  0.77410770297948783
  0.77949085928177964  0.78519403158932255  0.79112005807478192  0.79704064231971150
  0.80266560849380997  0.80702018124634933  0.81155274400260247  0.81644031917798021
  0.82175803477726195  0.82831420947591283  0.83610924239248974  0.84448629532250374
  0.85305642360827483  0.86127385823015323  0.86883979696205904  0.87725316246561647
  0.89036313896822372  0.91621771291612519  0.95089868983988846  1.00000000000000000
   1.2783420453633150E-005  -1.0000000000000000     
 F F F F F F F F F F F F F F F F F F F F F F F F F F F F F F F F F F F F F F F F F F F F F F F F F F F F F F F F F F F F F F F F F F F F F F F F F F F F F F F F F F F F F F F F F F F F F F F F F F F F F F F F F F F F F F F F F F F F F F F F F F F F F F F F F F F F F F F F F F F F F F F F F F F F F F F F F F F F F F F F F F F F F F F F F F F F F F F F F F F F F F F F F F F F F F F F F F F F F F F F F F F F F F F F F F F F F F F F F F F F F F F F F F F F F F F F F F F F F F F F F F F F F F F F F F F F F F F F
  <DiscreteSampler_grid>
  grouped_processes
  1 # 1 for a reference and 2 for a running grid.
  10 # Attribute 'min_bin_probing_points' of the grid.
  1 # Attribute 'grid_mode' of the grid. 1=='default',2=='initialization'
  0.0000000000000000 # Attribute 'small_contrib_threshold' of the grid.
  0.5000000000000000 # Attribute 'damping_power' of the grid.
 # binID   n_entries weight   weight_sqr   abs_weight
    13   10   1.217653713164205E+001   1.043632036602398E+003   1.217653713164205E+001
    14   10   1.217653713164205E+001   1.043632036602399E+003   1.217653713164205E+001
    16   10   1.379400140386664E+001   1.276466384826148E+003   1.379400140386664E+001
    17   10   1.379400140386664E+001   1.276466384826148E+003   1.379400140386664E+001
    22   10   1.217653713164205E+001   1.043632036602399E+003   1.217653713164205E+001
    23   10   1.217653713164206E+001   1.043632036602400E+003   1.217653713164206E+001
    25   10   1.379400140386665E+001   1.276466384826149E+003   1.379400140386665E+001
    26   10   1.379400140386664E+001   1.276466384826148E+003   1.379400140386664E+001
  </DiscreteSampler_grid>
