 Process in group number            1
 A PDF is used, so alpha_s(MZ) is going to be modified
 Old value of alpha_s from param_card:   0.13000000000000003     
  ****************************************
 
       NNPDFDriver version 1.0.3
   Grid: NNPDF23_lo_as_0130_qed_mem0.grid
  ****************************************
 New value of alpha_s from PDF nn23lo1:  0.13000000000000000     
 Warning! ptj set to xqcut=   15.000000000000000       to improve integration efficiency
 Note that this might affect non-radiated jets,
 e.g. from decays. Use cut_decays=F in run_card.
 Warning! mmjj set to xqcut=   15.000000000000000       to improve integration efficiency
 Note that this might affect non-radiated jets,
 e.g. from decays. Use cut_decays=F in run_card.
 Define smin to   2425.0000000000000     
 Define smin to   2425.0000000000000     
 Define smin to   2425.0000000000000     
 Define smin to   2425.0000000000000     
 Define smin to   2425.0000000000000     
 Define smin to   2425.0000000000000     
 Define smin to   2425.0000000000000     
 Define smin to   2425.0000000000000     
 Define smin to   2425.0000000000000     
 Define smin to   2425.0000000000000     
 Define smin to   2425.0000000000000     
 Define smin to   2425.0000000000000     
 *****************************************************
 *               MadGraph/MadEvent                   *
 *        --------------------------------           *
 *          http://madgraph.hep.uiuc.edu             *
 *          http://madgraph.phys.ucl.ac.be           *
 *          http://madgraph.roma2.infn.it            *
 *        --------------------------------           *
 *                                                   *
 *          PARAMETER AND COUPLING VALUES            *
 *                                                   *
 *****************************************************

  External Params
  ---------------------------------
  
 mdl_MB =    4.7000000000000002     
 mdl_MT =    173.00000000000000     
 mdl_MTA =    1.7769999999999999     
 mdl_MZ =    91.188000000000002     
 mdl_MH =    125.00000000000000     
 aEWM1 =    132.50700000000001     
 mdl_Gf =    1.1663900000000000E-005
 aS =   0.13000000000000003     
 mdl_ymb =    4.7000000000000002     
 mdl_ymt =    173.00000000000000     
 mdl_ymtau =    1.7769999999999999     
 mdl_WT =    1.4915000000000000     
 mdl_WZ =    2.4414039999999999     
 mdl_WW =    2.0476000000000001     
 mdl_WH =    6.3823389999999999E-003
  Internal Params
  ---------------------------------
  
 mdl_conjg__CKM3x3 =    1.0000000000000000     
 mdl_conjg__CKM1x1 =    1.0000000000000000     
 mdl_CKM3x3 =    1.0000000000000000     
 mdl_complexi =                (0.0000000000000000,1.0000000000000000)
 mdl_MZ__exp__2 =    8315.2513440000002     
 mdl_MZ__exp__4 =    69143404.913893804     
 mdl_sqrt__2 =    1.4142135623730951     
 mdl_MH__exp__2 =    15625.000000000000     
 mdl_aEW =    7.5467711139788835E-003
 mdl_MW =    80.419002445756163     
 mdl_sqrt__aEW =    8.6872153846781555E-002
 mdl_ee =   0.30795376724436879     
 mdl_MW__exp__2 =    6467.2159543705357     
 mdl_sw2 =   0.22224648578577766     
 mdl_cw =   0.88190334743339216     
 mdl_sqrt__sw2 =   0.47143025548407230     
 mdl_sw =   0.47143025548407230     
 mdl_g1 =   0.34919219678733299     
 mdl_gw =   0.65323293034757990     
 mdl_vev =    246.21845810181637     
 mdl_vev__exp__2 =    60623.529110035903     
 mdl_lam =   0.12886910601690263     
 mdl_yb =    2.6995554250465490E-002
 mdl_yt =   0.99366614581500623     
 mdl_ytau =    1.0206617000654717E-002
 mdl_muH =    88.388347648318430     
 mdl_I1x33 =          (2.69955542504654901E-002,0.0000000000000000)
 mdl_I2x33 =               (0.99366614581500623,0.0000000000000000)
 mdl_I3x33 =               (0.99366614581500623,0.0000000000000000)
 mdl_I4x33 =          (2.69955542504654901E-002,0.0000000000000000)
 mdl_ee__exp__2 =    9.4835522759998875E-002
 mdl_sw__exp__2 =   0.22224648578577769     
 mdl_cw__exp__2 =   0.77775351421422245     
  Internal Params evaluated point by point
  ----------------------------------------
  
 mdl_sqrt__aS =   0.36055512754639896     
 mdl_G__exp__2 =    1.6336281798666927     
  Couplings of sm
  ---------------------------------
  
        GC_10 =  -0.12781E+01   0.00000E+00
        GC_11 =   0.00000E+00   0.12781E+01
        GC_12 =   0.00000E+00   0.16336E+01
         GC_1 =  -0.00000E+00  -0.10265E+00
         GC_2 =   0.00000E+00   0.20530E+00
         GC_3 =  -0.00000E+00  -0.30795E+00
        GC_50 =  -0.00000E+00  -0.28804E+00
        GC_58 =  -0.00000E+00  -0.27437E-01
        GC_59 =   0.00000E+00   0.82310E-01

 Collider parameters:
 --------------------

 Running at P P   machine @    13000.000000000000       GeV
 PDF set = nn23lo1
 alpha_s(Mz)= 0.1300 running at 2 loops.
 alpha_s(Mz)= 0.1300 running at 2 loops.
 Renormalization scale set on event-by-event basis
 Factorization   scale set on event-by-event basis


 getting user params
Enter number of events and max and min iterations: 
 Number of events and iterations         1000           5           3
Enter desired fractional accuracy: 
 Desired fractional accuracy:   0.10000000000000001     
Enter 0 for fixed, 2 for adjustable grid: 
Suppress amplitude (0 no, 1 yes)? 
 Using suppressed amplitude.
Exact helicity sum (0 yes, n = number/event)? 
 Explicitly summing over helicities
Enter Configuration Number: 
Running Configuration Number:   25
 Not subdividing B.W.
 Attempting mappinvarients           1           7
 Determine nb_t
 T-channel found:            1
 Completed mapping           7
 about to integrate           13        1000           5           3          13           1
 Using non-zero grid deformation.
 13 dimensions   1000 events 13 invarients  5 iterations  1 config(s),  (0.99)
 Using h-tuple random number sequence.
 Error opening grid
 Using Uniform Grid!          28
 Using uniform alpha   1.0000000000000000     
 Grid defined OK
 Masses: 0.000E+00 0.000E+00 0.000E+00 0.000E+00 0.000E+00 0.000E+00 0.000E+00
 Set CM energy to      13000.00
 Mapping Graph          25  to config          25
 Determine nb_t
 T-channel found:            1
 Setting BW          -1           1   91.188000000000002     
Setting grid   2    0.75740E-07   1
Setting grid   3    0.75740E-07   1
Setting grid   4    0.13314E-05   1
 Transforming s_hat 1/s           12   3.3642919012365896E-005   2425.0000000000000        168999999.99999997     
Using random seed offsets    25 :      4
  with seed                   24
 Ranmar initialization seeds       31083        9401
  Particle       3       4       5       6       7
      Et >    10.0    10.0    15.0    15.0    15.0
       E >     0.0     0.0     0.0     0.0     0.0
     Eta <     2.5     2.5     5.0     5.0     5.0
   xqcut:      0.0     0.0    15.0    15.0    15.0
d R # 3  >    -0.0     0.4     0.0     0.0     0.0
d R # 4  >    -0.0    -0.0     0.0     0.0     0.0
d R # 5  >    -0.0    -0.0    -0.0     0.0     0.0
d R # 6  >    -0.0    -0.0    -0.0    -0.0     0.0
s min # 3>     0.0     0.0     0.0     0.0     0.0
s min # 4>     0.0     0.0     0.0     0.0     0.0
s min # 5>     0.0     0.0     0.0   225.0   225.0
s min # 6>     0.0     0.0     0.0     0.0   225.0
xqcutij # 3>     0.0     0.0     0.0     0.0     0.0
xqcutij # 4>     0.0     0.0     0.0     0.0     0.0
xqcutij # 5>     0.0     0.0     0.0    15.0    15.0
xqcutij # 6>     0.0     0.0    15.0     0.0    15.0
 No cut BW           -1           1
 
 ********************************************
 * You are using the DiscreteSampler module *
 *      part of the MG5_aMC framework       *
 *         Author: Valentin Hirschi         *
 ********************************************
 
 RESET CUMULATIVE VARIABLE
 Iteration  1   Mean: 0.1398E-01 Abs mean: 0.1398E-01   Fluctuation:  0.103E-02   0.356E+00     2.3%
  1    0.1398E-01 0.1398E-01 +- 0.1033E-02      2.34
 Writing out events   1.2325558701628173E-004   2.3370824240717303     
 Relative summed weights:
  0.5491E-02  0.3723E-02  0.1217E-01  0.8481E-02  0.0000E+00  0.0000E+00  0.0000E+00  0.0000E+00  0.4295E-01  0.3331E-01  0.9455E-01  0.8486E-01  0.0000E+00  0.0000E+00  0.3313E-01  0.2611E-01  0.0000E+00  0.0000E+00  0.0000E+00  0.0000E+00  0.0000E+00  0.0000E+00  0.0000E+00  0.0000E+00
  0.3685E-03  0.3895E-02  0.4808E-02  0.1708E-01  0.0000E+00  0.0000E+00  0.0000E+00  0.0000E+00  0.9610E-02  0.1261E-01  0.8068E-01  0.4680E-01  0.0000E+00  0.0000E+00  0.2883E-01  0.4077E-01  0.0000E+00  0.0000E+00  0.0000E+00  0.0000E+00  0.0000E+00  0.0000E+00  0.0000E+00  0.0000E+00
  0.9287E-02  0.9833E-02  0.5267E-02  0.1044E-01  0.6120E-02  0.0000E+00  0.0000E+00  0.0000E+00  0.0000E+00  0.0000E+00  0.0000E+00  0.0000E+00  0.3574E-01  0.2179E-01  0.0000E+00  0.0000E+00  0.1104E-01  0.2184E-02  0.2404E-01  0.2124E-01  0.0000E+00  0.0000E+00  0.7970E-02  0.1301E-01
  0.2636E-01  0.2735E-02  0.0000E+00  0.8953E-02  0.5892E-03  0.1448E-02  0.6735E-02  0.9286E-03  0.0000E+00  0.0000E+00  0.0000E+00  0.0000E+00  0.2545E-01  0.1490E-01  0.0000E+00  0.0000E+00  0.9818E-02  0.8589E-02  0.1190E-01  0.2496E-01  0.0000E+00  0.0000E+00  0.2354E-02  0.5486E-02
  0.0000E+00  0.0000E+00  0.0000E+00  0.0000E+00  0.2951E-02  0.1666E-03  0.2626E-02  0.5061E-02  0.0000E+00  0.0000E+00  0.0000E+00  0.0000E+00  0.0000E+00  0.0000E+00  0.0000E+00  0.0000E+00  0.0000E+00  0.0000E+00  0.0000E+00  0.0000E+00  0.1534E-01  0.8809E-02  0.0000E+00  0.0000E+00
  0.0000E+00  0.0000E+00  0.0000E+00  0.0000E+00  0.0000E+00  0.0000E+00  0.0000E+00  0.1231E-03  0.0000E+00  0.0000E+00  0.0000E+00  0.0000E+00  0.0000E+00  0.0000E+00  0.0000E+00  0.0000E+00  0.0000E+00  0.0000E+00  0.0000E+00  0.0000E+00  0.2084E-01  0.2470E-01  0.0000E+00  0.0000E+00
 Relative number of events:
  0.7648E-02  0.8604E-02  0.1052E-01  0.7648E-02  0.0000E+00  0.0000E+00  0.0000E+00  0.0000E+00  0.1816E-01  0.1530E-01  0.7553E-01  0.9465E-01  0.0000E+00  0.0000E+00  0.2581E-01  0.2103E-01  0.0000E+00  0.0000E+00  0.0000E+00  0.0000E+00  0.0000E+00  0.0000E+00  0.0000E+00  0.0000E+00
  0.9560E-03  0.9560E-03  0.1912E-02  0.3824E-02  0.0000E+00  0.0000E+00  0.0000E+00  0.0000E+00  0.1147E-01  0.7648E-02  0.7075E-01  0.5736E-01  0.0000E+00  0.0000E+00  0.1530E-01  0.1721E-01  0.0000E+00  0.0000E+00  0.0000E+00  0.0000E+00  0.0000E+00  0.0000E+00  0.0000E+00  0.0000E+00
  0.1052E-01  0.1147E-01  0.1052E-01  0.8604E-02  0.9560E-03  0.0000E+00  0.0000E+00  0.0000E+00  0.0000E+00  0.0000E+00  0.0000E+00  0.0000E+00  0.5163E-01  0.3442E-01  0.0000E+00  0.0000E+00  0.5736E-02  0.6692E-02  0.3346E-01  0.3442E-01  0.0000E+00  0.0000E+00  0.4780E-02  0.9560E-02
  0.1912E-02  0.9560E-03  0.0000E+00  0.1912E-02  0.2868E-02  0.7648E-02  0.6692E-02  0.1912E-02  0.0000E+00  0.0000E+00  0.0000E+00  0.0000E+00  0.2772E-01  0.3346E-01  0.0000E+00  0.0000E+00  0.7648E-02  0.2868E-02  0.3346E-01  0.2390E-01  0.0000E+00  0.0000E+00  0.1052E-01  0.1625E-01
  0.0000E+00  0.0000E+00  0.0000E+00  0.0000E+00  0.5736E-02  0.1912E-02  0.3824E-02  0.1147E-01  0.0000E+00  0.0000E+00  0.0000E+00  0.0000E+00  0.0000E+00  0.0000E+00  0.0000E+00  0.0000E+00  0.0000E+00  0.0000E+00  0.0000E+00  0.0000E+00  0.3250E-01  0.1816E-01  0.0000E+00  0.0000E+00
  0.0000E+00  0.0000E+00  0.0000E+00  0.0000E+00  0.0000E+00  0.0000E+00  0.0000E+00  0.9560E-03  0.0000E+00  0.0000E+00  0.0000E+00  0.0000E+00  0.0000E+00  0.0000E+00  0.0000E+00  0.0000E+00  0.0000E+00  0.0000E+00  0.0000E+00  0.0000E+00  0.1912E-01  0.3155E-01  0.0000E+00  0.0000E+00
 Events:
           8           9          11           8           0           0           0           0          19          16          79          99           0           0          27          22           0           0           0           0           0           0           0           0
           1           1           2           4           0           0           0           0          12           8          74          60           0           0          16          18           0           0           0           0           0           0           0           0
          11          12          11           9           1           0           0           0           0           0           0           0          54          36           0           0           6           7          35          36           0           0           5          10
           2           1           0           2           3           8           7           2           0           0           0           0          29          35           0           0           8           3          35          25           0           0          11          17
           0           0           0           0           6           2           4          12           0           0           0           0           0           0           0           0           0           0           0           0          34          19           0           0
           0           0           0           0           0           0           0           1           0           0           0           0           0           0           0           0           0           0           0           0          20          33           0           0
 Iteration  2   Mean: 0.1688E-01 Abs mean: 0.1688E-01   Fluctuation:  0.106E-02   0.116E+01    12.5%
  2    0.1688E-01 0.1688E-01 +- 0.1062E-02      2.82
 Relative summed weights:
  0.3637E-02  0.1393E-01  0.6723E-02  0.8513E-02  0.0000E+00  0.0000E+00  0.0000E+00  0.0000E+00  0.1443E-01  0.2687E-01  0.8001E-01  0.5617E-01  0.0000E+00  0.0000E+00  0.1733E-01  0.8726E-02  0.0000E+00  0.0000E+00  0.0000E+00  0.0000E+00  0.0000E+00  0.0000E+00  0.0000E+00  0.0000E+00
  0.1553E-01  0.7742E-02  0.5856E-03  0.0000E+00  0.0000E+00  0.0000E+00  0.0000E+00  0.0000E+00  0.2456E-01  0.2593E-01  0.1049E+00  0.7428E-01  0.0000E+00  0.0000E+00  0.1824E-01  0.2883E-01  0.0000E+00  0.0000E+00  0.0000E+00  0.0000E+00  0.0000E+00  0.0000E+00  0.0000E+00  0.0000E+00
  0.9636E-02  0.5552E-02  0.3777E-02  0.9654E-02  0.6301E-03  0.1567E-01  0.4145E-02  0.0000E+00  0.0000E+00  0.0000E+00  0.0000E+00  0.0000E+00  0.4991E-01  0.3862E-01  0.0000E+00  0.0000E+00  0.2962E-02  0.1809E-02  0.1601E-01  0.3202E-01  0.0000E+00  0.0000E+00  0.2219E-01  0.1097E-01
  0.1778E-01  0.7477E-02  0.3913E-02  0.8034E-03  0.2192E-02  0.8002E-03  0.6892E-02  0.2586E-02  0.0000E+00  0.0000E+00  0.0000E+00  0.0000E+00  0.3335E-01  0.3810E-01  0.0000E+00  0.0000E+00  0.6662E-02  0.2496E-02  0.8140E-02  0.1432E-01  0.0000E+00  0.0000E+00  0.8410E-02  0.5815E-02
  0.0000E+00  0.0000E+00  0.0000E+00  0.0000E+00  0.2896E-02  0.1511E-02  0.4027E-02  0.2709E-02  0.0000E+00  0.0000E+00  0.0000E+00  0.0000E+00  0.0000E+00  0.0000E+00  0.0000E+00  0.0000E+00  0.0000E+00  0.0000E+00  0.0000E+00  0.0000E+00  0.1203E-01  0.1656E-01  0.0000E+00  0.0000E+00
  0.0000E+00  0.0000E+00  0.0000E+00  0.0000E+00  0.2609E-03  0.0000E+00  0.2797E-02  0.9658E-03  0.0000E+00  0.0000E+00  0.0000E+00  0.0000E+00  0.0000E+00  0.0000E+00  0.0000E+00  0.0000E+00  0.0000E+00  0.0000E+00  0.0000E+00  0.0000E+00  0.1546E-01  0.2052E-01  0.0000E+00  0.0000E+00
 Relative number of events:
  0.5865E-02  0.8309E-02  0.1173E-01  0.1173E-01  0.0000E+00  0.0000E+00  0.0000E+00  0.0000E+00  0.1955E-01  0.1711E-01  0.8358E-01  0.7527E-01  0.0000E+00  0.0000E+00  0.1955E-01  0.1320E-01  0.0000E+00  0.0000E+00  0.0000E+00  0.0000E+00  0.0000E+00  0.0000E+00  0.0000E+00  0.0000E+00
  0.2444E-02  0.9775E-03  0.4888E-03  0.0000E+00  0.0000E+00  0.0000E+00  0.0000E+00  0.0000E+00  0.1271E-01  0.1515E-01  0.8113E-01  0.7038E-01  0.0000E+00  0.0000E+00  0.1369E-01  0.1369E-01  0.0000E+00  0.0000E+00  0.0000E+00  0.0000E+00  0.0000E+00  0.0000E+00  0.0000E+00  0.0000E+00
  0.1222E-01  0.6354E-02  0.1026E-01  0.1222E-01  0.4888E-03  0.1466E-02  0.1466E-02  0.0000E+00  0.0000E+00  0.0000E+00  0.0000E+00  0.0000E+00  0.3910E-01  0.4154E-01  0.0000E+00  0.0000E+00  0.3910E-02  0.3421E-02  0.2542E-01  0.2933E-01  0.0000E+00  0.0000E+00  0.1222E-01  0.1466E-01
  0.2933E-02  0.2444E-02  0.9775E-03  0.9775E-03  0.4399E-02  0.2933E-02  0.6354E-02  0.6843E-02  0.0000E+00  0.0000E+00  0.0000E+00  0.0000E+00  0.3861E-01  0.4106E-01  0.0000E+00  0.0000E+00  0.7820E-02  0.2933E-02  0.2737E-01  0.2248E-01  0.0000E+00  0.0000E+00  0.1075E-01  0.1222E-01
  0.0000E+00  0.0000E+00  0.0000E+00  0.0000E+00  0.6354E-02  0.2444E-02  0.6843E-02  0.4399E-02  0.0000E+00  0.0000E+00  0.0000E+00  0.0000E+00  0.0000E+00  0.0000E+00  0.0000E+00  0.0000E+00  0.0000E+00  0.0000E+00  0.0000E+00  0.0000E+00  0.2297E-01  0.2199E-01  0.0000E+00  0.0000E+00
  0.0000E+00  0.0000E+00  0.0000E+00  0.0000E+00  0.4888E-03  0.0000E+00  0.1466E-02  0.4888E-03  0.0000E+00  0.0000E+00  0.0000E+00  0.0000E+00  0.0000E+00  0.0000E+00  0.0000E+00  0.0000E+00  0.0000E+00  0.0000E+00  0.0000E+00  0.0000E+00  0.2737E-01  0.2346E-01  0.0000E+00  0.0000E+00
 Events:
          12          17          24          24           0           0           0           0          40          35         171         154           0           0          40          27           0           0           0           0           0           0           0           0
           5           2           1           0           0           0           0           0          26          31         166         144           0           0          28          28           0           0           0           0           0           0           0           0
          25          13          21          25           1           3           3           0           0           0           0           0          80          85           0           0           8           7          52          60           0           0          25          30
           6           5           2           2           9           6          13          14           0           0           0           0          79          84           0           0          16           6          56          46           0           0          22          25
           0           0           0           0          13           5          14           9           0           0           0           0           0           0           0           0           0           0           0           0          47          45           0           0
           0           0           0           0           1           0           3           1           0           0           0           0           0           0           0           0           0           0           0           0          56          48           0           0
 Iteration  3   Mean: 0.1707E-01 Abs mean: 0.1707E-01   Fluctuation:  0.706E-03   0.971E+00    17.6%
  3    0.1707E-01 0.1707E-01 +- 0.7056E-03      2.61
 Relative summed weights:
  0.5055E-02  0.8380E-02  0.6616E-02  0.5878E-02  0.0000E+00  0.0000E+00  0.0000E+00  0.0000E+00  0.1596E-01  0.1984E-01  0.7608E-01  0.8818E-01  0.0000E+00  0.0000E+00  0.2804E-01  0.2249E-01  0.0000E+00  0.0000E+00  0.0000E+00  0.0000E+00  0.0000E+00  0.0000E+00  0.0000E+00  0.0000E+00
  0.3076E-01  0.1564E-01  0.4100E-02  0.7775E-03  0.0000E+00  0.0000E+00  0.0000E+00  0.0000E+00  0.1822E-01  0.2534E-01  0.6436E-01  0.7160E-01  0.0000E+00  0.0000E+00  0.2612E-01  0.1951E-01  0.0000E+00  0.0000E+00  0.0000E+00  0.0000E+00  0.0000E+00  0.0000E+00  0.0000E+00  0.0000E+00
  0.8415E-02  0.7416E-02  0.1071E-01  0.9010E-02  0.0000E+00  0.0000E+00  0.3437E-03  0.2103E-02  0.0000E+00  0.0000E+00  0.0000E+00  0.0000E+00  0.3698E-01  0.3760E-01  0.0000E+00  0.0000E+00  0.5803E-02  0.5744E-02  0.2177E-01  0.1403E-01  0.0000E+00  0.0000E+00  0.1127E-01  0.6494E-02
  0.9305E-02  0.9183E-03  0.8942E-02  0.3776E-02  0.1495E-02  0.3123E-02  0.3377E-02  0.1816E-02  0.0000E+00  0.0000E+00  0.0000E+00  0.0000E+00  0.3328E-01  0.3102E-01  0.0000E+00  0.0000E+00  0.3452E-02  0.7378E-02  0.2364E-01  0.1482E-01  0.0000E+00  0.0000E+00  0.9745E-02  0.7777E-02
  0.0000E+00  0.0000E+00  0.0000E+00  0.0000E+00  0.1495E-02  0.7377E-03  0.4341E-02  0.4059E-02  0.0000E+00  0.0000E+00  0.0000E+00  0.0000E+00  0.0000E+00  0.0000E+00  0.0000E+00  0.0000E+00  0.0000E+00  0.0000E+00  0.0000E+00  0.0000E+00  0.1789E-01  0.1438E-01  0.0000E+00  0.0000E+00
  0.0000E+00  0.0000E+00  0.0000E+00  0.0000E+00  0.0000E+00  0.9827E-03  0.9283E-02  0.2057E-01  0.0000E+00  0.0000E+00  0.0000E+00  0.0000E+00  0.0000E+00  0.0000E+00  0.0000E+00  0.0000E+00  0.0000E+00  0.0000E+00  0.0000E+00  0.0000E+00  0.1718E-01  0.1457E-01  0.0000E+00  0.0000E+00
 Relative number of events:
  0.7319E-02  0.8295E-02  0.9515E-02  0.1147E-01  0.0000E+00  0.0000E+00  0.0000E+00  0.0000E+00  0.1952E-01  0.2049E-01  0.7807E-01  0.8783E-01  0.0000E+00  0.0000E+00  0.2122E-01  0.2366E-01  0.0000E+00  0.0000E+00  0.0000E+00  0.0000E+00  0.0000E+00  0.0000E+00  0.0000E+00  0.0000E+00
  0.1952E-02  0.7319E-03  0.9758E-03  0.4879E-03  0.0000E+00  0.0000E+00  0.0000E+00  0.0000E+00  0.1635E-01  0.1488E-01  0.7416E-01  0.8368E-01  0.0000E+00  0.0000E+00  0.1098E-01  0.1171E-01  0.0000E+00  0.0000E+00  0.0000E+00  0.0000E+00  0.0000E+00  0.0000E+00  0.0000E+00  0.0000E+00
  0.8539E-02  0.9271E-02  0.8539E-02  0.1025E-01  0.0000E+00  0.0000E+00  0.2440E-03  0.7319E-03  0.0000E+00  0.0000E+00  0.0000E+00  0.0000E+00  0.4465E-01  0.4586E-01  0.0000E+00  0.0000E+00  0.4391E-02  0.4391E-02  0.2806E-01  0.2196E-01  0.0000E+00  0.0000E+00  0.9271E-02  0.8295E-02
  0.1464E-02  0.7319E-03  0.1220E-02  0.1220E-02  0.3415E-02  0.3903E-02  0.5367E-02  0.4147E-02  0.0000E+00  0.0000E+00  0.0000E+00  0.0000E+00  0.3830E-01  0.3440E-01  0.0000E+00  0.0000E+00  0.4879E-02  0.7319E-02  0.2586E-01  0.2513E-01  0.0000E+00  0.0000E+00  0.9515E-02  0.1269E-01
  0.0000E+00  0.0000E+00  0.0000E+00  0.0000E+00  0.2196E-02  0.2928E-02  0.5123E-02  0.5123E-02  0.0000E+00  0.0000E+00  0.0000E+00  0.0000E+00  0.0000E+00  0.0000E+00  0.0000E+00  0.0000E+00  0.0000E+00  0.0000E+00  0.0000E+00  0.0000E+00  0.2562E-01  0.2098E-01  0.0000E+00  0.0000E+00
  0.0000E+00  0.0000E+00  0.0000E+00  0.0000E+00  0.0000E+00  0.4879E-03  0.1220E-02  0.9758E-03  0.0000E+00  0.0000E+00  0.0000E+00  0.0000E+00  0.0000E+00  0.0000E+00  0.0000E+00  0.0000E+00  0.0000E+00  0.0000E+00  0.0000E+00  0.0000E+00  0.2415E-01  0.2391E-01  0.0000E+00  0.0000E+00
 Events:
          30          34          39          47           0           0           0           0          80          84         320         360           0           0          87          97           0           0           0           0           0           0           0           0
           8           3           4           2           0           0           0           0          67          61         304         343           0           0          45          48           0           0           0           0           0           0           0           0
          35          38          35          42           0           0           1           3           0           0           0           0         183         188           0           0          18          18         115          90           0           0          38          34
           6           3           5           5          14          16          22          17           0           0           0           0         157         141           0           0          20          30         106         103           0           0          39          52
           0           0           0           0           9          12          21          21           0           0           0           0           0           0           0           0           0           0           0           0         105          86           0           0
           0           0           0           0           0           2           5           4           0           0           0           0           0           0           0           0           0           0           0           0          99          98           0           0
 Accuracy:    0.050   0.100   0.031   2.552
 Finished due to accuracy    5.0005437816648554E-002  0.10000000000000001     

 -------------------------------------------------------------------------------
 Accumulated results:   Integral =  0.1647E-01
                        Std dev  =  0.5155E-03
                       Cross sec =  0.1647E-01
             Chi**2 per DoF.     =      2.5517
 -------------------------------------------------------------------------------
 Found          774  events.
 Wrote           99  events.
 Actual xsec    1.6466937549747304E-002
 Correct abs xsec    1.6466937549747304E-002
 Event xsec    1.6466937549747276E-002
 Events wgts > 1:            4
 % Cross section > 1:    1.5582817959247590E-004  0.94630941012384806     
-------------------------------------------------
---------------------------
 Results Last   3 iters: Integral =   0.1647E-01
                     Abs integral =   0.1647E-01
                          Std dev =   0.5155E-03
                  Chi**2 per DoF. =      3.3277
-------------------------------------------------
---------------------------
 Status  0.10000000000000001                4           5

ls status:
events.lhe
ftn26
input_app.txt
results.dat
run1_app.log
