  0.00000010790242753  0.00000012162114243  0.00000012954240053  0.00000013209539540
  0.00000013719577079  0.00000013930412667  0.00000014048562809  0.00000014163991142
  0.00000014278752146  0.00000014392783036  0.00000014549823632  0.00000014762589496
  0.00000014974447455  0.00000015317656753  0.00000015753932956  0.00000016081596603
  0.00000016679829706  0.00000017304410248  0.00000017987678493  0.00000018558813986
  0.00000019142078102  0.00000019728430250  0.00000020412561106  0.00000021131767204
  0.00000021977697319  0.00000022991763351  0.00000024157867971  0.00000025396931012
  0.00000026623322260  0.00000027539080849  0.00000028420837203  0.00000029411398851
  0.00000030527182789  0.00000031678707244  0.00000032768478986  0.00000033971686647
  0.00000035259514928  0.00000036508999520  0.00000037476467098  0.00000038491281458
  0.00000039546503447  0.00000040757417792  0.00000042192278401  0.00000044446975044
  0.00000046933829268  0.00000049399993767  0.00000052004350178  0.00000054886442700
  0.00000057933208069  0.00000061301424837  0.00000065288101564  0.00000069701747656
  0.00000074006261990  0.00000078311014363  0.00000082734449915  0.00000087357204208
  0.00000092192604945  0.00000097366772308  0.00000102844476721  0.00000108819080331
  0.00000115663002329  0.00000122522249829  0.00000129943195912  0.00000138461951632
  0.00000149036630444  0.00000159371184443  0.00000172175885137  0.00000184729302026
  0.00000197793572594  0.00000212584850135  0.00000229418264453  0.00000250104123371
  0.00000272049989789  0.00000297201432693  0.00000324446730097  0.00000357217397730
  0.00000393984704420  0.00000438727022267  0.00000489343693508  0.00000547280899646
  0.00000616611339991  0.00000700195116949  0.00000808982167670  0.00000935989049474
  0.00001092653901017  0.00001288246410757  0.00001545758771718  0.00001909106533743
  0.00002437527379352  0.00003283238845695  0.00004660595344721  0.00007398584956560
  0.00014882194877570  0.00050352361745598  0.04537027609699434  1.00000000000000000
  0.00000059577273525  0.00000061323153488  0.00000064704691346  0.00000071003837542
  0.00000076022290724  0.00000082077150378  0.00000088883735139  0.00000096474405718
  0.00000107265789804  0.00000117188262828  0.00000126108577457  0.00000133792598256
  0.00000138339345675  0.00000142358713432  0.00000146222833997  0.00000150081374356
  0.00000154259048446  0.00000160532481776  0.00000169263056401  0.00000178162081350
  0.00000187410692777  0.00000198969135592  0.00000211446327342  0.00000223830464273
  0.00000237475884582  0.00000253136600767  0.00000269386696768  0.00000285313649624
  0.00000303315930961  0.00000323442236121  0.00000345432216035  0.00000367743314382
  0.00000390786390743  0.00000415017704757  0.00000439210742819  0.00000460731212924
  0.00000480829577012  0.00000502493112840  0.00000530204858366  0.00000563561831167
  0.00000596657763783  0.00000625845660104  0.00000655511715046  0.00000687563473153
  0.00000720793384726  0.00000762750737892  0.00000815865057403  0.00000858370133311
  0.00000905567822627  0.00000959681143513  0.00001011662978016  0.00001068277386239
  0.00001140569019589  0.00001215848840351  0.00001291523452295  0.00001369065097323
  0.00001454582858690  0.00001546296467807  0.00001646152039786  0.00001743775858983
  0.00001837607340077  0.00001942828874182  0.00002061221666476  0.00002183239388820
  0.00002310071821788  0.00002454102582117  0.00002616300364826  0.00002806765088918
  0.00003052802808771  0.00003319333576810  0.00003596378940948  0.00003908834572629
  0.00004256820794138  0.00004669065224142  0.00005112173785621  0.00005519940986751
  0.00005958866227526  0.00006444731554227  0.00007115001382410  0.00008071273230162
  0.00009362862953534  0.00010801867896973  0.00012402702049261  0.00014180082551746
  0.00016547335158327  0.00019396158793028  0.00023863854314186  0.00028657295936127
  0.00034693357272510  0.00042142403563634  0.00055299172608639  0.00077870163922420
  0.00120184871345883  0.00288507907472387  0.19317039852027101  1.00000000000000000
  0.00000926057903510  0.00000943593110881  0.00000963552685936  0.00000988640229822
  0.00001015943393533  0.00001033749270771  0.00001051603194374  0.00001073315083033
  0.00001100961452418  0.00001129909235184  0.00001160618900221  0.00001191635023575
  0.00001218358677778  0.00001250104246208  0.00001276570069703  0.00001319681492174
  0.00001373120507186  0.00001442454334834  0.00001504279288210  0.00001553126040243
  0.00001597846713782  0.00001649337885242  0.00001714230371841  0.00001801415893961
  0.00001888974929550  0.00001960522424555  0.00002020714067450  0.00002071209596521
  0.00002118588678054  0.00002165792851816  0.00002216407327346  0.00002282797806267
  0.00002396479923116  0.00002518196758216  0.00002633786430019  0.00002745724221247
  0.00002858383774817  0.00002976472490460  0.00003096129687470  0.00003238769590169
  0.00003376088607176  0.00003542250969933  0.00003751145382704  0.00003984792042850
  0.00004197818158935  0.00004421121890585  0.00004646144203647  0.00004898987077171
  0.00005163127859773  0.00005424945786003  0.00005696979904828  0.00005995243289073
  0.00006343012675227  0.00006704223455582  0.00007056635987936  0.00007444539038399
  0.00007887875785230  0.00008359559363997  0.00008935885426008  0.00009605648858402
  0.00010237230726498  0.00010857439580281  0.00011526340633951  0.00012278220690952
  0.00013253222681540  0.00014336053855549  0.00015367857336650  0.00016618721641225
  0.00017943889750049  0.00019337423463903  0.00020846214222004  0.00022471428385460
  0.00024293448918059  0.00026192893518769  0.00028354704032012  0.00031357305320309
  0.00034986056767254  0.00039496652819319  0.00043723742870996  0.00047855516609639
  0.00052495635059641  0.00057929052884505  0.00065485355107967  0.00074728617190712
  0.00086114859491214  0.00098845038437707  0.00114045639632827  0.00130566912587079
  0.00149200592611100  0.00174242908081989  0.00215707262752387  0.00286241605978350
  0.00441138028581469  0.00889885393595077  0.41066455165836918  1.00000000000000000
  0.00000163761131565  0.00000167605147109  0.00000170477303899  0.00000174063112068
  0.00000177968993124  0.00000182280662512  0.00000187253675452  0.00000193010718274
  0.00000199103948812  0.00000205340656420  0.00000211501817502  0.00000217472632530
  0.00000224120204903  0.00000230640752036  0.00000237058638969  0.00000242007519477
  0.00000247116155395  0.00000252929218230  0.00000259039952972  0.00000265557061573
  0.00000275360283679  0.00000286274236770  0.00000297476818383  0.00000308675852342
  0.00000319484556740  0.00000330571441719  0.00000340506586226  0.00000352512715000
  0.00000365926959693  0.00000380414310324  0.00000397670430800  0.00000419605409934
  0.00000441041802452  0.00000461122341427  0.00000481134118999  0.00000502128085901
  0.00000524372673817  0.00000549807932637  0.00000575256260503  0.00000601096973817
  0.00000627148941312  0.00000655081398061  0.00000687754294442  0.00000722235929248
  0.00000758671628195  0.00000801015843542  0.00000846683319884  0.00000896934575054
  0.00000950877361434  0.00001006001239771  0.00001074357765497  0.00001150607941051
  0.00001236024890634  0.00001329935426554  0.00001431014136403  0.00001533051762730
  0.00001635500904285  0.00001744553506907  0.00001872691945951  0.00002029837309095
  0.00002200187333172  0.00002377147670753  0.00002540595688465  0.00002720757147607
  0.00002907872430651  0.00003133877632423  0.00003378957724408  0.00003618270733225
  0.00003901073257449  0.00004216337713410  0.00004585644259066  0.00005090658494998
  0.00005737370636660  0.00006376929764801  0.00007010546871955  0.00007580393299249
  0.00008247118441101  0.00009050809275743  0.00010133707790518  0.00011544114710300
  0.00013224130265662  0.00014832044814752  0.00016584415239776  0.00018510904506723
  0.00021091699871104  0.00024579304975579  0.00029643487124505  0.00036930165477142
  0.00047642751822335  0.00060954478820632  0.00074111625491775  0.00089953247279651
  0.00125642362103058  0.00199067663952988  0.05014255138574625  1.00000000000000000
 -0.00267719944028768  0.01163871396091380  0.02319182127701087  0.03489998898327924
  0.04695386321353030  0.05928402797583094  0.07095167772192582  0.08305638176411800
  0.09530616854654600  0.10636155703665527  0.11630487647008453  0.12621267110090545
  0.13698963505279976  0.14808351929417737  0.15907571973763221  0.17102732240170301
  0.18379937874358804  0.19549884002562143  0.20568661899405205  0.21479514551991491
  0.22314118208002653  0.23061309676614528  0.23861197203508078  0.24761682073776523
  0.25704030323665628  0.26665855611289863  0.27652074831869700  0.28571648501740154
  0.29551187361539433  0.30592071655151021  0.31627873266399059  0.32667864511735983
  0.33488181047546295  0.34219136964453734  0.34944571767187560  0.35578215696617427
  0.36369433026100056  0.37148127418585924  0.37995979543846881  0.38901674883605741
  0.39806685513058504  0.40563174832173499  0.41473738830807072  0.42459273406116049
  0.43448291668540073  0.44505966733269708  0.45473055554063257  0.46411459588582121
  0.47343242678068947  0.48288776388743510  0.49340547714589228  0.50554561811252374
  0.51770862859114652  0.52952967052263133  0.54156364678288638  0.55309539465243895
  0.56450697809139561  0.57508026440495974  0.58602800291204649  0.59632628526750064
  0.60616897735876119  0.61565817211706697  0.62595987803652964  0.63780884813368111
  0.65013595061798224  0.66212329081796084  0.67327769874743526  0.68481831955340666
  0.69601403924701688  0.70663117535881004  0.71695688511259859  0.72833732137901008
  0.73962293790366751  0.74938411575202002  0.75837640498628223  0.76724338722741248
  0.77798198121069218  0.78981154809228682  0.80188054322383417  0.81324942037106895
  0.82419414656359313  0.83511233539096930  0.84683630567052393  0.85680257424553996
  0.86644352335419184  0.87561404411546728  0.88757938923408741  0.89871033701950864
  0.90906759016064209  0.92056361928201824  0.93319201139027563  0.94602676096734561
  0.95885439016045371  0.97151257481722486  0.98587117766801269  1.00000000000000000
 -0.00278697994507743  0.01258357871748025  0.02521102485727798  0.03676666982591838
  0.04840663591124844  0.05943797941473432  0.06999465806312379  0.08044533122264902
  0.09075441423409297  0.10112744689807066  0.11248725381622861  0.12517801736796208
  0.13851277918975732  0.15041869052215665  0.16109012805951012  0.17060459050474039
  0.17948908921051154  0.18852180251606210  0.19815783939603879  0.20890612085507917
  0.22037601979874608  0.23229830585769570  0.24356935663441820  0.25431325293955692
  0.26514736440941805  0.27633647880700979  0.28792896187109468  0.29969576763258227
  0.31166694968084430  0.32401049490774475  0.33668120740347629  0.34786423304409830
  0.35807752659509440  0.36739295858930937  0.37712755963939704  0.38666716581469085
  0.39674717172627405  0.40743020065552588  0.41896303352404046  0.43082616413945596
  0.44145710057097565  0.45127317871026246  0.46125152835940075  0.47255820170298668
  0.48475673462381791  0.49709889757549180  0.50874829351613204  0.51992839041222383
  0.53180935227302761  0.54321222854504547  0.55527961983148200  0.56612736821686915
  0.57737045071641635  0.58596488253041124  0.59416537616588538  0.60331099213485939
  0.61288166281282863  0.62358182100116100  0.63414157076582256  0.64364193609346720
  0.65050399195031439  0.65769527606841249  0.66526458500062491  0.67469223447296289
  0.68724210092125548  0.70231684993794985  0.71684530286163606  0.72995748283003226
  0.74142135751669114  0.75144408033899768  0.76072125707731897  0.77041698848321971
  0.78008680615256742  0.79056197881663515  0.80007814792366860  0.80847557314265706
  0.81579540132613437  0.82342315905639718  0.83163295589155384  0.84251958688293749
  0.85427547024904160  0.86538892618214047  0.87702579772799694  0.89010784591361891
  0.90282020542901498  0.91478317153330091  0.92354093377904234  0.93219830119371039
  0.94031285419357913  0.94884610266465108  0.95811847105383441  0.96715832338203345
  0.97626500623279389  0.98470786834755852  0.99280957556412819  1.00000000000000000
 -0.00351319786476670  0.01127428017256943  0.02253499968071429  0.03317034300387679
  0.04361314634438349  0.05299134693990731  0.06317465293990435  0.07122496541061377
  0.07880818559554310  0.08651047661378471  0.09478456983130648  0.10356834762863465
  0.11237044615003637  0.12175480540730733  0.13236670308004914  0.14410615278192634
  0.15574874680467635  0.16788511440299250  0.18055455207141582  0.19388698698677889
  0.20665714168078880  0.21995357041156921  0.23440272788625083  0.24893149684843457
  0.26155245317454662  0.27322936919752366  0.28509801076750857  0.29581940035700804
  0.30522160032866624  0.31474105604738856  0.32482791174916026  0.33504291988579826
  0.34579502064726708  0.35697428140811627  0.36931921064343110  0.38127932450575447
  0.39365594247083668  0.40645567668354760  0.41894902561466002  0.43048364839483833
  0.44134619221531196  0.45142958505069669  0.46212268594860356  0.47349307753251552
  0.48700281644222193  0.50159746627737511  0.51525005535167279  0.52843947881930098
  0.54189540293902116  0.55535186384928625  0.56846507616113950  0.58022733860243647
  0.59090805903136534  0.60054194006250672  0.60978231954609730  0.61953656645003563
  0.62964360027559862  0.64083183773931629  0.65281237134601799  0.66455045811162083
  0.67556441709422121  0.68565455634954198  0.69619919792641061  0.70665532503552198
  0.71945248647885696  0.73146976164200894  0.74342813636688887  0.75462418528683273
  0.76497228221428215  0.77430286246720537  0.78335967310586674  0.79290140336260750
  0.80247157943766978  0.81186433601613406  0.82085336587735303  0.82939197889695204
  0.83831979798584078  0.84718722134990743  0.85515992294008347  0.86262890459180108
  0.86847516880233155  0.87469325627528360  0.88138287260107251  0.88925992047661762
  0.90002504181724208  0.91066978349457484  0.92168756318680134  0.93287797264572625
  0.94274161350197916  0.95273107613358277  0.96157101822226998  0.96909059125875652
  0.97741164256852564  0.98483601261792930  0.99229793133576305  1.00000000000000000
 -0.00232434071655158  0.01061776575286862  0.02072970054265858  0.02878170685901464
  0.03706647679011162  0.04704598570566899  0.05710803378420291  0.06600300957104402
  0.07412808286271366  0.08210515088377485  0.09133189428226185  0.10166188265352781
  0.11345911934070313  0.12573711105416094  0.13765420389722158  0.15056345008463348
  0.16453867544403175  0.17746081878962933  0.19014633326373795  0.20345621157937696
  0.21637883931198595  0.22825263617623132  0.23973008193090387  0.25040763720353737
  0.26047391151740751  0.27010255203540579  0.28057359435789658  0.29083153152481273
  0.30125660803438820  0.31115334030011760  0.32173280458320780  0.33360912644127866
  0.34572755465634553  0.35811644653124552  0.37085113331022973  0.38340257264458533
  0.39654976717359020  0.40955967995522574  0.42210634807729402  0.43461683633954967
  0.44636197221010276  0.45883656251462246  0.47147705973905329  0.48331272115255508
  0.49292753854842314  0.50220671903091907  0.51071923819011400  0.51843008275906766
  0.52731110577454232  0.53515172577564041  0.54322659435278020  0.55152186365524392
  0.56070562439552762  0.57163976637614411  0.58219614919867713  0.59252689732800079
  0.60268799786586158  0.61258284343881975  0.62289447502151474  0.63383385631718980
  0.64403010479502665  0.65320354436037342  0.66084185384549621  0.66925657784547476
  0.67616665348303728  0.68316921822202281  0.69069806747029772  0.69853789530133092
  0.70904706446497412  0.72058632055137051  0.73352624861427151  0.74592905673486654
  0.75780700543846635  0.77004464643174930  0.78386444871056948  0.79639623629857259
  0.80665546527482301  0.81666913554753318  0.82616800429484816  0.83523969460675207
  0.84445363617460922  0.85410803639367294  0.86440633647145537  0.87448927756846762
  0.88420446567988553  0.89401880277936407  0.90375285268997418  0.91303249507768114
  0.92163969919212896  0.93071259012704610  0.94043915338809470  0.95131154687777530
  0.96340900858458578  0.97532488504644343  0.98747692003950127  1.00000000000000000
 -0.00136976996314753  0.00356505002808098  0.00835123074105189  0.01294270630700712
  0.01783072569084126  0.02286652384731529  0.02723460153021129  0.03129869086318073
  0.03534046946010802  0.04022129679666364  0.04768580476468869  0.05801063018936495
  0.06967459726117384  0.07945438219642718  0.08712607946160113  0.09512043646402409
  0.10282206567320946  0.11076304915673417  0.11972379518003734  0.12763457686342952
  0.13540134168721127  0.14372720132580419  0.15295330176025568  0.16215434123584338
  0.17248024952048194  0.18361395598753913  0.19546804342611723  0.20790689646826446
  0.22095461525840598  0.23398216541463898  0.24646512688850042  0.25887353618971182
  0.27264236478614079  0.28609330886461076  0.30071504808701210  0.31269344601958993
  0.32615406219734794  0.34057691046651889  0.35685076221846052  0.37337716410941352
  0.39028620318783319  0.40927055656411981  0.42985474160166481  0.44764533063587597
  0.46346484629332235  0.47952567757650055  0.49493690313475697  0.51023457412425177
  0.52580125008834655  0.54066838456596522  0.55734775968928119  0.57230349774732603
  0.58619059676058394  0.60107080301121241  0.61656046190727942  0.63224532209943807
  0.64834007098700142  0.66385309260345793  0.67851041584183669  0.69282390380846348
  0.70782894483830938  0.72300484318629876  0.73747542304942437  0.75130269821106987
  0.76399340596762355  0.77721979160794319  0.78980631084052266  0.80333691026371379
  0.81641305222987914  0.82983637873238192  0.84204135315049389  0.85376019017818450
  0.86143213499710802  0.86962914638454769  0.87689273066000994  0.88363730705840993
  0.89004764884413978  0.89650308627652964  0.90187418767294014  0.90787722211034760
  0.91341281642058181  0.91836255503042030  0.92358590846003763  0.92901774582871510
  0.93475164612960893  0.94096559527334900  0.94678441816254988  0.95223895208788101
  0.95883345528965003  0.96628177987987396  0.97365070871628223  0.97997053129164291
  0.98555270485131463  0.99058722667513632  0.99532997813959423  1.00000000000000000
 -0.00265215257837541  0.01185007856587922  0.02406384167807081  0.03582525027784589
  0.04702498932285096  0.05741590442488191  0.06800602648670344  0.07812373118998982
  0.08862069879892222  0.09954684956211972  0.11094249448682618  0.12254271650687723
  0.13400829064415662  0.14667071397056283  0.15902492410535499  0.16879894922011923
  0.17767577187557099  0.18595775806678544  0.19374825381500832  0.20309677177355878
  0.21402239982073701  0.22590730762557412  0.23847621593666604  0.25183368863723105
  0.26560655793368926  0.27767719786008038  0.28773028662669575  0.29737099697624847
  0.30654092316734483  0.31523097070692696  0.32330885275841215  0.33107169001484277
  0.34023929549611553  0.35038490811044648  0.36100370090754247  0.37064229124775272
  0.38145197984376844  0.39357477904212335  0.40663088142040349  0.41970012619090824
  0.43188102958510988  0.44268267655177518  0.45223758841930484  0.46179164399754541
  0.47253881595500391  0.48470142914089182  0.49534102042704192  0.50422353185037616
  0.51295408584673963  0.52200932051257320  0.53198001307086018  0.54287517352304293
  0.55371333975642767  0.56364035682042501  0.57424560570085781  0.58378703882540606
  0.59414792401019034  0.60465857086093378  0.61601332624687477  0.62794490853864249
  0.63899887472316785  0.65012979392013004  0.66173701991203804  0.67257160942484895
  0.68335486139717838  0.69531557486201834  0.70806661741265953  0.71911022594486085
  0.72966639014014922  0.74031804472739271  0.75073429804351599  0.75942677211348042
  0.76859406876802416  0.77897867665554787  0.78952863673283680  0.79908193256978444
  0.80829100408788312  0.81751084877590874  0.82781233036802448  0.83896369373141522
  0.85096202659283093  0.86300401768926438  0.87367315270802060  0.88259633117713843
  0.89078632528199120  0.89941246939538888  0.90902782470557553  0.91857504998274309
  0.92711070468813317  0.93532758956053330  0.94826819182412980  0.96045293548318933
  0.97086434294476154  0.98020925197118713  0.98965906228637657  1.00000000000000000
 -0.00155410125022848  0.00789828995185008  0.01450411774668840  0.02143041989272017
  0.03011520654307515  0.03885847083533494  0.04815411907817934  0.05743821166327508
  0.06593620484112475  0.07555084331055298  0.08551981307295579  0.09603499658841483
  0.10660802838742051  0.11698753649244238  0.12906021308412866  0.14307590533434444
  0.15572899528212053  0.16688027838870084  0.17792261936903450  0.18927911135335621
  0.20099802411152121  0.21115542341785815  0.22072997784995954  0.23001974217867482
  0.23967777436531482  0.24947399010996252  0.26024695840469786  0.27172506747519054
  0.28248855039370135  0.29351898233214635  0.30479875415836621  0.31822218112294365
  0.33215719643069086  0.34636338836500769  0.35957976630576183  0.37266569921862575
  0.38456539935816242  0.39715025825416050  0.40615575238335078  0.41571524672358767
  0.42535070715927747  0.43542359688060273  0.44613965698913793  0.45625248068747637
  0.46836477999447312  0.48061301233042852  0.49254889870199409  0.50471400779770437
  0.51695994354451202  0.52850265860823609  0.53941979128730744  0.54943007076711270
  0.55949603947800342  0.57001353234200547  0.58119149517590674  0.59107168228952789
  0.60062189704153568  0.61126324043273195  0.62321396532791717  0.63612838188869569
  0.64907790366480356  0.66057189782419734  0.67189333395059603  0.68236728933278490
  0.69063179523535356  0.69700888655728654  0.70344522887927097  0.70990685384364249
  0.71743973300645891  0.72598266654769394  0.73701527981604942  0.74705323918306277
  0.75580695015245569  0.76546575443213105  0.77576920909792457  0.78723438909639143
  0.79815588105819546  0.80849741772054717  0.81863202184749539  0.82852053523539382
  0.83872031453051588  0.84908951714370273  0.85956317855132336  0.86942144075312755
  0.87989222279108470  0.88945259393508480  0.89823301855606563  0.90730493101719556
  0.91625878263392302  0.92725468802370459  0.93936724096833946  0.95195933009165257
  0.96390644445762452  0.97501752779946294  0.98679046957463734  1.00000000000000000
  0.44990690421450685  0.53247517718679860  0.54047326489576908  0.54580967451529483
  0.55362567179682454  0.56339761280431244  0.57795625048264798  0.58697617752388087
  0.59093134891299492  0.59475802212681261  0.59850107088921045  0.60202713472642899
  0.60541362344518268  0.61014409432676264  0.61608647943412309  0.62270674181796382
  0.62838646818773958  0.63327374706821526  0.63818526321195257  0.64294923403985027
  0.64808740180666746  0.65385846357919386  0.66012299789151552  0.66709037651092207
  0.67401024736945025  0.67941009613896219  0.68443525374676695  0.69000552589173514
  0.69658232345156390  0.70292277566328687  0.70851714182163505  0.71352040747765755
  0.71908534619462450  0.72596457391697555  0.73175670869986420  0.73725107143522928
  0.74273071533086255  0.74890108392268584  0.75502244277130648  0.76043273550144042
  0.76517499513726472  0.76976034026556461  0.77502833707794661  0.78024540953271748
  0.78543234903833514  0.79057237351392262  0.79599100466184902  0.80129369908481995
  0.80650489790413127  0.81157579992574069  0.81691754794078675  0.82211867274682415
  0.82732100392083230  0.83250189011746789  0.83815847523397424  0.84337945070915221
  0.84833014752551350  0.85290805320935092  0.85715434957860315  0.86139758584292159
  0.86566494673899086  0.86997782125677825  0.87419490982822390  0.87838281685485453
  0.88272535190704005  0.88672481883423548  0.89059415742331705  0.89425441207685208
  0.89774149116288449  0.90161241163662509  0.90583839182082726  0.91015187278297283
  0.91483290625820057  0.91958920526943477  0.92414396664040932  0.92836471444975666
  0.93205301127887019  0.93558848004666595  0.93914473908106055  0.94269292786061587
  0.94622546235498661  0.94978003318207105  0.95345230582386331  0.95729376456726323
  0.96111839079558092  0.96476655040325954  0.96843388263224639  0.97203795688936001
  0.97530495916409210  0.97865979217072741  0.98215073746251014  0.98536725018744131
  0.98876065987801132  0.99229991790107475  0.99601466064555944  1.00000000000000000
 -0.02460320860999009  0.13800841621658078  0.16745627127739438  0.18534818316249763
  0.20591864355250242  0.22208332408340914  0.23676839980353734  0.25109946505140857
  0.26496270161042645  0.27818962019305160  0.28845088690409720  0.29617632415795142
  0.30335388102815458  0.31027993435077894  0.31896734496131646  0.32791548105914153
  0.33650134053550917  0.34450135105301127  0.35212880862929785  0.35985549956986557
  0.36767077695144451  0.37502076014936070  0.38144325551503749  0.38727059611933673
  0.39347824658401187  0.39974805259484814  0.40603033098226099  0.41212565890143077
  0.41781079309911384  0.42358475214455876  0.42947294651262019  0.43550437034876383
  0.44164429284134132  0.44844480374364837  0.45490432845612100  0.46143200098562887
  0.46781821491834841  0.47408227320575186  0.48078954818086161  0.48784451653872773
  0.49514100170952580  0.50233622564975833  0.50938110655254365  0.51648248070990799
  0.52325432141726080  0.52963197122654126  0.53570796101882634  0.54157639570711891
  0.54763652574595556  0.55344409634529312  0.55894604849646157  0.56416464937616040
  0.56895607996673792  0.57440279422241813  0.58012917118757390  0.58612095121260932
  0.59220030825258196  0.59835820182454158  0.60460465430549082  0.61100901907412830
  0.61699623872575349  0.62243241512522052  0.62803240434616381  0.63368628034245744
  0.64004290744728654  0.64578131771899638  0.65062292524622922  0.65527094262360319
  0.66014467477453886  0.66526700596711053  0.67070404207049028  0.67636922783218256
  0.68168188853523193  0.68684533327277164  0.69208130243395216  0.69713665634792465
  0.70243404369453188  0.70755470932831155  0.71458480819738446  0.72224593607363630
  0.72832548131824093  0.73442972022607156  0.74072389549667961  0.74705783363135136
  0.75444645662803578  0.76401016512913833  0.77489411945330933  0.78632007982600260
  0.79807550200157507  0.81033304177137133  0.82385314853723923  0.83812419235728075
  0.85470981563744586  0.87376846325153723  0.89680965075494790  1.00000000000000000
   9.8304300752315270E-006  -1.0000000000000000     
 F F F F F F F F F F F F F F F F F F F F F F F F F F F F F F F F F F F F F F F F F F F F F F F F F F F F F F F F F F F F F F F F F F F F F F F F F F F F F F F F F F F F F F F F F F F F F F F F F F F F F F F F F F F F F F F F F F F F F F F F F F F F F F F F F F F F F F F F F F F F F F F F F F F F F F F F F F F F F F F F F F F F F F F F F F F F F F F F F F F F F F F F F F F F F F F F F F F F F F F F F F F F F F F F F F F F F F F F F F F F F F F F F F F F F F F F F F F F F F F F F F F F F F F F F F F F F F F F
  <DiscreteSampler_grid>
  grouped_processes
  1 # 1 for a reference and 2 for a running grid.
  10 # Attribute 'min_bin_probing_points' of the grid.
  1 # Attribute 'grid_mode' of the grid. 1=='default',2=='initialization'
  0.0000000000000000 # Attribute 'small_contrib_threshold' of the grid.
  0.5000000000000000 # Attribute 'damping_power' of the grid.
 # binID   n_entries weight   weight_sqr   abs_weight
    13   10   4.803979165663005E-003   1.441756270405762E-004   4.803979165663005E-003
    16   10   1.197634234027064E-003   9.105658010425071E-006   1.197634234027064E-003
    22   10   4.625334025048595E-003   1.387425736536013E-004   4.625334025048595E-003
    25   10   1.147688758694053E-003   8.461713406989027E-006   1.147688758694053E-003
  </DiscreteSampler_grid>
