#    Information about the process      #
#########################################
 loop_induced = False 
 has_isr = False 
 has_fsr = False 
 nb_channel = 2816 
 nexternal = 7 
 ninitial = 2 
 grouped_matrix = True 
 has_loops = False 
 bias_module = dummy 
 max_n_matched_jets = 3 
 colored_pdgs = [1, 2, 3, 4, 5, 6, 21] 
 complex_mass_scheme = False 
 pdg_initial1 = [21, 21, 21, 21, 21, 21, 21, 21, 21, 21, 21, 21, 21, 21, 21, 21, 21, 21, 21, 21, 21, 21, 21, 21, 2, 2, 4, 4, 1, 1, 3, 3, 21, 21, 21, 21, 21, 21, 21, 21, 21, 21, 21, 21, 21, 21, 21, 21, 21, 21, 21, 21, 21, 21, 21, 21, 21, 21, 21, 21, 21, 21, 21, 21, 21, 21, 21, 21, 21, 21, 21, 21, 21, 21, 21, 21, 21, 21, 21, 21, 21, 21, 21, 21, 21, 21, 21, 21, 21, 21, 21, 21, 21, 21, 21, 21, 2, 2, 4, 4, 2, 2, 4, 4, 1, 1, 3, 3, 1, 1, 3, 3, -2, -2, -4, -4, -1, -1, -3, -3, 2, 2, 2, 2, 2, 2, 4, 4, 4, 4, 2, 2, 4, 4, 2, 2, 2, 2, 4, 4, 4, 4, 2, 2, 4, 4, 2, 2, 2, 2, 4, 4, 4, 4, 1, 1, 1, 1, 1, 1, 3, 3, 3, 3, 1, 1, 1, 1, 3, 3, 3, 3, 1, 1, 3, 3, 1, 1, 3, 3, -2, -2, -2, -2, -2, -2, -4, -4, -4, -4, -1, -1] 
 pdg_initial2 = [21, 21, 21, 21, 21, 21, 21, 21, 2, 2, 4, 4, 1, 1, 3, 3, -2, -2, -4, -4, -1, -1, -3, -3, -2, -2, -4, -4, -1, -1, -3, -3, 2, 2, 4, 4, 1, 1, 3, 3, -2, -2, -4, -4, -1, -1, -3, -3, 2, 2, 4, 4, 2, 2, 2, 2, 4, 4, 4, 4, 1, 1, 1, 1, 3, 3, 3, 3, 1, 1, 3, 3, -2, -2, -4, -4, -2, -2, -2, -2, -4, -4, -4, -4, -1, -1, -1, -1, -3, -3, -3, -3, -1, -1, -3, -3, 2, 2, 4, 4, -2, -2, -4, -4, 1, 1, 3, 3, -1, -1, -3, -3, -2, -2, -4, -4, -1, -1, -3, -3, 4, 4, 1, 1, 3, 3, 1, 1, 3, 3, -2, -2, -4, -4, -2, -2, -2, -2, -4, -4, -4, -4, -4, -4, -2, -2, -1, -1, -3, -3, -1, -1, -3, -3, 3, 3, -2, -2, -4, -4, -2, -2, -4, -4, -1, -1, -1, -1, -3, -3, -3, -3, -1, -1, -3, -3, -3, -3, -1, -1, -4, -4, -1, -1, -3, -3, -1, -1, -3, -3, -3, -3] 
 splitting_types = [] 
 perturbation_order = [] 
 limitations = [] 
 ew_sudakov = False 
 hel_recycling = True 
 single_color = False 
 nlo_mixed_expansion = True 
 gauge = unitary 
