 -0.00211302219743185  0.01121018446548670  0.02187953655206814  0.03180153180092717
  0.04149028730581037  0.05223604070655408  0.06289808332505775  0.07301393090079904
  0.08316710885122654  0.09331007301365737  0.10318888547939259  0.11267680041875920
  0.12230566984975985  0.13347704299232055  0.14510205973282195  0.15711570908846320
  0.16917014483058124  0.18148046834193665  0.19383423016511364  0.20661243172426322
  0.21774057186265941  0.22852516014174457  0.23904024863977871  0.25035837114934889
  0.26182121553944276  0.27416416155275936  0.28637952317811327  0.29766601960258438
  0.30804464219110644  0.31792531426134685  0.32728931360369851  0.33687115046634697
  0.34708777033743499  0.35800423995720276  0.36976867574210548  0.38150957303663441
  0.39298875048043042  0.40425362844989632  0.41580320604000781  0.42710262274729632
  0.43836320995856132  0.45012891301097302  0.46196172256291246  0.47323093387646975
  0.48367970459049831  0.49376253785875890  0.50347691199474764  0.51305171874039313
  0.52331849425523114  0.53433597073540506  0.54573737153162438  0.55643540579783113
  0.56613415679834422  0.57547184903267357  0.58504546895462117  0.59529337407942529
  0.60588414561965698  0.61617461132892815  0.62526047462415413  0.63442665508302776
  0.64354064918081433  0.65393323808932047  0.66461192084083609  0.67452585503345952
  0.68540531970481311  0.69599999444588312  0.70703090178660422  0.71723284541030885
  0.72687612578255167  0.73754403362349630  0.74865388820171774  0.75930717991001595
  0.76992003874554449  0.78068755074483986  0.79186467962012008  0.80378924109916483
  0.81625821019342315  0.82853690337986263  0.84058107367017409  0.85237894303246953
  0.86311578835128711  0.87277232180766706  0.88160943976267192  0.89067121349921663
  0.90040834080430998  0.91109668155584278  0.92188082373166169  0.93219975110431752
  0.94180564837052172  0.95182157034081394  0.96157047820109465  0.97101051506084157
  0.97772089348644398  0.98511808052300665  0.99258087200873768  1.00000000000000000
  0.00002032768141129  0.00003641783897109  0.00003889871613450  0.00004103219132879
  0.00004274603078986  0.00004608643707157  0.00004934915429000  0.00005527373556151
  0.00006290980776697  0.00007030342322559  0.00007698306002375  0.00008309724993603
  0.00008892540790747  0.00009462959529008  0.00010022661377379  0.00010595182029822
  0.00011189313772613  0.00011795028314750  0.00012391665197936  0.00013004215396624
  0.00013669490297290  0.00014331389885119  0.00014918850420109  0.00015594579275128
  0.00016288665288339  0.00016997652181837  0.00017728229582223  0.00018464307890736
  0.00019212084548296  0.00020041303414706  0.00020905838048160  0.00021731345565955
  0.00022527778338900  0.00023352604114147  0.00024112243073097  0.00024884527463685
  0.00025716863658481  0.00026565873816507  0.00027566179013902  0.00028705966866004
  0.00029880085115135  0.00031062126266898  0.00032300081167762  0.00033786581731036
  0.00035481650140611  0.00037241425158871  0.00039020685630382  0.00040875766925841
  0.00042856927851550  0.00044938669584295  0.00047044760833040  0.00049235763639032
  0.00051536321863770  0.00053888733933927  0.00056188579122859  0.00058276929098544
  0.00060995530975447  0.00063793746169813  0.00066708336951954  0.00070013522425360
  0.00073906028392170  0.00078024392934111  0.00082095321512038  0.00085941456484563
  0.00090568553838186  0.00095700394815427  0.00100919911510965  0.00106501499699399
  0.00112893231906908  0.00118262597193833  0.00124395218694053  0.00131029805601379
  0.00137948782184227  0.00145473499671907  0.00153700273596412  0.00162170481568964
  0.00171695809288464  0.00182106943361063  0.00194116901425380  0.00206141986707037
  0.00218397457381376  0.00232619667207253  0.00251084288424612  0.00276078933296586
  0.00303996235414809  0.00335331448287242  0.00370508215456036  0.00408505466494915
  0.00447611230544876  0.00496159830487973  0.00555810285334559  0.00634838913437744
  0.00719553090723645  0.00816855992915633  0.02310861958829289  1.00000000000000000
  0.00000152958453743  0.00000163330445508  0.00000172524013766  0.00000182990458854
  0.00000196586883155  0.00000211674397572  0.00000222456027851  0.00000232843290001
  0.00000244377187178  0.00000257646090365  0.00000272289382352  0.00000287759428667
  0.00000306775729090  0.00000327402717536  0.00000351489874675  0.00000379762932350
  0.00000411109332542  0.00000444693432296  0.00000481213228572  0.00000520744279149
  0.00000565243605103  0.00000615041909671  0.00000667114221738  0.00000719381443287
  0.00000773811300912  0.00000832039378861  0.00000888037588056  0.00000940378615772
  0.00000993074781604  0.00001051255458023  0.00001119264469469  0.00001193276525700
  0.00001274282464009  0.00001352784857195  0.00001434633352473  0.00001519904091473
  0.00001611717354051  0.00001716255769302  0.00001830365335371  0.00001938815824507
  0.00002057876507774  0.00002177398150916  0.00002320870580483  0.00002477430734189
  0.00002642067159287  0.00002819211310961  0.00003009200277216  0.00003210416806302
  0.00003433602129300  0.00003661983683494  0.00003894724809249  0.00004137475449670
  0.00004405715411132  0.00004697017986284  0.00005038730509218  0.00005414545931282
  0.00005790987761952  0.00006197041563601  0.00006639837652951  0.00007127100446606
  0.00007661832130967  0.00008186927340056  0.00008732286352637  0.00009347740156350
  0.00010127670963734  0.00011053215824232  0.00012086203909971  0.00013228500823623
  0.00014511027186741  0.00015935845987320  0.00017213469987099  0.00018566264724767
  0.00019998554701965  0.00021549387226242  0.00023575152042758  0.00026069443959761
  0.00028734304545438  0.00031345554545929  0.00034587023465695  0.00038667125252516
  0.00043094605743350  0.00047787483828493  0.00052214676394359  0.00058147955015954
  0.00065034373649193  0.00073855182588142  0.00086428204298632  0.00107497185936876
  0.00142359153369687  0.00199189451427345  0.00266496566563385  0.00365745011229493
  0.00528209732035978  0.00781484577494335  0.02928927707931905  1.00000000000000000
  0.00000144171046501  0.00000146870346516  0.00000149691822751  0.00000152556554926
  0.00000156479496597  0.00000161472934859  0.00000166869376463  0.00000171781224791
  0.00000176187135186  0.00000181002114326  0.00000186442528244  0.00000192247246054
  0.00000198767384507  0.00000205664358579  0.00000213381145062  0.00000222016129776
  0.00000231191814425  0.00000240577260001  0.00000251107280116  0.00000263228688391
  0.00000275767094930  0.00000288472618507  0.00000301469515659  0.00000315150882005
  0.00000329581018618  0.00000346628962948  0.00000365394759466  0.00000385138349749
  0.00000406170589295  0.00000428973570570  0.00000452684034974  0.00000478982657630
  0.00000508376670733  0.00000540311598636  0.00000573780781107  0.00000606813260994
  0.00000639580790935  0.00000674741183255  0.00000715284885680  0.00000757130195203
  0.00000803363427945  0.00000850680124267  0.00000901753986892  0.00000953096718485
  0.00001006608244433  0.00001065560268927  0.00001131132005108  0.00001199649858628
  0.00001274603368343  0.00001354719854841  0.00001445408753386  0.00001546645003603
  0.00001653741698552  0.00001767286952410  0.00001887176241047  0.00002019857513751
  0.00002159277527225  0.00002313077931400  0.00002479987955358  0.00002666313179460
  0.00002884875888760  0.00003126807866485  0.00003393090490765  0.00003676085911293
  0.00004004978157116  0.00004373921095804  0.00004801396333302  0.00005307626916650
  0.00005850981425378  0.00006410680683849  0.00007048761443180  0.00007780115190926
  0.00008796157421783  0.00009879000115821  0.00011135094864868  0.00012422268753969
  0.00014093563076964  0.00016066881216463  0.00018600652439522  0.00021922121666743
  0.00026084907519410  0.00030907683621058  0.00037148971799020  0.00042533505544995
  0.00048280277850055  0.00053949893380951  0.00061162902583090  0.00071399756150341
  0.00091015281608262  0.00122520407895203  0.00154160394858688  0.00185691537861896
  0.00225116548239524  0.00332962856149229  0.02851507662316339  1.00000000000000000
 -0.00186115027757586  0.00896719189047990  0.01928204503028316  0.02936113254023931
  0.04023173164367588  0.05220341180757719  0.06426402430526854  0.07555301295325025
  0.08629585705895261  0.09694773654210370  0.10796853550097209  0.11901370161707092
  0.12974223073119742  0.14047135927552057  0.15205433382419814  0.16460200841482867
  0.17773312106356204  0.19118860760893241  0.20124065603761826  0.21040640258634410
  0.21922610264669287  0.22892514478823517  0.23993819204605252  0.25097636497793430
  0.26187987844126709  0.27327766565006462  0.28557788921888216  0.29810119386722328
  0.30944803806483723  0.32024394298866848  0.33051214239029536  0.34074571280965077
  0.35048608954376353  0.36023135534486439  0.37038054196652409  0.38122367943057173
  0.39192033659330539  0.40232546731338287  0.41275425855692766  0.42283298478328579
  0.43222359246238101  0.44119933161490882  0.44965502268481922  0.45868122249040694
  0.46850693049780334  0.47792692436193629  0.48741914358861971  0.49718400257781853
  0.50756411548542646  0.51876625159066803  0.53064152588540703  0.54306731620529924
  0.55503050057663483  0.56617030883416264  0.57655384469445736  0.58685077280872233
  0.59732998327113696  0.60798529968440884  0.61866677181939222  0.62936479765621245
  0.64063332963089670  0.65197733703193572  0.66293113203784382  0.67386340350222496
  0.68542643524304914  0.69681319641687367  0.70761972753492142  0.71841267708174406
  0.72891370212614059  0.73838541579426042  0.74806757509084532  0.75856680143646094
  0.76743465374387798  0.77500497108826782  0.78262028433911890  0.79145227193881329
  0.80233427159266513  0.81371967713137061  0.82500133930174824  0.83508898029891576
  0.84421794786191695  0.85324248164473449  0.86292455904894561  0.87440055063349365
  0.88637513751948216  0.89854868975957725  0.91029593970094980  0.92149702847194281
  0.93233273624724589  0.94273356597073166  0.95282111587057716  0.96216474168665267
  0.97197397474288560  0.98163646041103225  0.99118387832729948  1.00000000000000000
 -0.00186399212503957  0.00822879344096358  0.01662673847665253  0.02454536474736016
  0.03300497124963236  0.04184595894942412  0.05105971430662545  0.05989647388327582
  0.06957704711022931  0.08069489138623012  0.09308385241055053  0.10500352271640610
  0.11651676939525313  0.12817346418947903  0.14075692459462943  0.15264099616181295
  0.16393676886468980  0.17493428390319010  0.18669275573146688  0.19873550574549548
  0.21006886536431046  0.22025452970835824  0.23106246211781262  0.24220294382716298
  0.25233338411979594  0.26218031163403077  0.27286415925406243  0.28401296741662607
  0.29453645721563226  0.30414673372458895  0.31413783399516493  0.32465895401872769
  0.33538709473267070  0.34622208885438355  0.35741998234951511  0.36895955324841512
  0.37902850226294699  0.38783978991573737  0.39618598309968167  0.40456925328375970
  0.41500918662248709  0.42544829871139084  0.43627226400853186  0.44714761829225724
  0.45790016030799380  0.46813853644985032  0.47832963583011129  0.48905351443156803
  0.50068842493029153  0.51316456860526127  0.52521342154982920  0.53655522593120741
  0.54754018723170528  0.55878193583515789  0.57047033654919421  0.58176820150455122
  0.59321002326205741  0.60464208754238535  0.61536233348498182  0.62538491091232007
  0.63530615486293351  0.64556167659238373  0.65657453131955679  0.66829904095179427
  0.67967790070660350  0.69060872890631542  0.70065507911461955  0.71024502538937118
  0.72002837535447339  0.73066399633000012  0.74206359865510707  0.75298998700959996
  0.76338409044887479  0.77409174259747426  0.78468955826334807  0.79496250409454650
  0.80534415826317463  0.81623662802607999  0.82795122113617015  0.83921321954703498
  0.84975543104279416  0.85935902610739756  0.86797321642074554  0.87683088040077306
  0.88656646362409453  0.89662613185105777  0.90772401872931685  0.91838055635109994
  0.92898932534339773  0.93944130435259687  0.94983338180681243  0.96078620368844303
  0.97173286812245807  0.98180965324963398  0.99117016050308204  1.00000000000000000
 -0.00232564664139996  0.01358463663945155  0.02700649072885523  0.04026231959165509
  0.05319234408779533  0.06607516116772602  0.07847707258689465  0.09100194192953313
  0.10381348348601661  0.11655722569687815  0.12890750656539415  0.14121692830811627
  0.15386882039523911  0.16709681136441348  0.18061773327086547  0.19473097483443996
  0.20925580090397666  0.22443270807779042  0.23984536759420258  0.25287894220846230
  0.26437846542447696  0.27549901097845797  0.28856594981845729  0.30236097149918051
  0.31639486825095264  0.33158764332181911  0.34541841546907898  0.35813544163137911
  0.37030914632319423  0.38241434012880976  0.39516932537953892  0.40875666420117840
  0.42244335047028442  0.43439828804615782  0.44495639458655767  0.45484363887034895
  0.46548104300847576  0.47677631806575876  0.48853879692691604  0.50118039471107467
  0.51267159749443802  0.52431364446002993  0.53642303801421631  0.55001004308209400
  0.56466713266151747  0.57901694627989109  0.59169806327043473  0.60382207302957003
  0.61539596800203766  0.62733446231908319  0.63849037643956164  0.64994826094200209
  0.66102011846999087  0.67162636868509218  0.68249727930007920  0.69298844992650988
  0.70372461590793944  0.71488179908067506  0.72639998093778990  0.73786621702329092
  0.74800039865008539  0.75810388544834884  0.76899936950514181  0.78007979820385076
  0.78994224160442383  0.79880755536635495  0.80717346575158921  0.81546089021014212
  0.82326963506815054  0.83107096556778703  0.83892991329155542  0.84613818936204543
  0.85239573848044059  0.85822497437133549  0.86500033018694644  0.87236150642931098
  0.88011088382599378  0.88829284823060894  0.89669094270812333  0.90472578245043589
  0.91225241389025169  0.91900661483854240  0.92511398617617469  0.93110555120870109
  0.93739195321231350  0.94392201724358327  0.95040859618526741  0.95545360209222274
  0.96061464819467912  0.96567995572778098  0.97119218238203298  0.97743779472740722
  0.98348824167803395  0.98928623317792608  0.99475504404042125  1.00000000000000000
 -0.00164210294700248  0.00633905464326459  0.01358978459271270  0.02245707904112071
  0.03270628944548347  0.04308977617534448  0.05362021475954089  0.06406159833120889
  0.07615394847933706  0.08843004793625139  0.10042817076596094  0.11260660413421758
  0.12487104805747859  0.13651357334784264  0.14715374218924657  0.15715969392587856
  0.16727852440282137  0.17794344178887805  0.18943011458792378  0.20129356125623699
  0.21082896691687733  0.21940781285762523  0.22786954835345649  0.23740425142145816
  0.24864691470237998  0.26085447368060671  0.27327268697798618  0.28557217123151568
  0.29804571678170250  0.31044610525802624  0.32269744080428714  0.33466894601983177
  0.34705967938743570  0.35922016115982636  0.37045399128550494  0.38079657088397156
  0.39102112850952775  0.40169904077027024  0.41258010493257008  0.42275614103258197
  0.43369064465300106  0.44315150865953484  0.45288036771566909  0.46180524377182502
  0.46959210337334967  0.47713741632692330  0.48488600770045925  0.49270616631789077
  0.50338526831019537  0.51425954560138976  0.52514813109555347  0.53597059811608294
  0.54636278967173124  0.55641784122294513  0.56689673958744091  0.57711896495093562
  0.58645336828858119  0.59558930494613926  0.60478307687828048  0.61447049691245426
  0.62469128398504825  0.63528048242912427  0.64552398270655476  0.65514195637458272
  0.66469098382739777  0.67522048245350264  0.68683498354861916  0.69882260526819184
  0.70995636019792907  0.72050416907191051  0.73110622920902113  0.74215297927467694
  0.75354944067301810  0.76466443904907411  0.77514133308957867  0.78578124779267022
  0.79688400124773284  0.80824227300616291  0.81961596543185489  0.83063089050599725
  0.84094267524854494  0.85078335682821227  0.86052945601401476  0.87080285024106951
  0.88198751803722653  0.89340758964674982  0.90490681106772142  0.91650847631063159
  0.92786087423685892  0.93877139248171171  0.94957482189713305  0.96098274961752950
  0.97185576638471194  0.98163142283977400  0.99109919363213683  1.00000000000000000
 -0.00219367511749657  0.00990769210655438  0.02058665591204158  0.03154789741080999
  0.04175625761229182  0.05089874239420111  0.06016407971173045  0.07008012427469579
  0.08069762760808491  0.09143780862673523  0.10233187697036848  0.11355183912296922
  0.12497727472269168  0.13615470787227285  0.14728431803200218  0.15854305916652789
  0.17028194552503514  0.18111080869623650  0.19208122310495371  0.20354820768026452
  0.21483257652310200  0.22610246410393620  0.23734747601358266  0.24818864078208475
  0.25952528292814486  0.27092146045629212  0.28169080290302789  0.29224789784974836
  0.30295537964792274  0.31377565814033220  0.32463443178197349  0.33586097451593583
  0.34797805523907971  0.35841159251530480  0.36681137359769461  0.37541842188320484
  0.38370530391260599  0.39357613837217253  0.40442970442253201  0.41594074667928266
  0.42870185364422936  0.44109753750090708  0.45169275674973303  0.46199864086046716
  0.47229116824195538  0.48278911419726123  0.49330322339865612  0.50380881869152427
  0.51466044171335212  0.52586904198501683  0.53699666421847614  0.54802118038977155
  0.55881434905479155  0.56799823817600226  0.57644722544478111  0.58429148406216935
  0.59262251655844544  0.60282517864022089  0.61522160905677759  0.62784882752142634
  0.63943876247859188  0.65036685339587308  0.66088244007353347  0.67129763073947879
  0.68176788075732653  0.69270858037219674  0.70447652006376016  0.71671916217639275
  0.72749663114173913  0.73645720604453291  0.74489632825421903  0.75419033882462616
  0.76502971820507992  0.77646104006461236  0.78759154953018473  0.79990352925748709
  0.81115281067148426  0.82255607253906171  0.83347314768693359  0.84461191649518541
  0.85559804980694876  0.86706079301865879  0.87593656672496512  0.88385667404675794
  0.89167247479009060  0.89987558922197264  0.90881582708117292  0.91791603436890279
  0.92682407617373586  0.93540725794952417  0.94474484153816196  0.95469870396454792
  0.96587696108376886  0.97741375677656650  0.98873858908673506  1.00000000000000000
 -0.00009977571310456  0.00055104399369102  0.00086720680016240  0.00111742521652249
  0.00135809962230766  0.00158905712517191  0.00181855472489408  0.00203904241880998
  0.00225117703524345  0.00245505112450834  0.00266291520825954  0.00287032209660871
  0.00307546821705475  0.00326412277958454  0.00343400991902582  0.00358816103347664
  0.00374544759613726  0.00390635046535612  0.00407680262709681  0.00426856632857933
  0.00442033074423447  0.00456343345778728  0.00470869096570310  0.00484652837742045
  0.00499157735731754  0.00516316706786044  0.00533420002703939  0.00551584952423485
  0.00573056657394221  0.00599058780639061  0.00628092979512277  0.00657514936463467
  0.00687267046100980  0.00708683037448879  0.00729248851703582  0.00742079643437067
  0.00754318895016011  0.00763978350301278  0.00773647730819535  0.00785050104945145
  0.00796487612967987  0.00808133182356626  0.00820419280903944  0.00834582061539804
  0.00849280061943900  0.00864203652760216  0.00879115752099024  0.00894585110778529
  0.00916467277955384  0.00950480230796075  0.00980607192413754  0.01007205838647328
  0.01029441552002387  0.01044622640440036  0.01059476788643669  0.01074024653557911
  0.01089306811813287  0.01104852023078778  0.01127325063643542  0.01156782413793128
  0.01190177433538647  0.01218647245525185  0.01239095046112883  0.01259654252517943
  0.01280281224373815  0.01301549291335808  0.01323020841258716  0.01357608860739090
  0.01412819335215611  0.01446367400829324  0.01481852956762937  0.01517579332430580
  0.01557857472107316  0.01609107848034752  0.01674061011233970  0.01778449175800223
  0.01850202985839555  0.01911293478140763  0.01962723938563990  0.02029848049888445
  0.02147666357800656  0.02242308024470934  0.02313771404199510  0.02414365531411933
  0.02682825749382244  0.02801074408694543  0.02836504201963347  0.02895098772258015
  0.03027449303722642  0.03206525814140534  0.03342566780739951  0.03404784234826253
  0.03467149750763909  0.03709116442579895  0.05036749343030414  1.00000000000000000
 -0.00287508044065005  0.01070080677599140  0.02276511062797706  0.03455434500815544
  0.04726412646398606  0.05959596311212541  0.07059270382953084  0.07993897307948826
  0.08895568431062907  0.09730079397694921  0.10669207869703964  0.11616825670900569
  0.12652322937496757  0.13832239924084752  0.15004216469665699  0.16030119534096232
  0.17034027970154939  0.18070688837636228  0.19176812819655401  0.20241829142737019
  0.21301937036515309  0.22440211386209813  0.23572821276662684  0.24681198889291434
  0.25758340156852083  0.26817885737074620  0.27930679138496423  0.29099415683180957
  0.30323358350177154  0.31534805808127686  0.32691766886563867  0.33775533904595650
  0.34808613229247698  0.35778605528870611  0.36842470563916363  0.37893671396822481
  0.38872493027831817  0.39730411958669826  0.40647545636030136  0.41582025583960275
  0.42608001532202111  0.43622659692239751  0.44669614592403767  0.45701246759915631
  0.46751042827024908  0.47839261658357546  0.48897761884225499  0.49958978188181985
  0.51006367381337203  0.51963319047311196  0.52850888975047250  0.53737819443221968
  0.54752497468003125  0.55964422827668781  0.57146408004469262  0.58160472898060778
  0.59059917938609929  0.59899183925596577  0.60843333305829694  0.61790565559876287
  0.62750599910510152  0.63668405409436013  0.64683533732222143  0.65620019667404783
  0.66572626402481783  0.67576235586135325  0.68608946301462381  0.69838400353586205
  0.71100498620516606  0.72379926005112860  0.73624498882829004  0.74856051432000403
  0.75851025066252387  0.76834603303727689  0.77806331444061727  0.78844216630027675
  0.80002417171405715  0.81096759788073891  0.82116145112002947  0.83040902540267847
  0.83928121319320526  0.84838444972762939  0.85795643541373146  0.86758020171638173
  0.87773820269947822  0.88846835858172590  0.89971751531004107  0.91047832943422147
  0.92124508072960920  0.93117546604221324  0.94079953775211622  0.95081015056394858
  0.96232554441236040  0.97513601339986089  0.98742042291672771  1.00000000000000000
  0.76588634037488679  0.79336678046513776  0.79797187416762838  0.80241563902272317
  0.80608223232652876  0.80971700601912089  0.81416645693280310  0.81905453042160337
  0.82347262278406841  0.82734592819500463  0.83096287704834793  0.83454878792052267
  0.83811611070162551  0.84190072501215640  0.84591115998719324  0.84979942756624927
  0.85329641744827245  0.85651369299546354  0.85975651224891225  0.86324616878453087
  0.86677711649483125  0.87006038658660467  0.87325397629775003  0.87606236442186436
  0.87864768571192431  0.88111706161719328  0.88363088176731175  0.88615850185891865
  0.88855118041117975  0.89092430175823756  0.89331533112059858  0.89589194391122173
  0.89842655092864132  0.90079793208617998  0.90302455284049643  0.90521590800860086
  0.90750864656835351  0.90992324166650718  0.91232416396593685  0.91472790507728696
  0.91711803039431405  0.91936258373956470  0.92164013345759288  0.92383306102665885
  0.92599539258573915  0.92820435063074835  0.93032065271363151  0.93229308842726821
  0.93414500290426516  0.93592249786376558  0.93760295997869125  0.93921288732579511
  0.94077416522092416  0.94236122283647394  0.94391363844500942  0.94538431220421559
  0.94677531126882208  0.94812632632294835  0.94955245451385173  0.95099681149238668
  0.95247569193113524  0.95399490268067166  0.95548445111064728  0.95705647792720105
  0.95857292742386291  0.96006982164388155  0.96152351859213814  0.96297886368153529
  0.96447635862432146  0.96589901726546834  0.96727302170237628  0.96862748387359365
  0.97001783385058782  0.97145998987896998  0.97291434036221691  0.97434527702166562
  0.97570758244665512  0.97709077155412105  0.97840834402829857  0.97971041380304968
  0.98098372007874945  0.98227989233910351  0.98362167620151297  0.98501251921015531
  0.98639211219807599  0.98771765360181407  0.98897030020136878  0.99008587069740772
  0.99117288933284231  0.99220117727208335  0.99324330239432690  0.99437257571901971
  0.99547988638834306  0.99672298024768691  0.99817524362365706  1.00000000000000000
 -0.00951520459018624  0.08357854480776702  0.11369056335651864  0.13328074613653262
  0.14778186678189903  0.16027996804234379  0.17179375675004929  0.18192105316410354
  0.19084521319187228  0.19902699116974498  0.20734527972264366  0.21525799932395220
  0.22347108500464760  0.23127378063835513  0.23885307052188401  0.24638554198969348
  0.25381118178957951  0.26098426827611809  0.26783948790626949  0.27442689531748310
  0.28084705100391072  0.28741518743315192  0.29430825429962953  0.30130317545920282
  0.30786353700771635  0.31419827187176558  0.32031979545720835  0.32632389090345554
  0.33228004329663563  0.33834327106356515  0.34428339012928927  0.35020032608401758
  0.35609433246541450  0.36195074739574112  0.36781922263028644  0.37356584517251373
  0.37899001203331784  0.38390038936941356  0.38873995847137427  0.39331202389387948
  0.39807070341340128  0.40292310685856753  0.40828180055839047  0.41349638832547780
  0.41900537137007154  0.42481235290066782  0.43068673010117564  0.43654796159114251
  0.44233472594836065  0.44828656242445847  0.45468753634239323  0.46103239613366148
  0.46704580938416956  0.47315785511120734  0.47892105994324807  0.48551137689382584
  0.49226039410370753  0.49934268997597264  0.50669272330660320  0.51354754024671978
  0.51971964337413012  0.52562206328826533  0.53159926611806785  0.53783102924704618
  0.54440806260403085  0.55095911224696614  0.55735712252251279  0.56388640854644934
  0.57074989193948378  0.57830744749930607  0.58596361619851456  0.59290160546546788
  0.59979393817437998  0.60655917561695727  0.61315146350635263  0.61992647263260658
  0.62703013028221000  0.63482367258469830  0.64272948411916375  0.65136329721721875
  0.66001464512885133  0.66857803159228313  0.67894303337339401  0.68968870995029763
  0.70074037702836867  0.71226837573439328  0.72402837375938434  0.73712748291223917
  0.75061988067195806  0.76527642948004837  0.77941844102846880  0.79494896297467443
  0.81261178981180426  0.83666683794041330  0.87507003396534022  1.00000000000000000
   3.2222790206172915E-004  -1.0000000000000000     
 F F F F F F F F F F F F F F F F F F F F F F F F F F F F F F F F F F F F F F F F F F F F F F F F F F F F F F F F F F F F F F F F F F F F F F F F F F F F F F F F F F F F F F F F F F F F F F F F F F F F F F F F F F F F F F F F F F F F F F F F F F F F F F F F F F F F F F F F F F F F F F F F F F F F F F F F F F F F F F F F F F F F F F F F F F F F F F F F F F F F F F F F F F F F F F F F F F F F F F F F F F F F F F F F F F F F F F F F F F F F F F F F F F F F F F F F F F F F F F F F F F F F F F F F F F F F F F F F F F F F F F F F F F F F F F F F F F F F F F F F F F F F F F F F F F F F F F F F F F F F F F F F F F F F F F F F F F F F F F F F F F F F F F F F F F F F F F F F F F F F F F F F F F F F F F F F F F F F F F F F F F F F F F F F F F F F F F F F F F F F F F F F F F F F F F F F F F F F F F F F F F F F F F F F F F F F F F F F F F F F F F F F F F F F F F F F F F F F F F F F F F F F F F F F F F F F F F F F F F F F F F F F F F F F F F F F F F F F F F F F F F F F F F F F F F F F F F F F F F F F F F F F F F F F F F F F
  <DiscreteSampler_grid>
  grouped_processes
  1 # 1 for a reference and 2 for a running grid.
  10 # Attribute 'min_bin_probing_points' of the grid.
  1 # Attribute 'grid_mode' of the grid. 1=='default',2=='initialization'
  0.0000000000000000 # Attribute 'small_contrib_threshold' of the grid.
  0.5000000000000000 # Attribute 'damping_power' of the grid.
 # binID   n_entries weight   weight_sqr   abs_weight
    19   10   1.136720046026394E+001   1.067705890031677E+003   1.136720046026394E+001
    20   10   1.136720046026399E+001   1.067705890031688E+003   1.136720046026399E+001
    22   10   1.495882349398773E+001   1.852801019772908E+003   1.495882349398773E+001
    23   10   1.495882349398781E+001   1.852801019772928E+003   1.495882349398781E+001
    25   10   9.831369375455875E+000   7.612689123168921E+002   9.831369375455875E+000
    26   10   9.831369375455919E+000   7.612689123168997E+002   9.831369375455919E+000
    28   10   1.223241243006200E+001   1.173790842429456E+003   1.223241243006200E+001
    29   10   1.223241243006205E+001   1.173790842429467E+003   1.223241243006205E+001
    34   10   1.136720046026393E+001   1.067705890031676E+003   1.136720046026393E+001
    35   10   1.136720046026399E+001   1.067705890031687E+003   1.136720046026399E+001
    37   10   1.495882349398772E+001   1.852801019772905E+003   1.495882349398772E+001
    38   10   1.495882349398779E+001   1.852801019772924E+003   1.495882349398779E+001
    40   10   9.831369375455875E+000   7.612689123168921E+002   9.831369375455875E+000
    41   10   9.831369375455919E+000   7.612689123168997E+002   9.831369375455919E+000
    43   10   1.223241243006200E+001   1.173790842429455E+003   1.223241243006200E+001
    44   10   1.223241243006205E+001   1.173790842429466E+003   1.223241243006205E+001
  </DiscreteSampler_grid>
