  0.00000129980221800  0.00000149037682311  0.00000158194128207  0.00000166168544914
  0.00000174365958397  0.00000182945680804  0.00000191989051168  0.00000201639341279
  0.00000211330866085  0.00000220945118606  0.00000231026560181  0.00000241684297152
  0.00000253227237050  0.00000265978386797  0.00000277938225436  0.00000289825998203
  0.00000302124787254  0.00000314955731625  0.00000328603757513  0.00000342923606662
  0.00000359377145208  0.00000376099126768  0.00000392317581748  0.00000409464567584
  0.00000427643320184  0.00000446110870953  0.00000464990154054  0.00000485551658219
  0.00000509121694318  0.00000535215421986  0.00000564256874429  0.00000595933712519
  0.00000629086568537  0.00000662338533245  0.00000696391462544  0.00000728485195882
  0.00000766360751152  0.00000808005255834  0.00000850681005393  0.00000896772160611
  0.00000945614821442  0.00000997052805229  0.00001054824801937  0.00001116959371632
  0.00001184479916059  0.00001259072053359  0.00001339913838128  0.00001428197995795
  0.00001524235934351  0.00001623481625820  0.00001728068005472  0.00001842048911079
  0.00001963969836693  0.00002108345514066  0.00002267956699033  0.00002443546262945
  0.00002612762616936  0.00002796764555914  0.00003006404877312  0.00003235747359911
  0.00003529422801916  0.00003874005793175  0.00004228517565546  0.00004635342381557
  0.00005063947857418  0.00005549737284968  0.00006125895376553  0.00006766481409065
  0.00007528052143337  0.00008380679990997  0.00009307562240732  0.00010300511505987
  0.00011440079736471  0.00012719967279194  0.00014002435033996  0.00015383273180063
  0.00017009573698652  0.00019031840468646  0.00021845029857505  0.00024938265917711
  0.00027748520312135  0.00030585952853870  0.00034226888254324  0.00039563070532168
  0.00046629774606430  0.00056273978268727  0.00071334201924492  0.00090472202206268
  0.00113541634586037  0.00135638315380629  0.00162233753972615  0.00196983893935536
  0.00264354321089387  0.00454772830396509  0.07181494792273936  1.00000000000000000
  0.00000017589022625  0.00000018762332049  0.00000020259092301  0.00000022406061999
  0.00000024632115425  0.00000027112456256  0.00000029931831220  0.00000032999301728
  0.00000036458987431  0.00000040068907990  0.00000043968950948  0.00000048023614790
  0.00000052560259219  0.00000057481875942  0.00000062523655439  0.00000067607139313
  0.00000072628296874  0.00000077957470797  0.00000083491274704  0.00000088876955575
  0.00000094721354163  0.00000101177903049  0.00000108063778691  0.00000117580334213
  0.00000127089004927  0.00000137112869470  0.00000148541862708  0.00000159769457100
  0.00000172255821338  0.00000185622618279  0.00000200075528516  0.00000215732661237
  0.00000232641050492  0.00000251142207503  0.00000271222182153  0.00000293458606909
  0.00000319501996911  0.00000349385485727  0.00000382964257563  0.00000419085296695
  0.00000459191275169  0.00000501774166822  0.00000554445706541  0.00000606994648693
  0.00000665528709612  0.00000731517376702  0.00000805284001174  0.00000886721468512
  0.00000979692099268  0.00001083021370537  0.00001209075153668  0.00001349304133542
  0.00001504039300642  0.00001673231101454  0.00001857286532161  0.00002076311153004
  0.00002318506616927  0.00002599057520784  0.00002890169509764  0.00003201630333464
  0.00003529563285644  0.00003836754867294  0.00004184929543108  0.00004558769212089
  0.00005006927848618  0.00005540372856150  0.00006125854108690  0.00006747421004185
  0.00007454935712017  0.00008268902064730  0.00009132638141165  0.00010097084282690
  0.00011231524799755  0.00012676831703565  0.00014329379633221  0.00016094249991024
  0.00017931805291278  0.00019948459353594  0.00022149932168566  0.00024662711718902
  0.00027897362397244  0.00031146190052714  0.00034908011673285  0.00039307495558265
  0.00044149094455419  0.00049054341631836  0.00054253232805989  0.00060708613395103
  0.00070471352564785  0.00089394786738050  0.00111944669061697  0.00143959903890809
  0.00193895886347255  0.00302530834560544  0.17301899147517077  1.00000000000000000
  0.00000166055356697  0.00000179900395995  0.00000186023867024  0.00000192876164665
  0.00000200289258801  0.00000207833264952  0.00000214623846577  0.00000222682581680
  0.00000231995534470  0.00000241398132003  0.00000250964339381  0.00000261440956935
  0.00000272672939954  0.00000284307787524  0.00000296347992492  0.00000308663586497
  0.00000321128300111  0.00000333858032551  0.00000348401277033  0.00000365381186454
  0.00000383924285235  0.00000404192369816  0.00000425973556858  0.00000447993411270
  0.00000470066607644  0.00000493157393109  0.00000516566760838  0.00000540547979335
  0.00000567267140688  0.00000595616352311  0.00000626481963624  0.00000660867084483
  0.00000699503146498  0.00000739379259458  0.00000778789859338  0.00000820855713458
  0.00000862183061204  0.00000904851401334  0.00000957730198856  0.00001010997905462
  0.00001070374334796  0.00001132715408615  0.00001196509905410  0.00001266415065801
  0.00001343569405141  0.00001426975198696  0.00001522498437941  0.00001615863692259
  0.00001711087380252  0.00001809247602327  0.00001915666186471  0.00002034174423132
  0.00002164049378228  0.00002307280335552  0.00002470185829115  0.00002628386462606
  0.00002804118630242  0.00002989395132919  0.00003191485614217  0.00003419830498295
  0.00003668618245318  0.00003940358757340  0.00004222398191246  0.00004543329029878
  0.00004933614302560  0.00005421178918415  0.00005998863966246  0.00006623049448120
  0.00007342455106978  0.00008148789398070  0.00008989817057763  0.00009978264278701
  0.00010959086933235  0.00012131618258560  0.00013419079962269  0.00014867401195085
  0.00016461561803567  0.00018399066167930  0.00020977343224272  0.00024134223260158
  0.00027652108939397  0.00031329637487695  0.00035426363350810  0.00040794984627203
  0.00048476847734954  0.00057582041380038  0.00067383091050139  0.00075664699218011
  0.00085480070681666  0.00100288229507882  0.00120294648529160  0.00148841057827139
  0.00214780447346996  0.00482725771094876  0.03605052605089482  1.00000000000000000
  0.00000199344815767  0.00000234364948491  0.00000271190965205  0.00000317862548055
  0.00000353509315123  0.00000384556908121  0.00000413289748622  0.00000440267072008
  0.00000465734100127  0.00000490838686727  0.00000520881475818  0.00000560037778166
  0.00000602288385488  0.00000644375759738  0.00000687765358289  0.00000736048546230
  0.00000788775831717  0.00000843605966180  0.00000900777437879  0.00000960545901287
  0.00001033598752795  0.00001109035625575  0.00001200709501981  0.00001293245457906
  0.00001400175269801  0.00001508767881593  0.00001627982029234  0.00001751989804265
  0.00001889279546211  0.00002031350009824  0.00002193601607369  0.00002375683070290
  0.00002577980606241  0.00002791567332374  0.00003018105049226  0.00003258556192683
  0.00003518315314698  0.00003792455283738  0.00004098563661666  0.00004424454570219
  0.00004758121676626  0.00005083244288303  0.00005421369143848  0.00005792195362168
  0.00006217163566947  0.00006692462539155  0.00007208142934627  0.00007764265590730
  0.00008380629474702  0.00009041283178063  0.00009724347842348  0.00010423607579187
  0.00011139136242318  0.00011922180208832  0.00012794768880561  0.00013727432532426
  0.00014691507526232  0.00015652004944974  0.00016721219134641  0.00017904083275600
  0.00019207674138645  0.00020525956243643  0.00021902047540375  0.00023455900581822
  0.00025143983211288  0.00026894150275826  0.00028786146007285  0.00030921245532611
  0.00033177550185861  0.00035455389939848  0.00037868590927489  0.00040799092827062
  0.00043925215178862  0.00047072215169037  0.00050339562940207  0.00054073036530150
  0.00059155390649964  0.00065123581733542  0.00071559144129834  0.00077153243659337
  0.00083496355140732  0.00090708589220997  0.00099664868612807  0.00112254350237551
  0.00130319286105033  0.00150435052894730  0.00170851007420360  0.00198172996541808
  0.00222280534167273  0.00246810181104455  0.00266715324055586  0.00293625223009407
  0.00333863103630911  0.00474711949445132  0.03870201668195569  1.00000000000000000
 -0.00278366873087714  0.01005442631202585  0.01953218788757786  0.02881150105331054
  0.03702548977880853  0.04650741203925846  0.05662986861435401  0.06769985162190756
  0.08022771781663353  0.09342975258115753  0.10578582027085850  0.11662727701814581
  0.12651730976598360  0.13541213549378958  0.14422853345431483  0.15402563230650887
  0.16500811044382718  0.17625751127341474  0.18708545516546821  0.19773851350604060
  0.20844615127189109  0.21917807793235247  0.23002165451564352  0.24132547829161816
  0.25280926453864244  0.26351160419731234  0.27326004198573728  0.28273908823319294
  0.29264868042177578  0.30286069825365663  0.31340911936454752  0.32465668803901720
  0.33656854990537510  0.34908508982563918  0.36168057211849752  0.37439633202707090
  0.38644736725397522  0.39812142911900733  0.41022375647937687  0.42243312780622921
  0.43352427994939763  0.44411302304657474  0.45438285984297394  0.46488467200313538
  0.47575081672304614  0.48694537258843179  0.49864405960976055  0.51115562254797287
  0.52374438417161484  0.53589805429790160  0.54774456375426472  0.56034950213090307
  0.57296896846038925  0.58547521987873408  0.59750113297476060  0.60964661111024931
  0.62187013479195541  0.63429530350607954  0.64643652723687250  0.65827568336566289
  0.66884467499299027  0.67861128543500970  0.68847392115498574  0.69871633800875499
  0.71090570248967278  0.72289998558599511  0.73437114185389241  0.74495349856060922
  0.75515941174229206  0.76501311984490861  0.77493675317306487  0.78488489174550402
  0.79510239345057154  0.80480270875869675  0.81476699995606039  0.82426066149865096
  0.83424358145079169  0.84316673476276360  0.85093723159781121  0.85874025267564313
  0.86638079724409367  0.87410282649581006  0.88213704414461336  0.89024354624844892
  0.89865434073616313  0.90809541621291234  0.91801975998208074  0.92753504224926875
  0.93704989969286578  0.94617076959561497  0.95477046339926808  0.96364256130732717
  0.97231547159531584  0.98157936995725958  0.99058653640389316  1.00000000000000000
 -0.00242551916345509  0.01066132476892660  0.02186954999218100  0.03334422626266574
  0.04434641857022031  0.05567762908948400  0.06632202363414162  0.07715527823081805
  0.08693901475442679  0.09696372031364811  0.10715805252420758  0.11762668230080554
  0.12776513733003139  0.13733669687531952  0.14703958675960324  0.15697950926276882
  0.16631043238396953  0.17561537506714675  0.18477877225662451  0.19612563650928588
  0.20631010022573820  0.21577325363062697  0.22471522378382619  0.23373675510293582
  0.24385069021429850  0.25508138290808380  0.26530923833955483  0.27558522280753067
  0.28534936986352782  0.29553247152680334  0.30604203805618668  0.31630122876272071
  0.32603489516366591  0.33561945844383950  0.34591571520081876  0.35670506959499704
  0.36689866871846105  0.37675255793108353  0.38707615173255239  0.39666499922232079
  0.40688996538856270  0.41716110996098271  0.42892280526025928  0.44126978166675851
  0.45430892861139333  0.46585357613227801  0.47783620920238984  0.49059121590993243
  0.50409200720490965  0.51572082866588420  0.52697024798345082  0.53761806654814759
  0.54807456372139607  0.55830026285453127  0.56854112034204063  0.57898203204173460
  0.59000934370138181  0.60117177964398161  0.61189475285459294  0.62187792152775934
  0.63189023986157333  0.64162044127333606  0.65068522908567594  0.65967375102606274
  0.66896478483023469  0.67886162385516546  0.68895331144182459  0.69935468463028772
  0.71043746818680298  0.72217040393742227  0.73371074344758713  0.74465251595736481
  0.75519216733956751  0.76606045747053497  0.77681549345751089  0.78726332403428612
  0.79725868360413066  0.80743875536663157  0.81814036506421839  0.82861842559683707
  0.83905573902598851  0.84955062897234479  0.86064880301202906  0.87219977613177169
  0.88314139199547870  0.89296979148264299  0.90252877127543552  0.91222226733221279
  0.92284809345687691  0.93330624634791215  0.94417814539548495  0.95534565681038086
  0.96672377948100829  0.97805753746510904  0.98893885861532727  1.00000000000000000
 -0.00193841594422073  0.00715723412090725  0.01596024119698726  0.02474275143448421
  0.03449262139306638  0.04546633536010752  0.05690122888957944  0.06885914348514389
  0.08047514193765866  0.09086132794622023  0.10018158158852457  0.10923231096702428
  0.11853849353115643  0.12832903126764900  0.13875564869717197  0.14946912626359171
  0.16058621899896919  0.17162333691736070  0.18245014511129906  0.19234448291143327
  0.20163478547545965  0.21109439388008824  0.22080360301119686  0.23071081445285918
  0.24098663778548773  0.25123610681196695  0.26096178697354933  0.27029574352184604
  0.28017074046792784  0.29099660429066032  0.30224557288493425  0.31338223454295905
  0.32433785610673682  0.33496104379162095  0.34569679377157225  0.35646590949738327
  0.36716140981415168  0.37802043101998384  0.38889778896240801  0.39937931632136808
  0.40962742903010613  0.41974080424755261  0.43015415677740948  0.44095442590461525
  0.45218073219280075  0.46288134935579262  0.47288065314500793  0.48255851865157012
  0.49269669718350340  0.50327490258134411  0.51471931415608729  0.52730295719640152
  0.54104547612842824  0.55467351218431282  0.56632124587907962  0.57666068222712719
  0.58680332707779648  0.59760019944493081  0.60902520403996674  0.62056503484316272
  0.63218497447005639  0.64377345550437537  0.65528156965760087  0.66631064155676767
  0.67701661827892112  0.68788467915524476  0.69882278404185061  0.70992651481917635
  0.72031670658800884  0.72992939760288522  0.73965311522537869  0.74968952654134413
  0.76082187060616535  0.77119383925241325  0.78176182970463159  0.79246504965642595
  0.80307069221613947  0.81352145794466657  0.82415987116573730  0.83512778519760367
  0.84644481721858422  0.85708055065632216  0.86771610024644541  0.87843190222280287
  0.88835916723159603  0.89772528236782745  0.90639607623304541  0.91560835143428587
  0.92545869318407392  0.93520881677418377  0.94522906040017829  0.95563702677833595
  0.96662470199067407  0.97767165653385357  0.98848306509055817  1.00000000000000000
 -0.00270799496142138  0.01068874416784910  0.02048877578415595  0.03052742061441939
  0.04121796025729374  0.05244567373463396  0.06391424849578953  0.07507035896486818
  0.08636790685048222  0.09737219991719792  0.10862232400433008  0.12008438160512892
  0.13101920515196966  0.14103139935703068  0.15050484330199143  0.16017478632524423
  0.17073495409335343  0.18291997336472499  0.19465811239427769  0.20534786625499765
  0.21579303385094684  0.22619593437009305  0.23700217383829661  0.24802683669776551
  0.25960175045169864  0.27048374047824597  0.28083106910177824  0.29101179986867698
  0.30145381853526920  0.31129568271921521  0.32126907198205529  0.33124578922220838
  0.34180590795297799  0.35243696397214597  0.36369074076783675  0.37476031991955194
  0.38528960606227314  0.39524437689445491  0.40479010454465769  0.41460192346594221
  0.42487676996450008  0.43543207348381463  0.44647287731684249  0.45795347514993606
  0.46975003559878470  0.48073662509703002  0.49094415806821978  0.50082941311047313
  0.51097844565282224  0.52155516584420836  0.53241693894365993  0.54296408060644796
  0.55336957708296286  0.56377604709838491  0.57516043841960662  0.58722829822686906
  0.59870120701206619  0.60959041988783724  0.62046222128532835  0.63116722251174129
  0.64136638507539623  0.65081674566899750  0.66014312594175295  0.66936657843450631
  0.67895769866301003  0.68905754869228708  0.69930816793851613  0.70928467252273186
  0.71912015960553188  0.72830202511273323  0.73775742114962350  0.74751732193552656
  0.75899004540620107  0.77077469988191649  0.78112193191185630  0.79107730192127546
  0.80159610219905575  0.81286809999921994  0.82407843086428945  0.83530587030257442
  0.84727042507244033  0.85891019509515976  0.86973360162549274  0.88016706915341858
  0.89086319463283237  0.90138889912976050  0.91152116855684129  0.92147383088831114
  0.93102215129926735  0.94061965032122130  0.95072212040159609  0.96110262740426089
  0.97198842945931307  0.98196746920289379  0.99142312728638504  1.00000000000000000
 -0.00234074295415518  0.00844952934345560  0.01835582854020548  0.02850444012732082
  0.03929176132541305  0.04954220678380338  0.05927418837058102  0.06919996273394154
  0.07826445829515047  0.08772300886139119  0.09694869628204375  0.10655503798517404
  0.11709042926895380  0.12840734254767022  0.14063733079614521  0.15308496533485158
  0.16505341552416711  0.17634242383855367  0.18758932623174779  0.19917901871094837
  0.21081091327318932  0.22256515892048859  0.23462215059921451  0.24650535210647720
  0.25707572892872954  0.26712963285745284  0.27692697581002357  0.28727333530080068
  0.29772885562484547  0.30855506642890312  0.31943579772844000  0.33021896301493181
  0.34107638299123139  0.35203167199442098  0.36359795638215647  0.37503062658983594
  0.38604147725919891  0.39612490271877326  0.40616160625183301  0.41589596835824133
  0.42519515451308532  0.43397601043451611  0.44262443261072038  0.45158474391174502
  0.46124367791843712  0.47157215007616826  0.48207535293597148  0.49257690269795174
  0.50324599844269291  0.51467327320484202  0.52661866481254416  0.53875659305160051
  0.55062290556442939  0.56156289886523725  0.57150767760142851  0.58129421352003952
  0.59116978521534680  0.60025671638476463  0.60867008356470409  0.61717215809133852
  0.62718764322624376  0.63813511493251629  0.64880649209054775  0.65942246051312559
  0.67006145339542744  0.68067862406461210  0.69159823739531390  0.70262750731380141
  0.71340850163251968  0.72372843743128790  0.73399549864792468  0.74444282672021689
  0.75548750953980692  0.76708343403190604  0.77974463095555913  0.79101072595619937
  0.80242866844372740  0.81375609112240732  0.82506075440138005  0.83593852671166025
  0.84633172102067622  0.85663565614856541  0.86723188640811388  0.87822415644823870
  0.88920121658262674  0.89959707252345134  0.90969414667489801  0.92024109019897515
  0.93084324056690926  0.94085126003466313  0.94948111571590488  0.95847686923610376
  0.96873592258432328  0.97969453244557980  0.98998411358976379  1.00000000000000000
 -0.00008115739635006  0.00027673847917899  0.00051549784912460  0.00068341551282377
  0.00080127421968378  0.00091048950234104  0.00101543232717814  0.00112372760833720
  0.00123327454299327  0.00134367706089205  0.00145444336614882  0.00156556551891786
  0.00167415052321619  0.00178332796261478  0.00189899641459801  0.00202155499600445
  0.00215056246680118  0.00228264439850759  0.00241735967349372  0.00254504876194992
  0.00265117219727398  0.00275942279195932  0.00286979529113288  0.00297949650522938
  0.00308901988555893  0.00323395858512522  0.00335077329602982  0.00345084433409450
  0.00355484825077753  0.00366100534749535  0.00376888067140243  0.00387759255382343
  0.00402255456849250  0.00415723894614370  0.00425418811447543  0.00435115863251560
  0.00444900892845524  0.00454685922439488  0.00464201944178602  0.00473593487334375
  0.00487837551754884  0.00508497875652703  0.00526211966929719  0.00541940697876787
  0.00556290368029585  0.00566496526802898  0.00575752367176870  0.00585257017951448
  0.00594832619118225  0.00604313593323101  0.00613764496062392  0.00626989668893022
  0.00643508179470527  0.00664400315170182  0.00688419313216495  0.00706909649521085
  0.00725461753931693  0.00744375371194780  0.00766577871693573  0.00794834796725991
  0.00823167494542689  0.00847718920533132  0.00863366649846748  0.00880452734185278
  0.00900039148311118  0.00920132870894900  0.00940830118199842  0.00972056486196009
  0.01030148213959511  0.01070907915100090  0.01112161141905624  0.01240812559927409
  0.01285137303843398  0.01343441958082255  0.01380854303796324  0.01421293162525440
  0.01463907452292513  0.01518147923259680  0.01589160698640026  0.01625151861051784
  0.01651271198594715  0.01677500473538737  0.01848445567213056  0.01926683622299537
  0.01961287946343008  0.02002503377835126  0.02053152237208849  0.02078650555485655
  0.02194909514160723  0.02374761217619941  0.02696978550566993  0.02826521451027063
  0.03486385891800890  0.04702693344403509  0.42885165551328802  1.00000000000000000
 -0.00224493158069961  0.00808474482314232  0.01741496462782590  0.02682386535597871
  0.03701521473633923  0.04700279169436096  0.05635376891038880  0.06496911992236429
  0.07332842368887990  0.08211875941436440  0.09124539726848532  0.10016670405478353
  0.10917298982614966  0.11820458122767719  0.12760736890835739  0.13714265818462656
  0.14686641728306349  0.15679807812117108  0.16674329175861094  0.17655018291282665
  0.18637898312217899  0.19653110689027059  0.20671548590294136  0.21641768363673208
  0.22596771172065364  0.23602809045857448  0.24756854553770888  0.26006475270256324
  0.27252326183813513  0.28513143277719361  0.29767032998524112  0.31019639522858683
  0.32226545061872874  0.33273469698005259  0.34196362254994123  0.35091711408673792
  0.36152592305447045  0.37324657970348391  0.38502135481650651  0.39732799185827816
  0.40986542654963604  0.42315519036036275  0.43649757003905221  0.44948917125925036
  0.46205340750966323  0.47533554779978937  0.48947867561747921  0.50292136460208114
  0.51521784616053856  0.52723454928632318  0.53963896220278673  0.55274610019131065
  0.56597421993602071  0.57922563034067298  0.59174081977947135  0.60298445780372656
  0.61348510617735952  0.62413035049634680  0.63555178867912243  0.64768315300622337
  0.66022324695044809  0.67274697277324957  0.68479206726052855  0.69581624782040064
  0.70574250618666201  0.71511649098233077  0.72484484792180315  0.73549151942500102
  0.74565838065154633  0.75520832057303755  0.76436977340235390  0.77381248205791253
  0.78449140159293018  0.79523548610482564  0.80557714474404141  0.81584917407649171
  0.82564852051348281  0.83551507194129881  0.84523595187445799  0.85503011768433546
  0.86408017536274440  0.87266856004182769  0.88109535506669234  0.88963878788855311
  0.89838361652858956  0.90696332329840712  0.91551153813011044  0.92431046862525912
  0.93337967706013381  0.94249882014637265  0.95149748312637472  0.96058978906952441
  0.96984641971989116  0.97949010209208398  0.98985832744361435  1.00000000000000000
  0.52670065010473466  0.54120349205513796  0.55743735293731245  0.57109464063130178
  0.57842075228927248  0.58325273978915571  0.58717343237030495  0.59182520932465266
  0.59718008304623349  0.60206051005833439  0.60666119121191464  0.61663345309382367
  0.62475513574321362  0.63087763380968542  0.63690332398358773  0.64336839273854907
  0.64945306686595494  0.65513184330957186  0.66235694599694794  0.66912797720829709
  0.67488468091909204  0.68053231042525164  0.68626894748777645  0.69203997058730782
  0.69773784909176462  0.70298056731769143  0.70789031739979280  0.71300626530466571
  0.71892561963216839  0.72563944512920986  0.73222782770361738  0.73838260943763567
  0.74421908692229710  0.74962232708267784  0.75464107343625486  0.75970937990334741
  0.76496814863236529  0.77019942085644777  0.77519166210072887  0.77962620431016372
  0.78389628594179261  0.78789893197109173  0.79214263816031172  0.79670773520880200
  0.80154313376698683  0.80642409400324522  0.81109202337245589  0.81558844187367041
  0.81997612662315944  0.82444600083222130  0.82900868901016966  0.83365169873244982
  0.83802899150796184  0.84235083380124320  0.84669245260140791  0.85114761488606716
  0.85553181182948701  0.85982903432069113  0.86398446589317213  0.86808108717387622
  0.87210336583402426  0.87621464926867765  0.88024160767976023  0.88413535207903993
  0.88796258389392657  0.89177654202362155  0.89565747972407328  0.89954859315915781
  0.90340310104017352  0.90728532603518175  0.91109415149902184  0.91486604831360085
  0.91869418361306443  0.92255355421683083  0.92634639916881534  0.93011595922788348
  0.93397762030428066  0.93791523060790993  0.94179619747155696  0.94546988231795492
  0.94896598698755785  0.95239708050972682  0.95579423720485335  0.95892054576934971
  0.96185306705895179  0.96472142267728844  0.96756628210031215  0.97043801135579866
  0.97348408823801036  0.97671338095271498  0.98006087803021857  0.98351835399970411
  0.98710817560322939  0.99084205229745126  0.99512322036058909  1.00000000000000000
 -0.01863250761855514  0.08452585729277372  0.09713394216030330  0.10720247777862373
  0.11494646105661688  0.12270659250964182  0.13078673498348356  0.13976477267952864
  0.15029528428424574  0.16110611545356684  0.16990032854083659  0.17744202817267979
  0.18426094623988190  0.19093550177585783  0.19748840637831985  0.20277609425180132
  0.20781746331011211  0.21275543713388517  0.21811025132612774  0.22392041727025264
  0.23060889597917511  0.23724374858558522  0.24374791018334549  0.25038004488853771
  0.25630268395437955  0.26197456608087188  0.26756332286522033  0.27302042147254368
  0.27839551006756186  0.28373203895804583  0.28906995167160032  0.29455316403145798
  0.30029152189018982  0.30582862817087209  0.31101701629762646  0.31637645113115670
  0.32176788625026781  0.32708332206854951  0.33233060466160358  0.33762067494234416
  0.34312012249091356  0.34886753610633769  0.35469078240172691  0.36058413936543804
  0.36632239151745782  0.37197964909907133  0.37746205094902707  0.38294313176456923
  0.38856236609539629  0.39463980696743023  0.40121428088233946  0.40786702232964694
  0.41425941845342179  0.42115733994563759  0.42791826643475406  0.43430792713474453
  0.44033256231451251  0.44668069935465754  0.45322571360071551  0.46019705713850101
  0.46758601903962654  0.47506659978389254  0.48227197737286492  0.48940114040808130
  0.49662464527019012  0.50421436349672899  0.51213586816846635  0.51988119804115041
  0.52764334622021580  0.53514757935076240  0.54294898737942920  0.55095751332900667
  0.55918847253096715  0.56750255892798962  0.57586309019748028  0.58432679030882861
  0.59309508306980518  0.60220887761291042  0.61185736216548969  0.62209372562886078
  0.63298924241770982  0.64442538516620973  0.65652187398204598  0.66945716295793922
  0.68323637462195219  0.69769838199456424  0.71198506289710006  0.72648863331480662
  0.74084538092184238  0.75628001622977559  0.77378763636695547  0.79409965831945206
  0.81565828796188289  0.84181636517315106  0.88079308086640262  1.00000000000000000
   1.1591388094356695E-005  -1.0000000000000000     
 F F F F F F F F F F F F F F F F F F F F F F F F F F F F F F F F F F F F F F F F F F F F F F F F F F F F F F F F F F F F F F F F F F F F F F F F F F F F F F F F F F F F F F F F F F F F F F F F F F F F F F F F F F F F F F F F F F F F F F F F F F F F F F F F F F F F F F F F F F F F F F F F F F F F F F F F F F F F F F F F F F F F F F F F F F F F F F F F F F F F F F F F F F F F F F F F F F F F F F F F F F F F F F F F F F F F F F F F F F F F F F F F F F F F F F F F F F F F F F F F F F F F F F F F F F F F F F F F F F F F F F F F F F F F F F F F F F F F F F F F F F F F F F F F F F F F F F F F F F F F F F F F F F F F F F F F F F F F F F F F F F F F F F F F F F F F F F F F F F F F F F F F F F F F F F F F F F F F F F F F F F F F F F F F F F F F F F F F F F F F F F F F F F F F F F F F F F F F F F F F F F F F F F F F F F F F F F F F F F F F F F F F F F F F F F F F F F F F F F F F F F F F F F F F F F F F F F F F F F F F F F F F F F F F F F F F F F F F F F F F F F F F F F F F F F F F F F F F F F F F F F F F F F F F F F F F
  <DiscreteSampler_grid>
  grouped_processes
  1 # 1 for a reference and 2 for a running grid.
  10 # Attribute 'min_bin_probing_points' of the grid.
  1 # Attribute 'grid_mode' of the grid. 1=='default',2=='initialization'
  0.0000000000000000 # Attribute 'small_contrib_threshold' of the grid.
  0.5000000000000000 # Attribute 'damping_power' of the grid.
 # binID   n_entries weight   weight_sqr   abs_weight
    19   10   7.083085145582161E-001   2.576300004852102E+000   7.083085145582161E-001
    20   10   7.083085145582156E-001   2.576300004852096E+000   7.083085145582156E-001
    22   10   1.846974889419351E-001   1.800052080625455E-001   1.846974889419351E-001
    23   10   1.846974889419350E-001   1.800052080625452E-001   1.846974889419350E-001
    25   10   6.335207343128568E-001   1.914412195189369E+000   6.335207343128568E-001
    26   10   6.335207343128557E-001   1.914412195189360E+000   6.335207343128557E-001
    28   10   1.480017246379689E-001   9.990067324480664E-002   1.480017246379689E-001
    29   10   1.480017246379686E-001   9.990067324480614E-002   1.480017246379686E-001
    34   10   7.083085145582162E-001   2.576300004852102E+000   7.083085145582162E-001
    35   10   7.083085145582158E-001   2.576300004852097E+000   7.083085145582158E-001
    37   10   1.846974889419351E-001   1.800052080625456E-001   1.846974889419351E-001
    38   10   1.846974889419350E-001   1.800052080625452E-001   1.846974889419350E-001
    40   10   6.335207343128567E-001   1.914412195189368E+000   6.335207343128567E-001
    41   10   6.335207343128559E-001   1.914412195189361E+000   6.335207343128559E-001
    43   10   1.480017246379689E-001   9.990067324480664E-002   1.480017246379689E-001
    44   10   1.480017246379687E-001   9.990067324480618E-002   1.480017246379687E-001
  </DiscreteSampler_grid>
