 -0.00257346415099797  0.01121462352120732  0.02262300703179900  0.03310899365886030
  0.04438108461646025  0.05523013261073950  0.06616608004783293  0.07633023684152905
  0.08612110179680033  0.09652016425370596  0.10755222844695883  0.11950409409022660
  0.13102357057935743  0.14201193724405478  0.15271420720056761  0.16336375203465783
  0.17435030709047988  0.18534662142030961  0.19595035956270665  0.20642651393606939
  0.21661441600799833  0.22627111160955440  0.23579158722246765  0.24519369644254788
  0.25595106627898678  0.26694429190032704  0.27792994767279072  0.28822763515060745
  0.29838186092096597  0.30862543633002099  0.31901162175191417  0.32932803085423140
  0.33940028647522585  0.34970449112776475  0.36089269828668147  0.37228899029141915
  0.38400330822652373  0.39548246889541266  0.40709388224796861  0.41853512363935641
  0.42947655479264196  0.44023805915432890  0.45049967699983245  0.46112680655100013
  0.47223436717341921  0.48310557120177466  0.49337456609951008  0.50306169540330148
  0.51240162909028109  0.52164468421282306  0.53117472913701413  0.54183780877455001
  0.55266079252315503  0.56328069750621357  0.57417948416775355  0.58532346383821943
  0.59631459521442787  0.60697042571226378  0.61747538873570362  0.62845021152200486
  0.63946216749274298  0.65041071646784787  0.66086564039716145  0.67066580693417821
  0.68002862258706054  0.68930144741568933  0.69883741424879642  0.70818779862253800
  0.71768032837881368  0.72748247233105434  0.73827296103706641  0.74970510385215194
  0.76094423844968184  0.77164249645590621  0.78234870403797763  0.79342497752669949
  0.80430957023716243  0.81466898561800527  0.82464544901077441  0.83476501244942092
  0.84497008810967456  0.85514483822110321  0.86542043782075306  0.87660643342897016
  0.88766790753594316  0.89800962383415495  0.90769291687039277  0.91755621530498865
  0.92666673791562826  0.93567802067103212  0.94447847076341163  0.95371034995385950
  0.96436950417149070  0.97601925724491312  0.98801910193987519  1.00000000000000000
  0.00001968812011833  0.00004000262811233  0.00004576542268897  0.00005227244080463
  0.00006049324354179  0.00006823865224272  0.00007503307282925  0.00008122983728073
  0.00008709603672140  0.00009268766252734  0.00009816077993439  0.00010352580321638
  0.00010878578263499  0.00011407746418949  0.00011926363004105  0.00012446427776795
  0.00012974593361872  0.00013509895417940  0.00014045334180827  0.00014608687901352
  0.00015172674981742  0.00015761987469001  0.00016363513350358  0.00016958322858526
  0.00017569738988064  0.00018191143130232  0.00018832711343062  0.00019538705388369
  0.00020266285202202  0.00021014258225040  0.00021757248829687  0.00022525417844401
  0.00023429969555296  0.00024339404262080  0.00025277040371649  0.00026230474248518
  0.00027180829796198  0.00028224779942617  0.00029295850577543  0.00030367526836007
  0.00031465018772388  0.00032590489988211  0.00033841320773098  0.00035065523980761
  0.00036255092934838  0.00037475614964826  0.00038727925304849  0.00040262664567744
  0.00041926640046931  0.00043597491244927  0.00045308237713170  0.00047044472955943
  0.00048883590911421  0.00051268583801655  0.00053709249799224  0.00056097383992879
  0.00058630327623092  0.00061546731683255  0.00064834135293202  0.00068478198929881
  0.00072518588037495  0.00076455652200936  0.00080110286614857  0.00083684014780674
  0.00087507351224273  0.00092452285515990  0.00097349876725655  0.00102560643365040
  0.00107902683329392  0.00114142504836417  0.00121449883808927  0.00129006334779604
  0.00137278871767497  0.00145897467995528  0.00156202698851873  0.00168709720055870
  0.00183414091962685  0.00201206360639636  0.00223078429265227  0.00251415078111711
  0.00285621903852301  0.00325859790280966  0.00376208111325123  0.00438958218868820
  0.00511582916051706  0.00590994948564194  0.00698938924987644  0.00820319096293289
  0.00921969561722223  0.01014092820527063  0.01130216356094872  0.01187326048093519
  0.01408639547526406  0.02027557992104734  0.02888672727849863  1.00000000000000000
  0.00007040008382956  0.00010502762487753  0.00011809913465152  0.00012994890608801
  0.00014189684310441  0.00015388513760498  0.00016583345455642  0.00017747097208048
  0.00018915318441389  0.00020145873435008  0.00021417532204201  0.00022744970041836
  0.00024171674234497  0.00025635264839610  0.00027124399281690  0.00028662391109403
  0.00030237333878812  0.00031800671335721  0.00033454626475720  0.00035226013865864
  0.00037055209969331  0.00038877959670185  0.00040723563085311  0.00042689734818335
  0.00044674354978476  0.00046665163028882  0.00048624310700791  0.00050800559586527
  0.00053021812451642  0.00055321242359776  0.00057682818244191  0.00060254392210136
  0.00062955231297683  0.00065680715264731  0.00068395249425845  0.00071074861927277
  0.00073929269673392  0.00076905023618488  0.00079964808010748  0.00082994405750219
  0.00086042545172866  0.00089088896624547  0.00092470849218675  0.00096104173509314
  0.00100140394620934  0.00104785787620768  0.00110144613624932  0.00115201701125796
  0.00120095304299553  0.00125398148444647  0.00131869104525198  0.00139408508353541
  0.00146660709533525  0.00153967876717598  0.00162096429388356  0.00170484901851242
  0.00178950521753939  0.00187873436810792  0.00196287451707150  0.00203456616439034
  0.00210901628496641  0.00219070894644796  0.00229093509576321  0.00244705402066020
  0.00259646446992802  0.00273086271859717  0.00287235993843963  0.00302496235395145
  0.00320704376505242  0.00344514926491408  0.00370274710166258  0.00394386357135146
  0.00418722421378299  0.00444566206702816  0.00468436524232881  0.00496105397514857
  0.00527126283048268  0.00564082370514274  0.00610233555676880  0.00665473953427429
  0.00717071011810767  0.00775361694376984  0.00853754346315524  0.00938838283255163
  0.01037430018678586  0.01155852697530233  0.01279092354887734  0.01403486730906692
  0.01558996920380618  0.01796089517854456  0.02522303237125736  0.03154754076756904
  0.03715236938473165  0.05883457210082761  0.09426392345549192  1.00000000000000000
  0.00000149715258592  0.00000167643463909  0.00000179676763909  0.00000191860668557
  0.00000204086254529  0.00000217312377637  0.00000231671857170  0.00000245915170857
  0.00000261399509076  0.00000277657632895  0.00000296263204318  0.00000317237881967
  0.00000339201080960  0.00000362779730357  0.00000387031127394  0.00000411330696204
  0.00000436531344083  0.00000462536151431  0.00000491280218926  0.00000523035368762
  0.00000556680316308  0.00000592214137824  0.00000629371753705  0.00000668036146601
  0.00000710553592569  0.00000756957587004  0.00000805071522092  0.00000855552585761
  0.00000907559612367  0.00000961922408636  0.00001018674357384  0.00001079283218096
  0.00001142064717641  0.00001205958191957  0.00001275263961109  0.00001347432216500
  0.00001423607757644  0.00001505713793214  0.00001591072037188  0.00001679364269129
  0.00001780529655825  0.00001884660749285  0.00001997320213144  0.00002116622328658
  0.00002234995554359  0.00002367918329851  0.00002495335582772  0.00002632795813850
  0.00002782736542116  0.00002948274864278  0.00003136454527962  0.00003341306676964
  0.00003559984626167  0.00003808890306347  0.00004070524749641  0.00004366981267387
  0.00004679666753015  0.00005027001739820  0.00005411143024783  0.00005832309454012
  0.00006285094284280  0.00006760083528953  0.00007285392132775  0.00007883413226043
  0.00008535704711138  0.00009263838809933  0.00010094572683846  0.00011074588702790
  0.00012247674139096  0.00013565590539276  0.00015049447717843  0.00016742963954476
  0.00018587216068334  0.00020569340864079  0.00022834031777253  0.00025583733237748
  0.00029024653415237  0.00032945518549130  0.00037756892877079  0.00044000762575401
  0.00052034419980450  0.00061453121647068  0.00073703590701109  0.00088878199419397
  0.00105394892471655  0.00124412580682743  0.00146994976794659  0.00174989234054032
  0.00208749332115955  0.00251051743954490  0.00299236307797789  0.00367586300408276
  0.00525811661608084  0.00944240756990425  0.07005561422087156  1.00000000000000000
 -0.00193637845639342  0.00993346242450688  0.02098689980259705  0.03210667198089169
  0.04390263192512449  0.05506722845590081  0.06606825205287450  0.07731306544187901
  0.08847103044147149  0.09951126393604985  0.11004999372217772  0.12048417850569695
  0.13102934779855027  0.14192952721080476  0.15294319494679195  0.16411384220083658
  0.17541695753450021  0.18701367987286593  0.19900788635084063  0.21130895103681585
  0.22321017856079131  0.23423550510589308  0.24466665639668173  0.25525454287197086
  0.26563423026786398  0.27537581730183902  0.28463678453582902  0.29374296483646772
  0.30295853816459961  0.31212888425802127  0.32115570625716267  0.33005921771669705
  0.33931068094766925  0.34916992697544380  0.35985161780384645  0.37120423560285709
  0.38220839960028652  0.39275503837107534  0.40338690840359309  0.41402084183262217
  0.42498458200666539  0.43606678526451920  0.44733803417828694  0.45851936362301660
  0.46913594289360866  0.48018478038669349  0.49087206052939752  0.50154526992464565
  0.51198012755974520  0.52098684895214997  0.52952255538688076  0.53803922794908132
  0.54719524063745051  0.55750131191809971  0.56787470441629251  0.57818551577307398
  0.58892064281426670  0.60050990864001730  0.61204539268925828  0.62284215802864118
  0.63314525090230955  0.64367877919487726  0.65486119538200582  0.66614707560631392
  0.67579396716054496  0.68470360665109387  0.69385617619670437  0.70347977234791759
  0.71402829480845975  0.72442192112725989  0.73562272178916177  0.74718708229850161
  0.75906408458513697  0.77091814072700116  0.78195198531786048  0.79321585510067216
  0.80448870706549691  0.81576521599671681  0.82668552597344547  0.83761682342739618
  0.84812448179815048  0.85833440417263662  0.86814914020945433  0.87775948682006466
  0.88751863470627435  0.89778558767991878  0.90836230591803202  0.91863161935360083
  0.92862264581517862  0.93858810608996179  0.94927566112213202  0.95975367509648624
  0.97014052291756836  0.98081972717480004  0.99057313929739388  1.00000000000000000
 -0.00218297935330973  0.01006312135373738  0.02067616629822235  0.03143793980586804
  0.04159772951101399  0.05121260524717015  0.06066051948575583  0.07058651312135505
  0.08088247356611394  0.09130872570275436  0.10148115316392581  0.11230651884492150
  0.12361928923912253  0.13464575671603043  0.14423261465589882  0.15251388172453653
  0.16077308012141334  0.16877816743547952  0.17791400113761655  0.18752867439592733
  0.19690981488686002  0.20652353419067213  0.21644900149918081  0.22737875257053808
  0.23814149377081045  0.24841134117181266  0.25834132339079857  0.26855726383266459
  0.27953893351145792  0.29079680937290170  0.30184004229965966  0.31314320898396281
  0.32477917171955389  0.33589402302408050  0.34603222788119808  0.35625770484627212
  0.36719544232890661  0.37872881223213634  0.38946906976265688  0.40007414738668762
  0.41053357362715981  0.42088437070399592  0.43086856518321287  0.44114505564138634
  0.45165349390957632  0.46217140472368745  0.47278079268489132  0.48381306876277402
  0.49467246735357462  0.50515846018043276  0.51502841220029805  0.52554517841973281
  0.53670380087214153  0.54823793761392503  0.55949737788821963  0.57049644722517889
  0.58141166775203645  0.59187882157278249  0.60234243991115299  0.61225814080045049
  0.62239380139672762  0.63243184197121693  0.64280439941529588  0.65418767454776428
  0.66568765581525857  0.67712076837381951  0.68881633027835365  0.69943821986347143
  0.71026158757222368  0.72069998917166023  0.73168855180515313  0.74196503399599723
  0.75210929916754321  0.76256279910174607  0.77351326618098015  0.78478028265179489
  0.79564915886331788  0.80664591128136909  0.81748369525603770  0.82864104657146698
  0.83943903126598318  0.85018048107527100  0.86116731201173902  0.87216010428634339
  0.88327981146767565  0.89426483305165039  0.90515377406190878  0.91570848004569849
  0.92529696117031002  0.93476948125353021  0.94469640567701474  0.95502448532240591
  0.96584485626757444  0.97681784367785718  0.98831652727424379  1.00000000000000000
 -0.00227082874845506  0.00875146663750886  0.01767374497758185  0.02773381468293197
  0.03708774938959199  0.04690407868903899  0.05690265107565989  0.06729667267939826
  0.07790754895953615  0.08832021333480258  0.09861665020246904  0.10923461013130419
  0.11987482516995267  0.13100950051731644  0.14152010537338605  0.15243040490860241
  0.16352125278072094  0.17400901638849345  0.18418194395715118  0.19458165328059571
  0.20543453795073613  0.21643252087282447  0.22726256485123822  0.23810637265812648
  0.24823617980974144  0.25842991416487904  0.26901616829682085  0.28048265247866661
  0.29190260587036343  0.30285278240108321  0.31404309235617034  0.32498332585032580
  0.33612776403622369  0.34678166289471457  0.35750604966863675  0.36839457493844302
  0.38024050580373109  0.39203578548468038  0.40382834923876049  0.41628882239999460
  0.42854734879867135  0.44097838485448176  0.45269274506467588  0.46440260496284558
  0.47590552851763546  0.48739931125823538  0.49890378587739687  0.51091734192239047
  0.52215909811419725  0.53312748611181693  0.54412608396650985  0.55732457002333280
  0.56990220892308863  0.58220138044407999  0.59390343431882664  0.60493800955099164
  0.61628265085398248  0.62721841390297117  0.63922651415542953  0.65115499329405024
  0.66363283556496455  0.67519473294694443  0.68586090621595852  0.69638474453485322
  0.70665970483696938  0.71722292704410040  0.72818548931272475  0.73943429601086974
  0.75053671999038840  0.76164599376016651  0.77287623887799373  0.78461316542400195
  0.79482856479273967  0.80432909220478477  0.81370649932318762  0.82270817155604836
  0.83150101827702028  0.84032778454518986  0.84932654832021748  0.85960778334692023
  0.87015606580475169  0.88043641771562720  0.89062697538006008  0.90060074045398331
  0.91045822467922610  0.91938449808277856  0.92800855397178061  0.93648272452706416
  0.94489561232838770  0.95280613022047111  0.96076171388179799  0.96857675284182321
  0.97660876189490153  0.98424293805869123  0.99214208030378148  1.00000000000000000
 -0.00212185804283770  0.00832124573319144  0.01778985562353251  0.02835586076881802
  0.03955965682134679  0.05065019331077207  0.06175115374710618  0.07295472718276153
  0.08418432613803491  0.09466703747792599  0.10471005287231996  0.11471705888729526
  0.12493687624083731  0.13522961701291025  0.14546663711162511  0.15638477810979201
  0.16840432188901841  0.18022666849260555  0.19049298320610958  0.19962209744140444
  0.20871844494610281  0.21832686612002278  0.22794863852011324  0.23698767939284451
  0.24594225124028191  0.25529142208795180  0.26533116218160252  0.27574194818617792
  0.28615897208159363  0.29659806033706038  0.30577766378680571  0.31484745074083276
  0.32430036715179583  0.33421126131109435  0.34544504139941395  0.35658240374750655
  0.36710736437429414  0.37755560998607218  0.38757463552168320  0.39813100710643001
  0.40936598981786299  0.42044320575518507  0.43152481699041684  0.44282745000765961
  0.45380903534291167  0.46418499888221448  0.47443261988371094  0.48543724962347068
  0.49663098417493218  0.50703419779533987  0.51684641784564656  0.52616156455838181
  0.53579395710814182  0.54588192764217291  0.55658794840889791  0.56771780936344229
  0.57932121224106148  0.59067850427304236  0.60159839258384185  0.61254720439242694
  0.62368283778296296  0.63446883201677107  0.64428894722339791  0.65397989084736685
  0.66328723933259526  0.67279883453806189  0.68241895661289131  0.69256977619576432
  0.70317818251061670  0.71341504085549068  0.72371318617475910  0.73444482170203340
  0.74547692135012911  0.75639826990725867  0.76690720592207162  0.77721651714544226
  0.78792465716538540  0.79894105068150501  0.81019597644072472  0.82160663819197521
  0.83238876403639639  0.84354697988445615  0.85460886569987626  0.86543841020837864
  0.87587431522144921  0.88671925015000619  0.89829110224822062  0.91042227527522046
  0.92246338847796794  0.93342794370592863  0.94368706410493530  0.95332895273110774
  0.96393994729847532  0.97547037900774181  0.98785156913352512  1.00000000000000000
  0.00360227077995356  0.01583669493815471  0.02793755569443415  0.04203581231321553
  0.05432968907403673  0.06592619263319234  0.07716519206875354  0.08829093760776420
  0.09928781488311263  0.11032901196095331  0.12154878664167720  0.13258973201679689
  0.14320919612861416  0.15362661640030001  0.16419484270134760  0.17512008023922379
  0.18608665475800257  0.19682610393894318  0.20730053575716584  0.21716711712563078
  0.22686649703880285  0.23674219162447657  0.24690785009451346  0.25727943018498195
  0.26758200851111608  0.27807118105303058  0.28860775056866461  0.29861865391543962
  0.30844052123000754  0.31794075445272457  0.32720107248279956  0.33626906870503626
  0.34470782599862582  0.35356570998228176  0.36249096648926571  0.37161784820226484
  0.38080612616938797  0.39024317802821673  0.39966449937526760  0.40918462553359236
  0.41838917335780446  0.42785999462288216  0.43795099902356716  0.44823249629188261
  0.45816895842341537  0.46819570919834602  0.47817881196723017  0.48790998540177472
  0.49771724038762416  0.50804254087836398  0.51899649060301534  0.52992860628533145
  0.54063038312977951  0.55100006368199950  0.56094941839844847  0.57042091032072195
  0.57953810046126231  0.58879366036731062  0.59855523303701930  0.60892527710344468
  0.61939560891301859  0.62967554776256462  0.63948651638008969  0.64941645206384269
  0.65945519526043450  0.66947104783174016  0.67954282213599337  0.68910865466862770
  0.69840532984786163  0.70771557728308820  0.71736174558793209  0.72764346400098279
  0.73787664328720881  0.74815108579761080  0.75868552480489682  0.76952864641179120
  0.78042515374776289  0.79119371130225047  0.80207335543203129  0.81343638305946375
  0.82551760937042906  0.83751138681988435  0.84894577294068796  0.86036702012924915
  0.87119085567285415  0.88107687452126748  0.89071174339013470  0.89980920884461590
  0.90820996079351690  0.91673046835241867  0.92494052327139342  0.93527676540067861
  0.94822837364215717  0.96287001632355074  0.97991344297311822  1.00000000000000000
 -0.00221177777046552  0.00989287364853489  0.02034874167013652  0.03075016537545783
  0.04148857576762244  0.05210530778371748  0.06258095016700996  0.07304928313978651
  0.08366177498094303  0.09374907910521599  0.10284410291281768  0.11167692536167725
  0.12087002474994941  0.13085668310549384  0.14129868711439672  0.15187655855996379
  0.16273420305477801  0.17372981218831204  0.18458562535871115  0.19508494892119899
  0.20535187296633065  0.21589848735965833  0.22720168581225134  0.23841257813271108
  0.24896383795287891  0.25897078586748656  0.26914476964456646  0.27956187482972045
  0.29013225184385899  0.30032697389762270  0.31026890309823024  0.32009302610653118
  0.33018004044642485  0.34067610905619233  0.35143385433779334  0.36247198862094321
  0.37365502207040469  0.38506277493315827  0.39594305289968057  0.40654907478707825
  0.41698320169729514  0.42774976432353384  0.43897320377698085  0.45044946339214059
  0.46222957653778407  0.47353509082802792  0.48471133129670763  0.49569235637930764
  0.50664696428848444  0.51761699089082114  0.52828690749572704  0.53885367881256363
  0.54944097233768874  0.55974520893391821  0.57002141316653077  0.58040485308739043
  0.59083571344147556  0.60103524340866277  0.61113679461853276  0.62150329265363080
  0.63192195261955808  0.64194819460546515  0.65200214091252950  0.66215468689206003
  0.67226969789844615  0.68174727539676960  0.69122351202448074  0.70093606118688945
  0.71113862979582199  0.72212463192842902  0.73337097791337857  0.74453215664855898
  0.75590811564904359  0.76738238296142225  0.77881659028007477  0.78921527864857666
  0.79970310641005582  0.81046577938599962  0.82162269359415219  0.83275813585843816
  0.84397904164241544  0.85548258664948196  0.86727048347316849  0.87902316293468508
  0.88951395779299969  0.89969029013074187  0.90960375098257995  0.91973124733386624
  0.93047970121236967  0.94121385025222382  0.95171129849649250  0.96134449445111936
  0.97084235371700500  0.98030610290259312  0.99022842733698069  1.00000000000000000
 -0.00251944310231609  0.00789336078903974  0.01740567571582577  0.02761044988958406
  0.03854702978874966  0.04989820045318728  0.06102511497444102  0.07194154437045254
  0.08266484345575074  0.09361353152478372  0.10453017288356921  0.11559403853395607
  0.12668377424090985  0.13775818506547244  0.14905005896543838  0.15995238078561250
  0.17065936239576407  0.18068432879159013  0.19102102972171076  0.20152763446128341
  0.21259209045274538  0.22375499463404294  0.23503912877900668  0.24643184489873310
  0.25721657589147362  0.26786797674114421  0.27836620313595151  0.28898500089359930
  0.29927555046789772  0.30965703522872706  0.32054975149886777  0.33189504077296356
  0.34293256461252436  0.35336002958099361  0.36276291719109549  0.37208342603926048
  0.38128637108888341  0.39203852248427068  0.40294714277538091  0.41390940351282912
  0.42478830287773944  0.43576932413317970  0.44712968125570812  0.45865169727092020
  0.46984792608687698  0.48079955769500921  0.49157865096964426  0.50206062806531171
  0.51257243799890262  0.52353094083656793  0.53460367343552373  0.54457186828226245
  0.55390812342953655  0.56339630768511095  0.57360262783335403  0.58463540537064684
  0.59568163390223428  0.60639060824143309  0.61691034530896938  0.62776172627878357
  0.63847420332369298  0.64847550419871725  0.65695909321920487  0.66558198152867298
  0.67448646421143910  0.68366998786647137  0.69240386556056699  0.70115547690727276
  0.71044983804285233  0.72144322709085162  0.73259446372514325  0.74366185909111737
  0.75473351989555693  0.76579702075643730  0.77722307431906101  0.78847138556852114
  0.79926968798639253  0.81001378913739441  0.82104938270232275  0.83193417074205400
  0.84232243677776397  0.85237871827254008  0.86213612369323978  0.87216777757515640
  0.88211830397947888  0.89265973442219437  0.90336784543765158  0.91428566221364105
  0.92457543525721131  0.93553138083536458  0.94611850586105495  0.95685366216130563
  0.96727572581354482  0.97750486993085794  0.98871434867744856  1.00000000000000000
  0.74843126295320594  0.75718128478839297  0.76391850409904460  0.77048009018488794
  0.77769669209446202  0.78326896315365835  0.79528670746095231  0.80478920024265799
  0.80828482113240785  0.81194401846246056  0.81601550378863241  0.82015110858981821
  0.82398570562735174  0.82775907556141470  0.83138729281484858  0.83485261380799813
  0.83807569310911656  0.84122474283337556  0.84434753053517764  0.84724120729370422
  0.85008173224238459  0.85292232708118010  0.85575293486494275  0.85855962715706025
  0.86109001173924604  0.86360447932817330  0.86600488721072300  0.86875183779071463
  0.87149562654514456  0.87434250806638458  0.87689273159577608  0.87943496055880777
  0.88193211192293186  0.88448679667449082  0.88679262313578111  0.88904757658569633
  0.89125754743432817  0.89353327488237955  0.89591875141998756  0.89815676783197851
  0.90035050255591997  0.90245282659551396  0.90459393110461583  0.90675744383398438
  0.90895134353317242  0.91102171746599547  0.91299874876226905  0.91492170051069743
  0.91677954883140733  0.91857114096103665  0.92041474996278039  0.92229519551077033
  0.92421172493033621  0.92606545719304134  0.92788137737847753  0.92973034033599444
  0.93159289257143507  0.93345567448174438  0.93527184373389605  0.93706770257003646
  0.93880099451624077  0.94047595117646854  0.94213649134406996  0.94378813359632063
  0.94540934585469294  0.94702036857094007  0.94865673389354277  0.95030041180604230
  0.95197310500084664  0.95366177722700785  0.95532054010166745  0.95694145621030458
  0.95858918823428063  0.96019975235239374  0.96179337191515113  0.96337869359876971
  0.96495848529711248  0.96656104115352615  0.96820093386476636  0.96985336114344012
  0.97155978627537742  0.97322350611207220  0.97488262916723023  0.97653798390222668
  0.97821316696728744  0.97995168900146401  0.98168645745907701  0.98336858169795971
  0.98502986648050439  0.98670684986131774  0.98841063661993167  0.99037014768825571
  0.99234227435674582  0.99457379137765078  0.99706380266858641  1.00000000000000000
 -0.00932659588306805  0.06185474159612032  0.09253112943808112  0.10934498668871120
  0.12131212996756408  0.13132327765332880  0.14064729731403017  0.14991456311341325
  0.15888388863975578  0.16768289769615297  0.17587441583008159  0.18349615188239540
  0.19079711814002906  0.19760437013561927  0.20386964106111521  0.20974918883889507
  0.21551894916250133  0.22155664517460941  0.22784902978375948  0.23421267826804268
  0.24064126502404526  0.24700104330270581  0.25295036220337047  0.25853811836765667
  0.26373499772638387  0.26901513747514311  0.27419784286457966  0.27986117019596962
  0.28564177380247791  0.29142428562874861  0.29697053364065651  0.30233994653846508
  0.30782998553325797  0.31361305843704057  0.31971415802869674  0.32568023311485245
  0.33149072475964486  0.33740487795534185  0.34343197109917684  0.34949416456170046
  0.35568294432541642  0.36214895961879201  0.36876942192116630  0.37542620067028981
  0.38178229571444972  0.38705410442905591  0.39203906055451843  0.39704034019579998
  0.40244125513848078  0.40834780961805861  0.41447331009882249  0.42072598660400623
  0.42713886325602146  0.43369928451359685  0.44011508067669236  0.44634796059450071
  0.45252880826318109  0.45895656816053609  0.46569500824885812  0.47264086154597607
  0.47964476483448842  0.48641199486242986  0.49317472891876463  0.50005741028850970
  0.50763665896850474  0.51540942968846404  0.52290688976572630  0.53034979825980921
  0.53804853559610277  0.54578202664363085  0.55351255291716639  0.56121297305831475
  0.56919303046786773  0.57773340842122567  0.58678101661895066  0.59590241486136297
  0.60505441949103955  0.61476653217448507  0.62475713432404179  0.63485624733475043
  0.64551706229100292  0.65719280350493892  0.66937210887028487  0.68132044322586549
  0.69337708804977627  0.70418095091880917  0.71518682641361186  0.72660568600061137
  0.74048093579215968  0.75709478612733749  0.77484766729460486  0.79192484100910499
  0.81053441433836027  0.83296499313513672  0.86870623329763641  1.00000000000000000
   2.6220261410290337E-006  -1.0000000000000000     
 F F F F F F F F F F F F F F F F F F F F F F F F F F F F F F F F F F F F F F F F F F F F F F F F F F F F F F F F F F F F F F F F F F F F F F F F F F F F F F F F F F F F F F F F F F F F F F F F F F F F F F F F F F F F F F F F F F F F F F F F F F F F F F F F F F F F F F F F F F F F F F F F F F F F F F F F F F F F F F F F F F F F F F F F F F F F F F F F F F F F F F F F F F F F F F F F F F F F F F F F F F F F F F F F F F F F F F F F F F F F F F F F F F F F F F F F F F F F F F F F F F F F F F F F F F F F F F F F F F F F F F F F F F F F F F F F F F F F F F F F F F F F F F F F F F F F F F F F F F F F F F F F F F F F F F F F F F F F F F F F F F F F F F F F F F F F F F F F F F F F F F F F F F F F F F F F F F F F F F F F F F F F F F F F F F F F F F F F F F F F F F F F F F F F F F F F F F F F F F F F F F F F F F F F F F F F F F F F F F F F F F F F F F F F F F F F F F F F F F F F F F F F F F F F F F F F F F F F F F F F F F F F F F F F F F F F F F F F F F F F F F F F F F F F F F F F F F F F F F F F F F F F F F F F F F F F
  <DiscreteSampler_grid>
  grouped_processes
  1 # 1 for a reference and 2 for a running grid.
  10 # Attribute 'min_bin_probing_points' of the grid.
  1 # Attribute 'grid_mode' of the grid. 1=='default',2=='initialization'
  0.0000000000000000 # Attribute 'small_contrib_threshold' of the grid.
  0.5000000000000000 # Attribute 'damping_power' of the grid.
 # binID   n_entries weight   weight_sqr   abs_weight
    19   10   2.581953058090757E-002   1.743948079068406E-003   2.581953058090757E-002
    20   10   2.581953058090757E-002   1.743948079068404E-003   2.581953058090757E-002
    22   10   3.339310416708328E-002   2.961855303579784E-003   3.339310416708328E-002
    23   10   3.339310416708328E-002   2.961855303579783E-003   3.339310416708328E-002
    25   10   2.464027312829266E-002   1.534919043444315E-003   2.464027312829266E-002
    26   10   2.464027312829267E-002   1.534919043444316E-003   2.464027312829267E-002
    28   10   3.142702551312532E-002   2.505083570751724E-003   3.142702551312532E-002
    29   10   3.142702551312534E-002   2.505083570751726E-003   3.142702551312534E-002
    34   10   2.581953058090756E-002   1.743948079068405E-003   2.581953058090756E-002
    35   10   2.581953058090756E-002   1.743948079068404E-003   2.581953058090756E-002
    37   10   3.339310416708327E-002   2.961855303579783E-003   3.339310416708327E-002
    38   10   3.339310416708328E-002   2.961855303579782E-003   3.339310416708328E-002
    40   10   2.464027312829265E-002   1.534919043444315E-003   2.464027312829265E-002
    41   10   2.464027312829267E-002   1.534919043444316E-003   2.464027312829267E-002
    43   10   3.142702551312533E-002   2.505083570751725E-003   3.142702551312533E-002
    44   10   3.142702551312534E-002   2.505083570751725E-003   3.142702551312534E-002
  </DiscreteSampler_grid>
