  0.00000013847984376  0.00000014383800750  0.00000015008195412  0.00000015717451849
  0.00000016504568174  0.00000017297104478  0.00000018148854569  0.00000018907380354
  0.00000019558283276  0.00000020251434305  0.00000020941644835  0.00000021639934267
  0.00000022351250823  0.00000023158449794  0.00000024213572458  0.00000025430284507
  0.00000026521874334  0.00000027465415896  0.00000028377852678  0.00000029309103150
  0.00000030338904483  0.00000031614026678  0.00000032874767766  0.00000034384315812
  0.00000035843200838  0.00000037299850518  0.00000038709164708  0.00000040025610688
  0.00000041385127887  0.00000042867203129  0.00000044588587742  0.00000046251648842
  0.00000047853476608  0.00000049402742641  0.00000051422236227  0.00000054182438456
  0.00000057721583348  0.00000061538397760  0.00000065700932186  0.00000069291053609
  0.00000072789401982  0.00000076356784963  0.00000080214049510  0.00000084716191956
  0.00000089715407040  0.00000095304373227  0.00000100807520403  0.00000106282810835
  0.00000111042180587  0.00000117861905931  0.00000125424462501  0.00000133394687689
  0.00000141742798720  0.00000151864484799  0.00000163055554932  0.00000175315444900
  0.00000189602958285  0.00000206933871604  0.00000225880898125  0.00000244877259124
  0.00000263275938214  0.00000281752597496  0.00000301805888509  0.00000324232831430
  0.00000349372638266  0.00000376857189309  0.00000405107822283  0.00000441024557885
  0.00000480360897191  0.00000516302877611  0.00000560019988740  0.00000610041622603
  0.00000673122578163  0.00000762585858684  0.00000864137469379  0.00000953723028846
  0.00001038331531806  0.00001139526137561  0.00001243787376850  0.00001357834950482
  0.00001486676823533  0.00001692146183517  0.00002028943110727  0.00002476284179119
  0.00003085951208959  0.00003842245687072  0.00004874730574877  0.00006403469895809
  0.00009022583624738  0.00013323248886609  0.00020124868945297  0.00033824673056993
  0.00066395737250359  0.00177377196214409  0.42780075341394114  1.00000000000000000
  0.00000105999011043  0.00000108159234637  0.00000111118185714  0.00000117760251470
  0.00000124267457652  0.00000130198056778  0.00000136427990182  0.00000144202466112
  0.00000152373637341  0.00000159833901232  0.00000166961805750  0.00000174565376998
  0.00000183252019152  0.00000192605676967  0.00000201488271720  0.00000210194080019
  0.00000221095666385  0.00000234672798760  0.00000250335380820  0.00000267674980840
  0.00000286676713273  0.00000305327771771  0.00000321819337665  0.00000338287453780
  0.00000354567076653  0.00000373961617137  0.00000393470907393  0.00000413329828987
  0.00000435046499762  0.00000457023558473  0.00000479866230828  0.00000506367292883
  0.00000537861430739  0.00000569351283917  0.00000600448176400  0.00000638615601217
  0.00000680839596296  0.00000724630114357  0.00000770015243154  0.00000810163168123
  0.00000844694024439  0.00000886830644388  0.00000926433549149  0.00000966772232303
  0.00001008559628777  0.00001049937924787  0.00001106930457297  0.00001173403522916
  0.00001236876796291  0.00001316167908446  0.00001414870920661  0.00001531318177540
  0.00001662032848571  0.00001797291724120  0.00001938947932039  0.00002101032615465
  0.00002274111410837  0.00002463007428357  0.00002663881896475  0.00002845527892837
  0.00003020299934278  0.00003209155301445  0.00003390485694525  0.00003597151858836
  0.00003823111375492  0.00004063281159945  0.00004325543670033  0.00004604477452378
  0.00004943170535752  0.00005401831896955  0.00005962850657349  0.00006611107044607
  0.00007360371670460  0.00008265669286729  0.00009318990107079  0.00010404383458443
  0.00011476362680066  0.00012646562650082  0.00014023254243868  0.00015727094569529
  0.00017491763426163  0.00019687485157151  0.00022245190074035  0.00025480838945939
  0.00030070292869216  0.00035723750714581  0.00044287238633127  0.00057524679261618
  0.00071297068965361  0.00091905757341866  0.00132575790112002  0.00201799641259022
  0.00357214889291049  0.00960121944420658  0.71117606574516257  1.00000000000000000
  0.00000162661402461  0.00000166617590470  0.00000171084008376  0.00000176564969577
  0.00000180512764649  0.00000183341495151  0.00000186170624932  0.00000189154180458
  0.00000192560734886  0.00000196120576759  0.00000199025504398  0.00000201653003080
  0.00000204402554830  0.00000207700400171  0.00000211646381018  0.00000215724482944
  0.00000220044991918  0.00000224225374294  0.00000228713417713  0.00000234130728740
  0.00000240501588252  0.00000246504236651  0.00000254567366091  0.00000265929929836
  0.00000279141167324  0.00000292956854539  0.00000307971670876  0.00000325284956061
  0.00000344414308646  0.00000364128381160  0.00000383661513926  0.00000404977259433
  0.00000426613986373  0.00000446060595981  0.00000465947436543  0.00000485885338454
  0.00000507093040236  0.00000530595538442  0.00000557295616111  0.00000586681822037
  0.00000617238661230  0.00000649078394648  0.00000681786792234  0.00000716284505080
  0.00000753341650900  0.00000798654437372  0.00000844153774666  0.00000894233397345
  0.00000947859825208  0.00000997946428555  0.00001046084039847  0.00001096746722830
  0.00001148767175356  0.00001212225323778  0.00001278882435431  0.00001354589151986
  0.00001438013181640  0.00001521660851478  0.00001603751047350  0.00001690839281861
  0.00001793453562733  0.00001905474638903  0.00002029242892838  0.00002161549462810
  0.00002305846258164  0.00002470093085763  0.00002650192955170  0.00002872778594024
  0.00003119646597498  0.00003436137423597  0.00003726587944472  0.00003987166478464
  0.00004236047616530  0.00004496904430076  0.00004768486559592  0.00005077057455662
  0.00005497510050590  0.00005949233282958  0.00006482977081348  0.00007123732007911
  0.00007925864575966  0.00009027540748750  0.00010362596880693  0.00011620604616019
  0.00013211981367551  0.00015549603008806  0.00019352958711325  0.00023810965351707
  0.00030166013237199  0.00039133628688676  0.00053426320298260  0.00071633661450645
  0.00105940087709780  0.00316135027284596  0.08905641773218824  1.00000000000000000
  0.00000252344496261  0.00000289471070061  0.00000320780133427  0.00000347164055460
  0.00000365220567637  0.00000382971769617  0.00000401656045311  0.00000421997703481
  0.00000441985418388  0.00000460541609155  0.00000478889911106  0.00000498038359424
  0.00000517828432655  0.00000537822908191  0.00000560560958266  0.00000587063736266
  0.00000614074103606  0.00000641557983644  0.00000664258513474  0.00000685291338339
  0.00000707533098376  0.00000730096139108  0.00000751125268185  0.00000774437699330
  0.00000798637151723  0.00000822874452044  0.00000846454988522  0.00000872003281139
  0.00000896389872126  0.00000921203484609  0.00000946822554633  0.00000973984328168
  0.00001000941458733  0.00001028617718929  0.00001057881883863  0.00001088274946718
  0.00001119006364280  0.00001149415635364  0.00001182576506935  0.00001225409576943
  0.00001283870095298  0.00001345481424485  0.00001397282355626  0.00001456156297190
  0.00001516430338008  0.00001585555375760  0.00001668644142249  0.00001765066830561
  0.00001868873265750  0.00001973868536250  0.00002080303415713  0.00002194492290185
  0.00002318677028049  0.00002446369037426  0.00002573952620722  0.00002708326879319
  0.00002866957029005  0.00003021349431558  0.00003211552317125  0.00003429155999391
  0.00003660371381494  0.00003941242806389  0.00004256463152030  0.00004583456174639
  0.00004963304134488  0.00005370400266559  0.00005793464983625  0.00006278605094181
  0.00006835809643432  0.00007416881222566  0.00008167265507458  0.00009005624515780
  0.00010039166436797  0.00011194971520035  0.00012635108602504  0.00014267360270807
  0.00016192893629492  0.00018544436465281  0.00020494288787186  0.00022158694810515
  0.00023923787439976  0.00025897195631809  0.00028802313760234  0.00034618512066165
  0.00041686925510166  0.00048801770027180  0.00056687441518972  0.00068856514430709
  0.00088179259440832  0.00105390849410826  0.00121873131665930  0.00154027574593413
  0.00239135301477008  0.00367867013455915  0.13635280294202540  1.00000000000000000
 -0.00340877600928456  0.01501133996265437  0.02983150648600976  0.04472250101386634
  0.05987135295474084  0.07414321680786547  0.08808239799020576  0.10014590843692323
  0.11298091261088866  0.12618690261781945  0.13946209074511240  0.15138891191563925
  0.16282746612152008  0.17550440256359970  0.18869770484532231  0.20111852752596976
  0.21245386213025313  0.22494957727019524  0.23707454257937030  0.24818181828806554
  0.25593335035442089  0.26221522737860903  0.26975693026278613  0.27755266629179964
  0.28492396662909031  0.29092134481700199  0.29705897396643965  0.30373212476194217
  0.31061901097662137  0.31855405959776889  0.32642819322673583  0.33444155294490424
  0.34256197046431408  0.35085798828830383  0.35978025737423447  0.37009596651160576
  0.37977672105282628  0.38957002404325453  0.40002850952624575  0.40900090760698832
  0.41862604611958304  0.42822547538314121  0.43919094471133524  0.45155026053385500
  0.46284779466411485  0.47309697348613955  0.48180007772169220  0.49019467084670171
  0.49862264826587721  0.50859046200396285  0.51767012141846169  0.52618613124219260
  0.53435155982475357  0.54301853609384154  0.55246913457796742  0.56277894302357279
  0.57389865057310696  0.58594861865817283  0.59947822669651474  0.61308916718667761
  0.62515337891900458  0.63681721652989176  0.64827637570544416  0.65936206081234983
  0.66999850662944005  0.67989888949425881  0.68987394009267988  0.70036759131417625
  0.71214786811719699  0.72481476246719445  0.73734153115122658  0.74951782594764371
  0.76196373298448494  0.77379117768223205  0.78606047611886909  0.79794301888413055
  0.80907268474130689  0.81845012947602958  0.82706540022540564  0.83647684801142164
  0.84376225669772875  0.85072676713358775  0.85778819111923776  0.86724763979317965
  0.87797789860986752  0.88921475456605270  0.90052505148241990  0.91143502473373095
  0.92153523568126006  0.93195385007205045  0.94283679210837934  0.95413694020280859
  0.96711259912168335  0.97797907177639121  0.98902828253893205  1.00000000000000000
 -0.00261792404356842  0.00985932019301120  0.02110668225272861  0.03321501317629649
  0.04512653320041153  0.05735139584171295  0.06912869116433959  0.08129092508551343
  0.09263678107716428  0.10366909595309708  0.11555784928811681  0.12694747126516323
  0.13658263801164713  0.14621054507110745  0.15637822530737261  0.16734592146355665
  0.17890210314001628  0.19110090349746486  0.20416578291636495  0.21803729624434706
  0.23173717619900563  0.24468322659368794  0.25816696983833892  0.27123901748406715
  0.28311940335900021  0.29335027702398164  0.30286409906951267  0.31250314894359771
  0.32247659963887354  0.33363208226520458  0.34415701284120764  0.35310290888854640
  0.36160170716397755  0.37093882502311692  0.38031992334265319  0.39072666826769631
  0.40296944087169106  0.41500420794128978  0.42823875085668794  0.43970048181945198
  0.45011026117249919  0.46081679972232054  0.47094539239351857  0.48304176546141780
  0.49558738529354684  0.50759110024601573  0.52139746061372805  0.53497340011468009
  0.55026045978693905  0.56443785870549568  0.57808950475198506  0.59166041339961506
  0.60578722592565615  0.61876422135794962  0.62955278389472591  0.64031888532361636
  0.64956129935733842  0.66041591351185702  0.66932349958057169  0.67722293137204825
  0.68492525984685060  0.69267106611689766  0.69941224695803639  0.70503042460814158
  0.71125100061772040  0.71872213235725269  0.72532243213025704  0.73325880134038657
  0.74336159304560179  0.75433255577026759  0.76527087689339046  0.77511832569905259
  0.78141150674613657  0.78784683114717369  0.79438049144623113  0.80088759036091239
  0.80899326365856095  0.81768087356115837  0.82642928673345917  0.83565681471281128
  0.84498440152582621  0.85418060422026132  0.86332296569468792  0.87266492252861605
  0.88164194195997336  0.89002821408051591  0.89851242832786982  0.90713659851652262
  0.91667885092026991  0.92738453053314407  0.93903509399011320  0.95327959276151986
  0.96708905573448889  0.97940668202093117  0.99025788851860341  1.00000000000000000
 -0.00235377292456490  0.00962332104818014  0.02106000995904261  0.03327581137830749
  0.04731977964838935  0.06184873333945198  0.07405076859574547  0.08592002867105381
  0.09825376382107558  0.11318161303958248  0.12842200615342017  0.14374945041200277
  0.16012426086908105  0.17008816549880648  0.17678022696697970  0.18404634973279163
  0.19241592907623198  0.19995646237344630  0.20643748319118377  0.21339761634881502
  0.22008484401515924  0.22593005219660964  0.23411078665791174  0.24656543839961398
  0.25967632466033852  0.27272376203183085  0.28474899419460864  0.29687736170457080
  0.30972320889412702  0.32297511296956077  0.33514195054543822  0.34684843476548660
  0.35953231547291437  0.37248988943337219  0.38493653530663130  0.39595715562382960
  0.40571382069747414  0.41610617830916602  0.42662395015675347  0.43619467387073935
  0.44736003234028693  0.45802762580632844  0.46989607916394033  0.48300293118726628
  0.49557943817760414  0.50853124851179665  0.52029014148967945  0.53128657074456087
  0.54358140483872286  0.55776969966207024  0.57220318432842676  0.58543073026240133
  0.59729921648853546  0.60712323235568177  0.61594819158698044  0.62408827241014020
  0.63326931928503349  0.64203160474697030  0.65234379311676782  0.66299848294741470
  0.67318855363799823  0.68327498767963291  0.69298827986469769  0.70294352148939465
  0.70895084051736068  0.71505308095197828  0.72138740073459029  0.72822364530212480
  0.73532322703771169  0.74727046890462401  0.75943693636977272  0.77118739567659189
  0.78290819684808965  0.79304193043005444  0.80256527999131255  0.81282477701726041
  0.82251625376554360  0.83504141146880650  0.84862385108996163  0.85961459969443499
  0.86904118497532701  0.87748540119611240  0.88626611932421073  0.89455759360038833
  0.90205401945107877  0.90938666029617732  0.91761797475627160  0.92825731154423263
  0.93708419454208158  0.94511730852044029  0.95219638187098754  0.96018639192626964
  0.96892977502122024  0.97957541838612350  0.98927190568063106  1.00000000000000000
 -0.00254898506493055  0.01481419638933299  0.03020296675711100  0.04507878373892621
  0.05742302356615488  0.06713018083553234  0.07547474263445873  0.08356533819133628
  0.09073417075566075  0.09781034739139008  0.10501295652354967  0.11380620203680322
  0.12333604151883049  0.13334142059827628  0.14272192786095245  0.15322950858540968
  0.16299290393645216  0.17445164485833903  0.18492782599388136  0.19600684609151744
  0.20652571152482063  0.21731702373212039  0.22776034334758113  0.23733333142883076
  0.24770969178615551  0.25844204915600977  0.26988637572744806  0.28362690130078727
  0.29385362474105914  0.30396056494439960  0.31364269595822802  0.32338899649705810
  0.33400551695215108  0.34343225702861502  0.35268478750464238  0.36264919457220451
  0.37402249514330704  0.38653780990389813  0.39840921986961753  0.41176147475069541
  0.42011361280355403  0.42700221058385113  0.43352478149609186  0.43922404790756192
  0.44523031358847281  0.45107503063059878  0.45650273791982582  0.46299131294326451
  0.46925689078024846  0.47465576840500578  0.48246278641807167  0.49467686971686153
  0.50519297253976236  0.51520002722148484  0.52638351799120098  0.53908188243175803
  0.55045881267096475  0.56082600732940158  0.57273735249833158  0.58317533569238045
  0.59205580556841697  0.60106949800999332  0.61050777057317807  0.62390070259949393
  0.63539469795429981  0.64660709496366453  0.65843030867885821  0.67100835214902144
  0.68397785249739640  0.69759932096665411  0.71133261048950513  0.72380414855273667
  0.73460434858582058  0.74424872987313873  0.75337865756264832  0.76324489898221382
  0.77425547829842845  0.78441863504315079  0.79327873884567623  0.80289622073505673
  0.81232055515065049  0.82139857460450849  0.83427893524249341  0.84592094505405957
  0.85708133686571730  0.86783901283084330  0.87870484829258322  0.89065315299771364
  0.90358484688783569  0.91606337497439461  0.92743571879891817  0.93907928647912253
  0.95280044611236336  0.96866724248004032  0.98456975711544348  1.00000000000000000
 -0.00312347350608509  0.01152196777026050  0.02421716445097514  0.03484105912565962
  0.04681766221630402  0.05798149816875882  0.06966696592208819  0.07995709830346462
  0.09068653914083527  0.10204316649135842  0.11469100017374853  0.12728287387470028
  0.13979623743682978  0.15139091744572403  0.16182861626288586  0.17262828812820008
  0.18411298114788724  0.19600348891481600  0.20688967617150181  0.21699151420106694
  0.22652775876900313  0.23761710757426735  0.24878987342902356  0.26034451188653579
  0.27089727656453166  0.28061272918573987  0.29040721006948239  0.30119144390044966
  0.31310672431706743  0.32446564248569765  0.33577049111612722  0.34784014137438690
  0.35942785042939590  0.37111475927034110  0.38391036532335077  0.39660720302350261
  0.40982593470624989  0.42373988014075814  0.43833333495837823  0.45302240134524779
  0.46607892157838787  0.47928021797493542  0.48750848230536897  0.49604769214906591
  0.50488278869803005  0.51292761525933928  0.52218093154200640  0.53365889718631687
  0.54456120989530321  0.55475709940341034  0.56368445388367150  0.57153076107574918
  0.57909401820908202  0.58726612717638371  0.59592310731346065  0.60497187572478683
  0.61466267338812441  0.62411130083234156  0.63435605005288986  0.64538038797313424
  0.65483843819666609  0.66445476429295125  0.67456657220855665  0.68600477315790986
  0.69733684169505927  0.70928332947405404  0.72284553185227207  0.73356309470704073
  0.74238351843891548  0.75079168723162037  0.76006543474011734  0.76880544355010005
  0.77700839628838325  0.78410332088543000  0.79217350675542642  0.80312214022356276
  0.81594835832141011  0.82894349074539786  0.84321109219497592  0.85738380116401958
  0.87066438157886494  0.88212453592712714  0.89185146644767388  0.90132761081747437
  0.91096663115208976  0.91989845973243700  0.92705189079932915  0.93434453558481356
  0.94170561555594934  0.94809011560793788  0.95440507404342922  0.96160355346338033
  0.97020738248995886  0.97890724017829756  0.98882643674506632  1.00000000000000000
 -0.00012682051263469  0.00031686794045688  0.00064410390300892  0.00088856655612911
  0.00108190921017351  0.00126943456034286  0.00145248394184203  0.00163402648271692
  0.00181509131913747  0.00198927975892873  0.00214992948464708  0.00230100152495467
  0.00243601211367150  0.00256903950022201  0.00269881654192416  0.00283249484901687
  0.00297052606530932  0.00307779334946521  0.00316948859637057  0.00326118384327594
  0.00335341598785808  0.00344602650728476  0.00353863702671144  0.00363752208440424
  0.00374175903463321  0.00384599598486218  0.00396533045377318  0.00410289733519225
  0.00424110703908970  0.00438566231466309  0.00453021759023647  0.00468480345878849
  0.00484174769840928  0.00515421673340621  0.00543926024761075  0.00568277743013464
  0.00590553658311665  0.00612039945571538  0.00635961194665039  0.00658558710751552
  0.00672891508552000  0.00689117449574047  0.00708896536996556  0.00724693033156015
  0.00734707786112762  0.00744551415746847  0.00754483427510209  0.00766648825548488
  0.00787163568285035  0.00804470877535725  0.00815348670039473  0.00825510826212786
  0.00836586926677714  0.00848371079583934  0.00871059497474877  0.00894628178997998
  0.00914868094651945  0.00935625588313834  0.00957113018159994  0.00976312770310099
  0.00994437782859907  0.01020787538676870  0.01065252532552329  0.01084976688184172
  0.01103940755134587  0.01122896676616497  0.01142006890428879  0.01164290765695778
  0.01189300828264073  0.01232721934431186  0.01269699460916107  0.01302661959257300
  0.01328183454160436  0.01354691621712706  0.01379326180778592  0.01430424968398557
  0.01474654823916300  0.01516239025308414  0.01556595853456959  0.01585907809096692
  0.01611321457761076  0.01641515839094023  0.01680316833035425  0.01805471381944800
  0.01912890226898268  0.01954574206911808  0.01999214578680322  0.02047500579330591
  0.02088367543739342  0.02119393200062148  0.02237269469653407  0.02308149895736423
  0.02781216118482359  0.03747143824039589  0.04016679570612711  1.00000000000000000
 -0.00342253176181449  0.01689690134298522  0.03284535497500676  0.04923622362843569
  0.06443038717180075  0.07855408368536293  0.09237182245224462  0.10721081464458154
  0.12128312953065334  0.13486391202553871  0.14857362574480859  0.16274732578351506
  0.17583182433905259  0.18312952930113746  0.18994799274179516  0.19640653460739646
  0.20308750408503415  0.21211442192741956  0.22494356089189493  0.23636922593445622
  0.24627071242335091  0.25594966615813031  0.26579905942673898  0.27634871836656177
  0.28788423886130199  0.29934049117032752  0.30966938403711802  0.31804635051062247
  0.32629697260583723  0.33572733291155460  0.34532392412507773  0.35491172071501864
  0.36374841095224625  0.37272165852785616  0.38271514907279952  0.39305044891006646
  0.40285523028752251  0.41193709909075404  0.42180437806569249  0.43161061433187453
  0.44164698350948628  0.45235569682763027  0.46317122937007965  0.47343592743913787
  0.48308520809019689  0.49268530720308162  0.50419162435497600  0.51824576894123031
  0.53201328817550708  0.54206357875907607  0.54719231448883565  0.55237970658237823
  0.55786153775618585  0.56249510008143611  0.56666092582240835  0.57094982186200705
  0.57696188566789619  0.58235517100700485  0.58778507107845501  0.59411536579017321
  0.59974142131777841  0.60520856203299289  0.61557328090895580  0.62714468666713130
  0.63824083307229529  0.64864406949051978  0.65850037500034708  0.66827454424635691
  0.67810676844479723  0.68695013043071151  0.69480815573780175  0.70240118538630070
  0.71041230537724021  0.71989501339971773  0.73126888392559974  0.74339204418966398
  0.75559512801638229  0.76673360150402514  0.77746869735627877  0.78827363141448281
  0.79985835279103745  0.81178576912780676  0.82577520299865736  0.83852660359474884
  0.85188842922283015  0.86547026354989831  0.87964504986917658  0.89251061196148684
  0.90488189701862620  0.91734871476162116  0.93122858588002311  0.94552204236205528
  0.96104712779286938  0.97574184742195913  0.98859640980862096  1.00000000000000000
  0.55783074047226056  0.57166568167826659  0.57968588067311222  0.59373256599502233
  0.60705649836233666  0.61912340695566437  0.63270195097746662  0.64107324435615209
  0.65538515139681153  0.66810204388379302  0.67761680975140148  0.69082222949758954
  0.70386926287268536  0.71249301130727272  0.72046516166308183  0.72816589661735909
  0.73566871442396797  0.74165455289510074  0.74682039123215571  0.75157750918380595
  0.75664750343948517  0.76254272866835271  0.76933288842641090  0.77636674313825693
  0.78386198918823147  0.79099214517779404  0.79775458724341231  0.80336207645199387
  0.80825522559438345  0.81286576477013750  0.81773284594009199  0.82337712035172017
  0.82955830035648115  0.83502548625319994  0.84029464728173642  0.84538887587419143
  0.85010172619143798  0.85451772276243665  0.85884337798537691  0.86311477205820242
  0.86736686560880782  0.87175147658561336  0.87616945512834754  0.88050795994603570
  0.88456314082434928  0.88843883269373669  0.89220664847010400  0.89561609169230505
  0.89860169193831108  0.90147322127623963  0.90436666421232625  0.90719226028487931
  0.91022302780027176  0.91320325055757900  0.91613185623698423  0.91892017067909637
  0.92162410354149482  0.92423404309203838  0.92695917099996683  0.92992375780164738
  0.93304244910974299  0.93593730421089227  0.93857394158673502  0.94104641170282088
  0.94344605114502655  0.94577721625512368  0.94799854198403366  0.95012936971443118
  0.95226225329613123  0.95454438726581592  0.95710805475057303  0.95934127752394716
  0.96118314453562037  0.96279779114821695  0.96439101209412059  0.96602768893497970
  0.96782221858446316  0.96980569460119848  0.97174623937834204  0.97357865976965463
  0.97538487037157484  0.97722949655380342  0.97904623675064362  0.98076141084032176
  0.98244000668603848  0.98411994919306900  0.98582214482914621  0.98748519515832878
  0.98900849768571419  0.99035954491750944  0.99172117838957341  0.99309477405750446
  0.99451810149435083  0.99620930967296228  0.99811001022344292  1.00000000000000000
 -0.01199701774187850  0.11336927914586334  0.14267528752296993  0.16012636478361145
  0.17411669955984241  0.18856272501403371  0.20330941993758173  0.21696823328149717
  0.22859656480265594  0.23921423002103820  0.24912095587822849  0.25724730983376393
  0.26428685455610318  0.27084953202784218  0.27751325249787484  0.28535548336187971
  0.29411632953674699  0.30274798189580732  0.31072867290758865  0.31803119211652409
  0.32464874774467256  0.33091348990826702  0.33677229446236240  0.34248873186869117
  0.34910041656669299  0.35504598562505790  0.36091247406708227  0.36689643458537369
  0.37320576853210130  0.38038513018898118  0.38482125435300801  0.38915920864275744
  0.39347539493336220  0.39755923212321287  0.40176673518709627  0.40746023308140222
  0.41286909206369926  0.41822867298428812  0.42373540064453991  0.42934831937013584
  0.43560913461268069  0.44172890646443491  0.44757932091803032  0.45397297105045814
  0.45918419325116261  0.46347267545610304  0.46749546027079114  0.47146271388890226
  0.47565046420423601  0.47947291147687915  0.48338359919228913  0.48748557085211813
  0.49191360129427825  0.49618207966235323  0.50017995725600928  0.50394058442286060
  0.50794111170696354  0.51230916914305447  0.51705695593326395  0.52091113549739132
  0.52652368506779923  0.53176022942544610  0.53711960683073356  0.54252443512705684
  0.54780545088525767  0.55326340670730356  0.55885777848535645  0.56643149067976828
  0.57397392204824882  0.58140623307074990  0.58875158756865298  0.59574453230566304
  0.60226104249903900  0.60857878544175636  0.61502520956802009  0.62257803579453264
  0.63191516480798138  0.64160704979696970  0.65094235391913935  0.66085958642115605
  0.67122743143439656  0.68173047735377279  0.69167625932051935  0.70130047426590059
  0.71151283633508600  0.72323355437413417  0.73742013518209348  0.75099962220820371
  0.76509317908982610  0.77807890706091920  0.79062077521331942  0.80461265110446989
  0.82379488301115267  0.84982525132441189  0.88854378039308801  1.00000000000000000
   6.4019340227233090E-005  -1.0000000000000000     
 F F F F F F F F F F F F F F F F F F F F F F F F F F F F F F F F F F F F F F F F F F F F F F F F F F F F F F F F F F F F F F F F F F F F F F F F F F F F F F F F F F F F F F F F F F F F F F F F F F F F F F F F F F F F F F F F F F F F F F F F F F F F F F F F F F F F F F F F F F F F F F F F F F F F F F F F F F F F F F F F F F F F F F F F F F F F F F F F F F F F F F F F F F F F F F F F F F F F F F F F F F F F F F F F F F F F F F F F F F F F F F F F F F F F F F F F F F F F F F F F F F F F F F F F F F F F F F F F F F F F F F F F F F F F F F F F F F F F F F F F F F F F F F F F F F F F F F F F F F F F F F F F F F F F F F F F F F F F F F F F F F F F F F F F F F F F F F F F F F F F F F F F F F F F F F F F F F F F F F F F F F F F F F F F F F F F F F F F F F F F F F F F F F F F F F F F F F F F F F F F F F F F F F F F F F F F F F F F F F F F F F F F F F F F F F F F F F F F F F F F F F F F F F F F F F F F F F F F F F F F F F F F F F F F F F F F F F F F F F F F F F F F F F F F F F F F F F F F F F F F F F F F F F F F F F F F
  <DiscreteSampler_grid>
  grouped_processes
  1 # 1 for a reference and 2 for a running grid.
  10 # Attribute 'min_bin_probing_points' of the grid.
  1 # Attribute 'grid_mode' of the grid. 1=='default',2=='initialization'
  0.0000000000000000 # Attribute 'small_contrib_threshold' of the grid.
  0.5000000000000000 # Attribute 'damping_power' of the grid.
 # binID   n_entries weight   weight_sqr   abs_weight
    19   10   4.873273818319020E-001   1.373759738634508E+000   4.873273818319020E-001
    20   10   4.873273818319018E-001   1.373759738634504E+000   4.873273818319018E-001
    22   10   1.221210086746632E-001   8.542670268885498E-002   1.221210086746632E-001
    23   10   1.221210086746632E-001   8.542670268885481E-002   1.221210086746632E-001
    25   10   4.779935493786788E-001   1.377135278248210E+000   4.779935493786788E-001
    26   10   4.779935493786784E-001   1.377135278248205E+000   4.779935493786784E-001
    28   10   1.185429282493907E-001   8.592065684019103E-002   1.185429282493907E-001
    29   10   1.185429282493907E-001   8.592065684019076E-002   1.185429282493907E-001
    34   10   4.873273818319020E-001   1.373759738634509E+000   4.873273818319020E-001
    35   10   4.873273818319017E-001   1.373759738634504E+000   4.873273818319017E-001
    37   10   1.221210086746632E-001   8.542670268885498E-002   1.221210086746632E-001
    38   10   1.221210086746631E-001   8.542670268885469E-002   1.221210086746631E-001
    40   10   4.779935493786788E-001   1.377135278248211E+000   4.779935493786788E-001
    41   10   4.779935493786786E-001   1.377135278248206E+000   4.779935493786786E-001
    43   10   1.185429282493907E-001   8.592065684019103E-002   1.185429282493907E-001
    44   10   1.185429282493907E-001   8.592065684019069E-002   1.185429282493907E-001
  </DiscreteSampler_grid>
