  0.00000141075679724  0.00000154997285420  0.00000160984353772  0.00000166934932182
  0.00000172787595704  0.00000178693301804  0.00000184589739264  0.00000190786050987
  0.00000197231010189  0.00000203473680672  0.00000210203162995  0.00000216722244846
  0.00000223264342152  0.00000230025304819  0.00000237324167917  0.00000245023961913
  0.00000253448441651  0.00000262598768651  0.00000272214147875  0.00000281475414891
  0.00000290828222682  0.00000300613763041  0.00000310887990667  0.00000321405620282
  0.00000332176097520  0.00000343200997192  0.00000354434015469  0.00000365661232670
  0.00000376523866989  0.00000386943106162  0.00000398926682585  0.00000412188205251
  0.00000424816956334  0.00000436384009671  0.00000448123953870  0.00000459805320756
  0.00000472672851705  0.00000487465211649  0.00000504651192473  0.00000522537827186
  0.00000540727348244  0.00000560644025129  0.00000582285231596  0.00000604898016302
  0.00000626983222290  0.00000651479731261  0.00000677054394356  0.00000703718423978
  0.00000732160843870  0.00000763197996447  0.00000796490404023  0.00000829878108396
  0.00000864321342346  0.00000902778311300  0.00000946688958013  0.00000994097324881
  0.00001045983134890  0.00001100081179339  0.00001156339266500  0.00001217459251822
  0.00001287379590754  0.00001366273884358  0.00001454145354769  0.00001549322686149
  0.00001650691899477  0.00001757856680263  0.00001875695119667  0.00002006727343395
  0.00002144912385675  0.00002299586550114  0.00002478676893909  0.00002670099983243
  0.00002885628938543  0.00003122171906499  0.00003387383900362  0.00003681724787860
  0.00004033190928517  0.00004518303037323  0.00005078427963049  0.00005724438779459
  0.00006478778275047  0.00007418493347254  0.00008597799866291  0.00010243634873354
  0.00012426751900677  0.00015274415599960  0.00018582998450408  0.00022673374591367
  0.00028772752802795  0.00039269463181380  0.00055578454809154  0.00080807348401679
  0.00134719276639142  0.00324989752467093  0.02438006804648319  1.00000000000000000
  0.00000012202072690  0.00000023726671218  0.00000031644069541  0.00000040384548881
  0.00000049897726332  0.00000060229888263  0.00000073674524085  0.00000087606075823
  0.00000103684838678  0.00000121571160202  0.00000141904431582  0.00000164455948170
  0.00000189597573262  0.00000220018367821  0.00000254481075421  0.00000291735746206
  0.00000334336226948  0.00000379818789452  0.00000428058728275  0.00000481584954744
  0.00000541186164874  0.00000616451470164  0.00000707129076745  0.00000809464848348
  0.00000922814053024  0.00001045985969652  0.00001179104265561  0.00001322886227919
  0.00001481538751439  0.00001645444038429  0.00001807382576907  0.00001984610789246
  0.00002188441226123  0.00002425932717250  0.00002697524145204  0.00003010029930650
  0.00003379938449134  0.00003804929350070  0.00004297220681704  0.00004856911921196
  0.00005442114929247  0.00006043612681484  0.00006686305753275  0.00007399096850636
  0.00008215105397158  0.00009139194865066  0.00010190065182212  0.00011351554129459
  0.00012591112295993  0.00013836438575831  0.00015110974665743  0.00016621502812341
  0.00018213242575383  0.00019916089770340  0.00021927104721196  0.00024086315781163
  0.00026404577993709  0.00028741356662744  0.00031028648930048  0.00033326488695785
  0.00035701800132263  0.00038092246709205  0.00040703711475267  0.00043906708724493
  0.00047031292519533  0.00051554962703340  0.00056553436525891  0.00062003503222161
  0.00067907976045970  0.00074862525928802  0.00082396913414750  0.00092149642186860
  0.00103562816442586  0.00114907601046251  0.00128834330523414  0.00142715787552416
  0.00157632818609011  0.00172524767604974  0.00185135296847444  0.00198106187374192
  0.00212350441927735  0.00228862922304938  0.00250490317495537  0.00272967225483740
  0.00295322415787079  0.00321587077581645  0.00363311100106384  0.00427521768120918
  0.00519081278209341  0.00642044416988827  0.00785983157101507  0.00978751900760079
  0.01306682987174826  0.02027215403029475  0.13749773116512493  1.00000000000000000
  0.00000151898649918  0.00000199725687203  0.00000209884736483  0.00000220361732583
  0.00000231374534545  0.00000243789823070  0.00000257719958496  0.00000271845534119
  0.00000284493971597  0.00000297079560684  0.00000311553181078  0.00000325002523000
  0.00000337782293306  0.00000356743638257  0.00000376743771669  0.00000397566184739
  0.00000420648048295  0.00000445553343049  0.00000472847942142  0.00000501341899518
  0.00000529148227875  0.00000557612470169  0.00000589607021958  0.00000624450117132
  0.00000663480321279  0.00000705416881116  0.00000744609337111  0.00000788494664379
  0.00000834373952840  0.00000881117853889  0.00000928228478723  0.00000975523735002
  0.00001025826427703  0.00001088196571389  0.00001152095298317  0.00001219132744458
  0.00001288256341723  0.00001357002612360  0.00001435382974406  0.00001524730165451
  0.00001620391673306  0.00001724617999568  0.00001834479884511  0.00001947821508870
  0.00002075801026900  0.00002205182712548  0.00002358469823452  0.00002511511031413
  0.00002677339851343  0.00002858119792638  0.00003045794341334  0.00003243133749109
  0.00003476672190471  0.00003740233050307  0.00004050202273307  0.00004387798045055
  0.00004736725311406  0.00005101597847031  0.00005472014599645  0.00005882637914030
  0.00006335196760989  0.00006845342952951  0.00007415753223125  0.00008065270593755
  0.00008839233684358  0.00009717785632703  0.00010619185897131  0.00011488244933533
  0.00012412979110869  0.00013506212262258  0.00014894785499574  0.00016479720742333
  0.00018287174551488  0.00020416322093609  0.00022833382737673  0.00025410278850559
  0.00028447077877508  0.00031823003398682  0.00035427800246561  0.00038997167648740
  0.00042816329129142  0.00048321875491307  0.00054223447012056  0.00060494958811850
  0.00067644796792911  0.00076376665159881  0.00087661272235033  0.00102346080989144
  0.00123534816492114  0.00146465723556154  0.00174575342762189  0.00212837398947226
  0.00253355449344139  0.00300584181957671  0.05294828405321512  1.00000000000000000
  0.00000187490002275  0.00000221823450084  0.00000249638950047  0.00000274821104890
  0.00000306762193568  0.00000345585910474  0.00000392964029351  0.00000443844646697
  0.00000491391792947  0.00000540745321081  0.00000591660198375  0.00000662038741384
  0.00000740882922726  0.00000820368319282  0.00000901855177479  0.00000990863153772
  0.00001086559152846  0.00001190810399945  0.00001308633225488  0.00001438611503648
  0.00001571673201860  0.00001701889445687  0.00001835334437304  0.00001984991594503
  0.00002152095269211  0.00002330412978292  0.00002522653671281  0.00002740686219775
  0.00002974440660816  0.00003234601255609  0.00003512744278173  0.00003820939720922
  0.00004151451852424  0.00004517731086740  0.00004918503674936  0.00005370601748164
  0.00005895424758290  0.00006479903626000  0.00007085870669993  0.00007733871043645
  0.00008450832744171  0.00009164058978955  0.00009975619588233  0.00010887676676329
  0.00011973397757765  0.00013153823997943  0.00014514312802675  0.00016045794680761
  0.00017810676980255  0.00019766044387308  0.00021781893298895  0.00023783930237071
  0.00025817036294192  0.00027958917300732  0.00030271772044461  0.00032693748899192
  0.00035321167122073  0.00038083092452374  0.00041237797921262  0.00044415129366541
  0.00048023750344773  0.00052261098263478  0.00057185067160077  0.00062774108462833
  0.00069053875211423  0.00075406375550495  0.00082077932261055  0.00089402457498550
  0.00096773064874549  0.00104656278091073  0.00112803756973783  0.00122508222518985
  0.00132936650131730  0.00142264301804407  0.00151296326186969  0.00161545336016058
  0.00170632531715064  0.00178955428377572  0.00187416211548072  0.00196978879737057
  0.00207200541682857  0.00215442031441108  0.00223827489401652  0.00233052717887272
  0.00244862354655223  0.00256501124345000  0.00269892829347822  0.00302575578633743
  0.00337788757150081  0.00393326146601619  0.00455259759753941  0.00515565649253039
  0.00570960955253675  0.00635793612283301  0.21759153201565343  1.00000000000000000
 -0.00117514755235451  0.00867105041481159  0.01754812686144300  0.02330800911633282
  0.02887358637096023  0.03461498345695260  0.03991960585420688  0.04727185649618081
  0.05467567246368353  0.06190793054921916  0.06900228560824519  0.07626331373466835
  0.08335579655015461  0.09127121168621972  0.09908338835832120  0.10684414490835259
  0.11461491614623188  0.12262658974986405  0.13069232354344590  0.13829555204513649
  0.14570449486918191  0.15371074054594447  0.16292536915333491  0.17330579505773880
  0.18404678797429866  0.19433196451522078  0.20410691460727351  0.21477922252742326
  0.22501937555604851  0.23518271590078457  0.24564663975676579  0.25754874777133685
  0.27013536394195403  0.28233808272466687  0.29485052556283059  0.30811722563991079
  0.32153745191113869  0.33536201205008287  0.34980243356790613  0.36499824918622509
  0.37977858996833341  0.39403690155216464  0.40784751519541157  0.42074400274018248
  0.43346395235050045  0.44644920144194727  0.45998860419757004  0.47419949977042047
  0.48954205034540121  0.50485559443879469  0.51900567125308494  0.53349864779152867
  0.54860403637996213  0.56314487334105456  0.57798300249107204  0.59173340314293588
  0.60550790854835357  0.61942792532501800  0.63308202930473712  0.64626057012039362
  0.65798445058694854  0.66993358912439482  0.68220450314274905  0.69496554496419460
  0.70802028731094624  0.72206862974822728  0.73467341641382589  0.74552239640460061
  0.75611055257973669  0.76670284202594041  0.77685720748000109  0.78657924239892729
  0.79678544685347363  0.80733751833808876  0.81745417676838439  0.82667098349722923
  0.83595018408764166  0.84537297208798146  0.85525142353950501  0.86549276706132794
  0.87647142238727394  0.88658816800112372  0.89607106257511160  0.90524434453765046
  0.91418416546791859  0.92271529392693541  0.93070093210809768  0.93834641559431298
  0.94549679318699476  0.95278090753176226  0.96012019542925076  0.96786502995548884
  0.97590591763597978  0.98404975018023499  0.99199776573093013  1.00000000000000000
 -0.00245910998928411  0.01015671624790462  0.02109334709815859  0.03268648684343437
  0.04413217651108167  0.05525557471898803  0.06612977019085120  0.07764191001574211
  0.08975191255981832  0.10263381746978201  0.11368735189086317  0.12478731610304938
  0.13575125913290295  0.14705128640000933  0.15743157765101862  0.16750829790601682
  0.17642116019553511  0.18486003847190915  0.19290843125496582  0.20314453444165251
  0.21474548574793809  0.22567170861775368  0.23634338928672738  0.24781884557330566
  0.26009242406173311  0.27199236119147974  0.28180010250594917  0.29114770145664320
  0.30049762716205120  0.31045917324224476  0.32076007186867306  0.33087016003294795
  0.34162455492788646  0.35250912687094510  0.36306303668682782  0.37230346221137112
  0.38157870656790088  0.39129279267431311  0.40215712613306925  0.41305340202119079
  0.42420808276702460  0.43585752462064115  0.44706151203938077  0.45803035489392618
  0.46837018742950876  0.47848485387487716  0.48772701918511829  0.49665182977906208
  0.50425680716307719  0.51271686883378931  0.52222780410936720  0.53330561148366029
  0.54368690621192250  0.55322220629914964  0.56245647195512727  0.57219433193361446
  0.58239792639304266  0.59279701823757691  0.60250208069185784  0.61229056177295149
  0.62238701009509945  0.63354296394285525  0.64461947971784961  0.65537194937412868
  0.66599341204552820  0.67717862362686743  0.68777860292787452  0.69872880151598515
  0.71008758876097100  0.72285480236341715  0.73598139643578242  0.74854054885097077
  0.76039246988287090  0.77148088803217951  0.78143449491457273  0.79143749240778549
  0.80148847498746312  0.81346433924176176  0.82503604396347141  0.83486114398812872
  0.84442895190981870  0.85432050685158389  0.86377802001006121  0.87512822077142760
  0.88344672173637229  0.89157145993410947  0.89964537261454847  0.90781376100940536
  0.91761276162238725  0.92857708747849244  0.93989110120094865  0.95214230492302587
  0.96366233041008831  0.97528294942891214  0.98729138978205433  1.00000000000000000
 -0.00178647101289135  0.00727789885568928  0.01616615516209869  0.02596845698376169
  0.03665164181264138  0.04816824229073773  0.06028370804537920  0.07183464298425457
  0.08352058243527856  0.09470108035969038  0.10478742673362904  0.11464333397473785
  0.12496912546220366  0.13595671512105420  0.14718647024173376  0.15786183432767156
  0.16860259920370799  0.17975445014074823  0.19166526501705874  0.20459785952600404
  0.21746857620067062  0.22976332560352136  0.23919001664068557  0.24885690335394539
  0.25829952534576883  0.26803611674292810  0.27884155350496809  0.28898546505074968
  0.29983068337886321  0.31085696438972527  0.32130254342376557  0.33145380824801157
  0.34250817177820159  0.35457737000988521  0.36661116149785916  0.37846588636769779
  0.39078075835456738  0.40405334896354378  0.41781401271622198  0.43116313531678430
  0.44403543984880889  0.45722008648611429  0.47011825808902763  0.48296295259284228
  0.49529898365769237  0.50712230147587578  0.51850894044094387  0.53008111420173842
  0.54070539694236408  0.55115758770694268  0.56203926350412881  0.57234098745452544
  0.58269924258179207  0.59295232239332418  0.60323541200329434  0.61331912966265212
  0.62353931997420786  0.63514890165538596  0.64694141772430280  0.65775555308989264
  0.66805298947595659  0.67854534295255298  0.68939311439981621  0.70023258483387529
  0.71143748341903701  0.72295290585123051  0.73396780816733864  0.74309851487173761
  0.75218739544807522  0.76086458990256933  0.76931648197483127  0.77800783761595504
  0.78683726017617173  0.79785229454340345  0.80846762822042073  0.81873385750599048
  0.82789720090529739  0.83746084221643680  0.84719474550110629  0.85698898808695401
  0.86763504822531456  0.87819781170662237  0.88951061340504545  0.89991920875473341
  0.91100570815548243  0.92082767079915495  0.92881668238217896  0.93627598071878659
  0.94351247468169042  0.95153855293328127  0.95929167665359205  0.96724038736536067
  0.97419436187493225  0.98248079943197819  0.99136574267469435  1.00000000000000000
 -0.00184237849174914  0.00786639426603540  0.01728344446607013  0.02694372035150033
  0.03696702852454148  0.04764135699126759  0.05792582853320815  0.06919267479080053
  0.08066894250365814  0.09199033309236175  0.10312903217465080  0.11409420464721265
  0.12493317081404701  0.13505764521174018  0.14495788636931245  0.15474991247799952
  0.16374115881034973  0.17256374120837731  0.18168230758175682  0.19158167366725765
  0.20131700604277922  0.21102084364291143  0.22121428429639059  0.23150611389049483
  0.24205134685319993  0.25237064196210907  0.26216930667451066  0.27180428039539700
  0.28150396431755864  0.29159034957017249  0.30159782031820070  0.31143739586630476
  0.32126647988638940  0.33085219795270460  0.34046411482905337  0.35004767301742684
  0.35982870513438464  0.37048826095457371  0.38163694090388905  0.39315223840522900
  0.40482278035426134  0.41647271996718682  0.42828480407806152  0.44048074689621081
  0.45332855602309030  0.46716148444175443  0.48023953863338004  0.49107980429087011
  0.50148687644099776  0.51171112361183735  0.52183034815757356  0.53175248308080270
  0.54195457703478267  0.55279957904442112  0.56385884725707835  0.57458356967988455
  0.58519820571923364  0.59576240221847454  0.60610265675177699  0.61674224063565863
  0.62797309729724560  0.64020537507082498  0.65252626103441691  0.66356964042337563
  0.67393946722844955  0.68326033698127753  0.69262966031291995  0.70155036417322370
  0.71097577718749994  0.72094785941925033  0.73142588988668766  0.74234823667931682
  0.75271352784937540  0.76292152424018844  0.77321496217539043  0.78352617102795497
  0.79405917705477203  0.80621341653205614  0.81878812968271386  0.83198829054135393
  0.84383314312024982  0.85511453372962698  0.86655747850962572  0.87677223776382451
  0.88597942474586477  0.89524044529683844  0.90522825669768892  0.91543044982179311
  0.92546822922351824  0.93565657749428566  0.94653207286439711  0.95779481137603695
  0.96880732071787201  0.97973459106702276  0.99006279374627137  1.00000000000000000
 -0.00261778925621720  0.01118302673130971  0.02240282083843743  0.03485594973077466
  0.04465200487104314  0.05430993931808348  0.06414971615835527  0.07550377104797083
  0.08694723705341049  0.09848824625112190  0.11073718474015300  0.12278517285809756
  0.13372167137219407  0.14407255564111782  0.15430061988659116  0.16507371380742530
  0.17664178893598076  0.18838261770528583  0.19885928727644553  0.20994674444898584
  0.22084280824157379  0.23210664591611793  0.24368103529451893  0.25513429649901637
  0.26595054944413860  0.27643542563240531  0.28649062768201811  0.29640557232924886
  0.30651550791493121  0.31540927494100712  0.32505759236969339  0.33444308389542832
  0.34375946065991125  0.35373282986425952  0.36382744950645107  0.37435091419679550
  0.38581772602692282  0.39820281297382798  0.41039469155780817  0.42158837545721417
  0.43254111484838137  0.44292880458694572  0.45314103166779285  0.46302870130669266
  0.47303303487029918  0.48364851071878284  0.49454572014281051  0.50614039309263836
  0.51735987830738495  0.52697097073180255  0.53615271240507245  0.54570746779225687
  0.55600039134914736  0.56786791365956857  0.57947407543314244  0.59168862892354168
  0.60440155631182269  0.61641296529426137  0.62823571501077702  0.63948921371781198
  0.65071765751864441  0.66125637675310089  0.67217057187616036  0.68202138846356031
  0.69198980564085077  0.70278049922845831  0.71457528153533645  0.72602808408032193
  0.73630023496099728  0.74685565007306220  0.75665476578500512  0.76669836603614450
  0.77644809089111544  0.78662833190753267  0.79648663195943625  0.80678801481370854
  0.81783155695731913  0.82857099393311817  0.83860640569609357  0.84826541814653456
  0.85859343215398554  0.86955186343008939  0.88034819160802180  0.89040011315495693
  0.89943201603982847  0.90756950337652020  0.91559007454079433  0.92384137291231183
  0.93271419337750505  0.94231859328031287  0.95085056268159329  0.95894221035874161
  0.96818501010128211  0.97824242109479320  0.98908299306545977  1.00000000000000000
 -0.00014579131456335  0.00040156454128570  0.00075266999195778  0.00096224044641847
  0.00116906744714479  0.00136970835523463  0.00156692715307489  0.00176978771974310
  0.00195686792061022  0.00213038200468132  0.00229917765810491  0.00245841322405522
  0.00261091311144285  0.00275643374903652  0.00290224753273337  0.00305236456911215
  0.00319992822658653  0.00334469168514927  0.00350320724845958  0.00366833009128911
  0.00383972980735632  0.00404847676848218  0.00425586292290217  0.00445494297116595
  0.00464179603548018  0.00482683847860051  0.00501401876916138  0.00520758457988880
  0.00543060324917265  0.00566694507330246  0.00589338795520502  0.00613733869620930
  0.00636515515305972  0.00659375430862031  0.00683768998411004  0.00705247600813629
  0.00726821757469974  0.00746474168038240  0.00764421917525662  0.00784249357775298
  0.00803464220787038  0.00819578703178367  0.00836557533281406  0.00853459270933479
  0.00867033141556576  0.00880570979151133  0.00894053227068267  0.00907764011410418
  0.00921675625391180  0.00939661153233778  0.00965043093019528  0.00986312493890545
  0.01000722164122635  0.01019594914905051  0.01040647861926463  0.01062060022129197
  0.01083629785035576  0.01126251832899105  0.01192333780762792  0.01238419915166911
  0.01265473727758998  0.01291685752131413  0.01317865493600410  0.01345139299752555
  0.01371925269376291  0.01407092170576880  0.01452017529200356  0.01500073054618072
  0.01548072771952356  0.01581539455160096  0.01610913501701499  0.01640270809721665
  0.01670512675966283  0.01715640901129612  0.01771289767454782  0.01817552693504973
  0.01862565974972436  0.01941541606175509  0.02011669889773942  0.02078185130774120
  0.02178477226333114  0.02387866395439216  0.02765182751956834  0.02994702806791153
  0.03142129142475004  0.03345965174655464  0.03714617891317398  0.03864703652905965
  0.04016121928021876  0.04241909501560453  0.04420152831298559  0.04521202712835577
  0.07322728682771798  0.08302436528145227  0.40900565312810599  1.00000000000000000
 -0.00186727593010071  0.00903261909732887  0.01820539412312883  0.02708888912608476
  0.03595938524370871  0.04432777779485145  0.05286031617866568  0.06239915468070200
  0.07280885076833188  0.08373995370383294  0.09448701491376331  0.10548705440695494
  0.11728224064706597  0.12958160479293512  0.14221881513878928  0.15493931117309612
  0.16675531777931105  0.17776759174865697  0.18856040825715376  0.19943026543956413
  0.21050255891498620  0.22149834934148660  0.23212364868190505  0.24265078777834254
  0.25281639675960010  0.26257721243011939  0.27200549662774454  0.28180540657549691
  0.29164605877211730  0.30127501154735170  0.31040400647500899  0.31937535440973253
  0.32876840513670585  0.33886716581730719  0.34989558152750566  0.36028825770824263
  0.36901443933865941  0.37697867492377524  0.38488254353029222  0.39279623657782159
  0.40089729937348256  0.40917836565445803  0.41839139851503626  0.42997098159093194
  0.44180823260871199  0.45474755641326969  0.46758616756392118  0.48033489629764881
  0.49127074477371258  0.50147578203639465  0.51176495017712209  0.52175885733137795
  0.53358904895624670  0.54549636512614097  0.55744424016422278  0.56840422449272332
  0.57887539034806956  0.59004166728743290  0.60111454969802891  0.61220511997921045
  0.62400457409832255  0.63625321210344832  0.64871295050255240  0.65983876097291305
  0.67016215198998208  0.68040050075021996  0.69085044963583853  0.70326677087975353
  0.71684911249177163  0.72944218349302492  0.74093062525975428  0.75159057099998838
  0.76198027501692578  0.77339244587680100  0.78639308460876667  0.79915993060910073
  0.81075339275154190  0.82192040746981554  0.83221587014761478  0.84178217703559499
  0.85137524218247207  0.86158981356899111  0.87222913122063983  0.88313908296569177
  0.89391296320331537  0.90375548525546345  0.91296957243583632  0.92214403961176061
  0.93175690255560539  0.94197249045622766  0.95224741086581510  0.96245640380003061
  0.97213788036259485  0.98162798836476850  0.99100890666598018  1.00000000000000000
  0.43421845204686249  0.55623256417862388  0.57276894782597465  0.59424288065767439
  0.60743680784547482  0.62146383131568794  0.63716047484971927  0.64833333803536330
  0.65749677356070968  0.66519288424569789  0.67255897937154441  0.68080824368821014
  0.68967692549565296  0.69767820947986492  0.70537822647374238  0.71330277735197600
  0.72123216715401983  0.72896811513725557  0.73621090298658920  0.74332284738741461
  0.75006271140143377  0.75654209234609393  0.76301631265459746  0.76963731969563187
  0.77595227508963405  0.78212706344049432  0.78765070220323141  0.79283574291793490
  0.79835290294363004  0.80384893237235233  0.80936443787055379  0.81453903594421562
  0.82006000787355882  0.82530818748172208  0.83096352993035794  0.83615961033121611
  0.84107080536158785  0.84560183755653240  0.85008159604376776  0.85451074379847380
  0.85862093969676379  0.86270242240397976  0.86701759167120851  0.87132411841667334
  0.87549975845654970  0.87955462141557172  0.88336607663130073  0.88721014850493607
  0.89075031432563967  0.89412271673694332  0.89744292528710246  0.90064943036076828
  0.90378784301511284  0.90699841413410753  0.91036597277932207  0.91383974585035521
  0.91721878972406057  0.92041539659584237  0.92355171418306248  0.92651659900443328
  0.92942087108522287  0.93222249552943570  0.93499260682275043  0.93744076395229425
  0.93977398919388500  0.94201904549132620  0.94427602211362138  0.94669629921194187
  0.94921502090456655  0.95180631003845539  0.95443814625880274  0.95693785081573268
  0.95916809719111562  0.96119122264231072  0.96303118970300994  0.96470741326751142
  0.96637927678116764  0.96806692728465038  0.96975486498453167  0.97141651093058901
  0.97304118968810083  0.97465857510051279  0.97626338886716424  0.97788210152679833
  0.97952653267180045  0.98121722618248453  0.98297357267687591  0.98479290658243002
  0.98662871133109609  0.98850929362799533  0.99031438822214213  0.99209600075344884
  0.99391975563863488  0.99580520798982020  0.99789453884741053  1.00000000000000000
  0.00103853169654342  0.13947500164873591  0.17809709896760204  0.21278881515661116
  0.23843100257337452  0.25800144265797703  0.27551416587209798  0.29143604696024600
  0.30800187885188862  0.32264448975535259  0.33639416541386785  0.35035170487705491
  0.36469550325899419  0.37800206273074227  0.38966438811441845  0.40025122212387942
  0.41075379519585564  0.42135432136373113  0.43172529403685672  0.44157422183359751
  0.45102328815361858  0.45993736117158124  0.46898399665813784  0.47736009478953340
  0.48579045676041660  0.49395064417220513  0.50190603394769251  0.50996572908593563
  0.51797624176172463  0.52597991392614618  0.53390790332538707  0.54194047594120887
  0.54928459587515122  0.55666536356125151  0.56357093352892174  0.56971194314304219
  0.57600858911173447  0.58247871129067486  0.58902678863739089  0.59542100642470452
  0.60164929634478570  0.60764936143196036  0.61332566392704579  0.61901288215511718
  0.62463278856216553  0.63011340971026053  0.63548980439886660  0.64053941259261848
  0.64561683043780682  0.65096097468642089  0.65620683790952927  0.66163078444785306
  0.66709685457123269  0.67285883933495316  0.67909725185142711  0.68496490077801375
  0.69064506204747578  0.69594929497901825  0.70085236564432518  0.70549729082338497
  0.71002704787886839  0.71466869026843605  0.71952835498860956  0.72453817138403886
  0.72974599820465669  0.73472343645414118  0.73982127461279368  0.74524321997557608
  0.75104917317665620  0.75685430116551422  0.76179316261757257  0.76679241925539343
  0.77162671946615347  0.77663573212155190  0.78185729645504110  0.78723747386355647
  0.79259228041623953  0.79769880389317793  0.80270535168902313  0.80756735615257025
  0.81243424138965903  0.81772495480152751  0.82344455191475785  0.82949643271132167
  0.83574423299466793  0.84189239775729119  0.84827715310149854  0.85499319347615621
  0.86213505080540653  0.86981777177191333  0.87842571043279405  0.88861633252395433
  0.90097571906751961  0.91767101164712583  0.94259391168285089  1.00000000000000000
   1.0618413916218794E-006  -1.0000000000000000     
 F F F F F F F F F F F F F F F F F F F F F F F F F F F F F F F F F F F F F F F F F F F F F F F F F F F F F F F F F F F F F F F F F F F F F F F F F F F F F F F F F F F F F F F F F F F F F F F F F F F F F F F F F F F F F F F F F F F F F F F F F F F F F F F F F F F F F F F F F F F F F F F F F F F F F F F F F F F F F F F F F F F F F F F F F F F F F F F F F F F F F F F F F F F F F F F F F F F F F F F F F F F F F F F F F F F F F F F F F F F F F F F F F F F F F F F F F F F F F F F F F F F F F F F F F F F F F F F F
  <DiscreteSampler_grid>
  grouped_processes
  1 # 1 for a reference and 2 for a running grid.
  10 # Attribute 'min_bin_probing_points' of the grid.
  1 # Attribute 'grid_mode' of the grid. 1=='default',2=='initialization'
  0.0000000000000000 # Attribute 'small_contrib_threshold' of the grid.
  0.5000000000000000 # Attribute 'damping_power' of the grid.
 # binID   n_entries weight   weight_sqr   abs_weight
    13   10   5.924387632516896E-001   3.061693228055225E+000   5.924387632516896E-001
    14   10   5.924387632516901E-001   3.061693228055230E+000   5.924387632516901E-001
    16   10   1.512188038540969E-001   1.976309839708377E-001   1.512188038540969E-001
    17   10   1.512188038540969E-001   1.976309839708379E-001   1.512188038540969E-001
    22   10   5.924387632516899E-001   3.061693228055227E+000   5.924387632516899E-001
    23   10   5.924387632516901E-001   3.061693228055230E+000   5.924387632516901E-001
    25   10   1.512188038540969E-001   1.976309839708377E-001   1.512188038540969E-001
    26   10   1.512188038540969E-001   1.976309839708379E-001   1.512188038540969E-001
  </DiscreteSampler_grid>
