  0.00000012899815792  0.00000018823476582  0.00000023646388781  0.00000029520619207
  0.00000036241967971  0.00000043701509525  0.00000052559829986  0.00000061748930021
  0.00000072455909513  0.00000084254592216  0.00000097246816674  0.00000111560252127
  0.00000128820061701  0.00000150857034264  0.00000178395217896  0.00000211006778977
  0.00000247733026498  0.00000288465747785  0.00000331017921482  0.00000374649602744
  0.00000423602183290  0.00000480776041623  0.00000554002025229  0.00000636923557526
  0.00000719677364974  0.00000811077768669  0.00000920145181560  0.00001049223445022
  0.00001208341524815  0.00001377204300946  0.00001563341657509  0.00001780711966401
  0.00002026079305224  0.00002288204657669  0.00002576027338653  0.00002874276242429
  0.00003207746735121  0.00003559597278060  0.00003984273749491  0.00004453784378693
  0.00004938296333885  0.00005494673332965  0.00006116803074992  0.00006837786990218
  0.00007513695155012  0.00008216890174644  0.00008885958535792  0.00009643352152505
  0.00010406121358201  0.00011365784989252  0.00012454362323361  0.00013691310186142
  0.00015007021266115  0.00016511536392774  0.00018243767487798  0.00019915313107102
  0.00021578522661640  0.00023662485377494  0.00026103475418692  0.00028759542261827
  0.00031397277139774  0.00033914608744055  0.00037568496075069  0.00041210452017016
  0.00044918390618300  0.00049138690802596  0.00053932089980673  0.00058975152851678
  0.00064223585068843  0.00069721057287396  0.00075928760510105  0.00082608176741219
  0.00089550119672595  0.00096716436937966  0.00104699359338547  0.00113831889489115
  0.00125431079100285  0.00136735538588915  0.00147278576346287  0.00157042949499697
  0.00166813469894827  0.00177746150477613  0.00190474656244737  0.00207003030129700
  0.00228358450385287  0.00256878875323120  0.00302925050415095  0.00361672098453211
  0.00406061922184408  0.00446527932723180  0.00525150247181358  0.00701215603001105
  0.00937961012915747  0.01223854063582055  0.05269686174115099  1.00000000000000000
  0.00000187029767573  0.00000197199570341  0.00000206344347245  0.00000215412016185
  0.00000224930202776  0.00000234626090128  0.00000244252418277  0.00000254104047756
  0.00000264777643773  0.00000275010431141  0.00000285902531104  0.00000296904693010
  0.00000308970999814  0.00000319550194161  0.00000329508893954  0.00000340205453707
  0.00000353010923875  0.00000367898339339  0.00000383220351381  0.00000399622025416
  0.00000419195310312  0.00000440642274875  0.00000462126453371  0.00000484374035043
  0.00000507197965589  0.00000529234478913  0.00000552970837670  0.00000576676946841
  0.00000601274120211  0.00000626274857440  0.00000652578995072  0.00000681148600328
  0.00000711789235193  0.00000745199520934  0.00000781431552405  0.00000818155962999
  0.00000854512676052  0.00000891829006959  0.00000934300201861  0.00000980999841439
  0.00001026123738802  0.00001077621731360  0.00001129465688915  0.00001186115328519
  0.00001249298314050  0.00001315295582106  0.00001385408221149  0.00001461209970382
  0.00001539225713283  0.00001617649214411  0.00001703597166538  0.00001804941872405
  0.00001907030750344  0.00002020036069908  0.00002130262959665  0.00002247212695412
  0.00002375876606611  0.00002515903319439  0.00002667147274359  0.00002830020395339
  0.00003000828734853  0.00003198029351777  0.00003422628118121  0.00003668681641623
  0.00003902252750079  0.00004152635450559  0.00004445663090544  0.00004784118905126
  0.00005132665767190  0.00005464279857133  0.00005817472971479  0.00006167006362233
  0.00006534379362417  0.00006929554899401  0.00007487699156566  0.00008043161015778
  0.00008934036633865  0.00009950233396035  0.00011207442187042  0.00012768544775534
  0.00014707993070018  0.00017435818286694  0.00020792953420645  0.00024718904309734
  0.00029923155698806  0.00036923964365846  0.00046725907885651  0.00062024421308235
  0.00081666738286365  0.00110870284195892  0.00161647143260900  0.00255406276880860
  0.00460886384993990  0.00929084599039958  0.28333846727938267  1.00000000000000000
  0.00000166049968153  0.00000174569717079  0.00000182984707468  0.00000191093201529
  0.00000198062496770  0.00000205441482719  0.00000213268503513  0.00000221292559523
  0.00000231085734879  0.00000244558507248  0.00000258695415011  0.00000273791496366
  0.00000289576768624  0.00000307311344845  0.00000326306127359  0.00000345661366107
  0.00000366461854506  0.00000387851626758  0.00000412894643774  0.00000440282633429
  0.00000469644122318  0.00000500629370604  0.00000532914284962  0.00000569483858306
  0.00000608795547476  0.00000650428266097  0.00000690048433298  0.00000730636420891
  0.00000774766304861  0.00000824006925511  0.00000875104859687  0.00000928119931382
  0.00000983833226618  0.00001042683475067  0.00001116585688222  0.00001188940223720
  0.00001270863102976  0.00001361051537014  0.00001460264511087  0.00001559728790178
  0.00001657486974687  0.00001755822174371  0.00001859213474616  0.00001980720084342
  0.00002124236152165  0.00002279939524062  0.00002432625300374  0.00002578563445795
  0.00002733044922165  0.00002893980644321  0.00003067213886994  0.00003262751070976
  0.00003469366705767  0.00003697500504834  0.00003988071123489  0.00004310259469939
  0.00004637931192243  0.00004983486762482  0.00005325840091010  0.00005644420284340
  0.00006006478765674  0.00006377029249659  0.00006862071709499  0.00007446981917969
  0.00008145896325655  0.00008946376118793  0.00009860801652125  0.00010930960718553
  0.00012049639814812  0.00013247643346626  0.00014557669940965  0.00016002051818619
  0.00017531153366930  0.00019140697242750  0.00020924241908159  0.00022696162010835
  0.00025099041133094  0.00027523458373390  0.00029919634173231  0.00032157582045322
  0.00035805244237213  0.00040676950837271  0.00046797213300278  0.00052628869028751
  0.00059943810879995  0.00071654132451085  0.00091182654097994  0.00114696144981831
  0.00130902803488045  0.00146137463918069  0.00163129632795195  0.00188134359374814
  0.00217777856257113  0.00271032662059199  0.01977954452301761  1.00000000000000000
  0.00000141819633633  0.00000236981791806  0.00000271054374694  0.00000314733256963
  0.00000353669614396  0.00000389466558007  0.00000427506407824  0.00000467980730367
  0.00000513132698239  0.00000563370681405  0.00000615759015235  0.00000664037666620
  0.00000708540362578  0.00000754760977235  0.00000806739035370  0.00000857939743076
  0.00000911511270063  0.00000969791256966  0.00001029542886045  0.00001099444851227
  0.00001174553193715  0.00001250762732715  0.00001329984319564  0.00001415198694361
  0.00001511080390971  0.00001613412988131  0.00001723505860096  0.00001838365372143
  0.00001958793835410  0.00002090829013296  0.00002233543949659  0.00002385738654892
  0.00002549653330685  0.00002723526353291  0.00002911981082983  0.00003100370785227
  0.00003304690541562  0.00003512853913734  0.00003721269974435  0.00003924833523357
  0.00004132210519877  0.00004355201091414  0.00004617304637566  0.00004836216549162
  0.00005074275067512  0.00005320747723985  0.00005601605756449  0.00005998014297844
  0.00006467639486081  0.00006967757441279  0.00007465827706422  0.00007983494046055
  0.00008553201348200  0.00009156686338706  0.00009803892360030  0.00010516982901441
  0.00011354691277971  0.00012365678261899  0.00013403338050249  0.00014458372616076
  0.00015504932246991  0.00016477909252610  0.00017365921750079  0.00018365633824804
  0.00019462715403440  0.00020725825773165  0.00022442696745349  0.00024360187928914
  0.00026485355281705  0.00028819553851266  0.00031607655901337  0.00034920341280325
  0.00038662725785658  0.00042979219468699  0.00047320489532452  0.00051609400926286
  0.00056646385610474  0.00062525082782120  0.00068803045553693  0.00076032268415980
  0.00083487938109082  0.00093594386174674  0.00105465440954044  0.00124055749334644
  0.00150411600529687  0.00171070815791899  0.00188651637271278  0.00207109990882343
  0.00224832679681082  0.00240311219392486  0.00256955089591490  0.00278574433286420
  0.00309558991758360  0.00525919956953714  0.26296382147551023  1.00000000000000000
 -0.00236744459942307  0.00931556377767753  0.01932896516874505  0.02896401847664283
  0.03856880807073512  0.04861764847331548  0.05829038430464845  0.06874709879773809
  0.07921117642131650  0.09042792771289579  0.10006975708119925  0.11047556611308734
  0.12143422596928406  0.13349784907518641  0.14497381664158407  0.15655778722982128
  0.16795792777840715  0.17594549911964669  0.18413863101208283  0.19246506920699488
  0.20116755481464799  0.21127738940106489  0.22346958512184409  0.23636390220360814
  0.24899553512257072  0.26118412680659742  0.27372176219682570  0.28641217087919107
  0.29897262478292513  0.31130753090952534  0.32369437201958440  0.33596900177025674
  0.34881429187239366  0.36248912808293043  0.37717883490836868  0.39107735340816491
  0.40362833825208305  0.41527409868978915  0.42668256239309199  0.43800971651244780
  0.44959297522258290  0.46129558277034088  0.47380167352010699  0.48652099341678179
  0.49919193133451489  0.51180572236898991  0.52397422228096435  0.53532399062417191
  0.54636096211661911  0.55802241854910739  0.57025230971112606  0.58212730222867581
  0.59311628323473031  0.60403293915810674  0.61536950706969706  0.62722448928099961
  0.63851377660242448  0.64989125486386035  0.66074695097076530  0.67100704692703961
  0.68161242712846926  0.69300556866755003  0.70529210332230741  0.71664064758107104
  0.72724126237647579  0.73727949690422911  0.74716557182742394  0.75719510315643057
  0.76809452191492467  0.77912790506885055  0.78941652961429321  0.79904529389360490
  0.80830007758168054  0.81772805793296088  0.82756547503015931  0.83636618492212078
  0.84392288030550777  0.85142642895186471  0.85896143113607359  0.86764691479488132
  0.87718642243828626  0.88673934525586728  0.89541702814761293  0.90353529150372203
  0.91153519182040132  0.91873027990132905  0.92563907083759378  0.93333391145569689
  0.94108637875964618  0.94799856696702989  0.95502805195510032  0.96301636417595848
  0.97126068592770332  0.97954337393127233  0.98973413077850869  1.00000000000000000
 -0.00206993756172715  0.00865096791071317  0.01802832064644101  0.02656267953551372
  0.03454013171271690  0.04219376623148614  0.05071208056455721  0.05939032942812941
  0.06815538273679153  0.07718369442746610  0.08723727003633390  0.09836636726066267
  0.10953013103589050  0.12078250851040426  0.12981927408729357  0.13784899540260609
  0.14604600746020346  0.15399773439158249  0.16388515263356757  0.17628923573212346
  0.18808658115315627  0.19855277251931108  0.20852724568670375  0.21860497230899892
  0.22886795955386197  0.23897169911323898  0.24929027730298714  0.25998638704222043
  0.27143161902078011  0.28085698805604170  0.29061601025414130  0.30039704727182320
  0.31097086635798998  0.32258698558009458  0.33394415419317786  0.34544859505954495
  0.35709639452875092  0.36864183126228184  0.38011608114022288  0.39137796606896125
  0.40234836443329985  0.41282513747735516  0.42290672104925620  0.43309090664734512
  0.44373984925706139  0.45474310620729791  0.46579620864326965  0.47712471219789004
  0.48911785010576392  0.50117442818278324  0.51204441333791140  0.52318964296202308
  0.53486900591449937  0.54767258824378529  0.56009490868099332  0.57088181332731736
  0.58154066913212743  0.59141874788604432  0.60195651498324976  0.61276494027091244
  0.62404766228641106  0.63585171603734092  0.64722489642668890  0.65816285868491198
  0.66925778544732872  0.68057155189234708  0.69175378402396603  0.70233958021009590
  0.71262898299603961  0.72330404376773838  0.73416310614177349  0.74574970541693986
  0.75754439884887192  0.76897684877669814  0.77968456325205715  0.78998700493407081
  0.80013609260249829  0.81118384967357160  0.82309438569619253  0.83530361982482371
  0.84746790197599509  0.86001065850172986  0.87293909950767645  0.88479406667822980
  0.89533250699276556  0.90373414251655382  0.91187253230535670  0.92059551281734719
  0.92874900422834972  0.93686984367238924  0.94548000473330052  0.95463250180310144
  0.96627193760524044  0.97796149549483391  0.98907723167088879  1.00000000000000000
 -0.00188296721791930  0.00631524539300434  0.01418676880950826  0.02367984042662598
  0.03205123866116147  0.03976775393539111  0.04836486194098672  0.05699811477031830
  0.06538096529807005  0.07323780756922034  0.08127019470092708  0.09123181096595492
  0.10387031069059968  0.11695178923088671  0.12879913942215981  0.13874168118790545
  0.14820505841030324  0.15816005972573641  0.16880301982199730  0.17966334110547141
  0.18930010442682643  0.19872230569990387  0.20828133613711319  0.21845080941837858
  0.22932639181413231  0.23957146227929282  0.24920815730494256  0.25872551763942159
  0.26831615838277101  0.27883201767038518  0.29067508622943561  0.30314981987375000
  0.31573042324448908  0.32835747830452189  0.34040108969482291  0.35352483372597598
  0.36429131471403320  0.37629371065348877  0.38740442781387580  0.39748914343143871
  0.40707321254174411  0.41688912122737309  0.42832089326154765  0.44084545623910765
  0.45358696622279354  0.46566423987394889  0.47693768898333788  0.48788665173220774
  0.49916903287216047  0.51086974880867475  0.52308824987260671  0.53406954890939728
  0.54429451621831137  0.55320102039003227  0.56219730495911668  0.57145219472211861
  0.58066813506781301  0.58967154520311982  0.59934131688258674  0.60992939750852537
  0.62077829886884861  0.63153603772495093  0.64280561638538847  0.65450297200825103
  0.66608391053201421  0.67715236075811547  0.68647938781832973  0.69499230447043292
  0.70365146312610161  0.71245688661747786  0.72278330262478507  0.73492810016889865
  0.74693339900360256  0.75838176804613422  0.76921227076092158  0.77922192444894489
  0.78948364272520255  0.79952092277655273  0.80922302391027123  0.81885430785827606
  0.82847504872356825  0.83879068203405727  0.85030517424267560  0.86274584379127550
  0.87545898644854458  0.88679045893660258  0.89755599877681858  0.90776118169342246
  0.91862644969487561  0.93010708707040435  0.94202354238789610  0.95409297645848090
  0.96595157250171082  0.97752298924130321  0.98871441728031306  1.00000000000000000
 -0.00012730654413058  0.00024498143350563  0.00056230014124795  0.00082613039027435
  0.00100091107566218  0.00117602441811225  0.00135164676203991  0.00152912024720525
  0.00170300898059976  0.00187095497973908  0.00202343488509895  0.00216923041319097
  0.00230735951151539  0.00242193157351398  0.00253718059533658  0.00265450917845482
  0.00277322639286057  0.00289466047654024  0.00304173141965351  0.00321725572550824
  0.00340215675730990  0.00359111796121252  0.00378345683341143  0.00397830818879429
  0.00417382654706148  0.00427954242085185  0.00438525829464223  0.00449305339410849
  0.00460344564214895  0.00471383789018941  0.00482528567487616  0.00493702145504960
  0.00506317734297142  0.00526581448408433  0.00547171174119792  0.00568029940490428
  0.00589596072013079  0.00611840190530591  0.00635505498768355  0.00662471310737009
  0.00688494869143101  0.00710510017743046  0.00730799883158494  0.00751191793451658
  0.00770632192472722  0.00789567418183021  0.00808629883959791  0.00829147378542146
  0.00854030636792595  0.00879005206970785  0.00895542790663774  0.00906030742197647
  0.00916672705274506  0.00927364345620691  0.00938363252878878  0.00955146281051596
  0.00989016159607892  0.01016075248700084  0.01039514148819801  0.01061169331676123
  0.01090512736048881  0.01122806034105759  0.01155530454224798  0.01190320903926618
  0.01236519835630824  0.01283228795705893  0.01323248512931439  0.01368792708466779
  0.01398899418553174  0.01428584599870843  0.01459345985857024  0.01492183037322439
  0.01560539399926642  0.01619753836855968  0.01674566629148703  0.01731338035748035
  0.01784410165320771  0.01836604251209845  0.01889210795150354  0.01946202473772656
  0.02001057836871168  0.02061579535455324  0.02143642695944883  0.02376875612067912
  0.02417096153575571  0.02458560351268956  0.02500372774037661  0.02588697409638673
  0.02709360399648501  0.03144532419703799  0.03332369925401149  0.03456840119768276
  0.03827620059934435  0.04011904363109357  0.19879334612243385  1.00000000000000000
 -0.00228103477468736  0.00932024897058438  0.01955381471187911  0.02908008121050764
  0.03897450155313009  0.04918902073550444  0.06006454730956146  0.07055458823598079
  0.08074698293533557  0.09190797070708155  0.10310163423991972  0.11479471152399383
  0.12688616030296823  0.13888884951618188  0.15004609108791997  0.16101517851084005
  0.17260947510393665  0.18517039887755546  0.19835908154665446  0.21046734909682055
  0.21971446907892611  0.22863884324497838  0.23750731938353814  0.24605601763679052
  0.25390880864952431  0.26191464927688113  0.27006666574440208  0.28060320705710368
  0.29140868211667315  0.30191875056467088  0.31257542470193644  0.32295796839880514
  0.33350092386239599  0.34339498135098007  0.35340094536272426  0.36455169488748107
  0.37686166904030943  0.38929753963809999  0.40103276480180594  0.41242191517639820
  0.42304212924563445  0.43262114223651127  0.44188298122455616  0.45012906342696207
  0.45911336249382179  0.46878549870481989  0.47930944884444754  0.49084142404060954
  0.50223594875212973  0.51374091129321497  0.52525924839248850  0.53616284212104581
  0.54520583812765955  0.55430134525039543  0.56428477227560270  0.57544314488746917
  0.58760431976898408  0.59886783170889812  0.60948978585512237  0.61998181072762248
  0.63139060207523634  0.64277310550388589  0.65352511045505579  0.66360634009312458
  0.67379462054173123  0.68468847618324180  0.69569786513636955  0.70727860096406936
  0.71779308465531910  0.72761245278191455  0.73805379729581566  0.74910978956665941
  0.76042782938385067  0.77112935753494061  0.78160440570437650  0.79107206594351054
  0.80007894406493774  0.80970771629947058  0.81904663656631127  0.83099209081466308
  0.84352494941104683  0.85553731996370874  0.86678775243717598  0.87648143559677483
  0.88541174146516177  0.89464360534226284  0.90411042381648399  0.91631404117597759
  0.92776477988099593  0.93928129048194853  0.95026280382497830  0.96127322560229633
  0.97194279547499884  0.98222863173151898  0.99145613866118998  1.00000000000000000
 -0.00008816206080905  0.00025346521927881  0.00047956735504755  0.00063366907006868
  0.00074198152875210  0.00085098705131888  0.00096081648867818  0.00107098575063482
  0.00117322188372171  0.00127551621807533  0.00137672662714596  0.00147614264330981
  0.00156942461768277  0.00165931233990719  0.00174527560341743  0.00182534484248214
  0.00190416548936337  0.00198260564365150  0.00206144495219090  0.00214204494205164
  0.00222247405742437  0.00228694559046325  0.00235142335970079  0.00241594668859064
  0.00248140416347448  0.00255146962313184  0.00263167975139285  0.00273621886900146
  0.00285271438412181  0.00296920144775655  0.00309589070315334  0.00323667691381284
  0.00337610970576477  0.00350078419963211  0.00363274687425973  0.00377160076753657
  0.00391768171867517  0.00403817059641582  0.00415720686730625  0.00427433910848967
  0.00437049361564633  0.00445993940501524  0.00455027482972014  0.00464129761411739
  0.00472120077147964  0.00479688215207606  0.00494498034884178  0.00509091468643118
  0.00523721621509707  0.00537504721178314  0.00551216786629444  0.00565120953341586
  0.00578830476224800  0.00591920478221145  0.00604392484082691  0.00620948019710751
  0.00646026736687463  0.00674235038549328  0.00699203755483979  0.00721793773309376
  0.00743864683894309  0.00769937641484716  0.00808866136445740  0.00828073747843265
  0.00845233623321792  0.00862726338280103  0.00883393962145775  0.00935607015484403
  0.00972927485399901  0.00999943923139219  0.01024652391719851  0.01052218944679824
  0.01074613587853657  0.01094581486242720  0.01114475100684264  0.01187734732604780
  0.01206802058421103  0.01225869384237425  0.01299531674315475  0.01381867442147169
  0.01451735802227929  0.01513802841435650  0.01634473714045612  0.01661108123999642
  0.01689018002570916  0.01708930612725853  0.01727821455602768  0.01765946013964931
  0.01817700953236441  0.01859808068800132  0.01874931940237944  0.01890055811675756
  0.02032660856969477  0.02114747275069387  0.07222246364441230  1.00000000000000000
 -0.00245973607611558  0.01091364915017418  0.02205373690675901  0.03314834211482584
  0.04353133514425792  0.05318874040693068  0.06201516528149818  0.07129788096683086
  0.08120002057442902  0.09224582236395626  0.10300862188767194  0.11455046128629141
  0.12717440112523243  0.14066557078110237  0.15360855214720842  0.16602864729816297
  0.17787825240571772  0.18906892290352659  0.20008687903016573  0.21032051805059854
  0.22027778167969825  0.23045904870006056  0.24064826494879890  0.25382037005960267
  0.26743216623079219  0.27889775781864840  0.28939659453918842  0.29913854326328382
  0.30789789738661288  0.31641967585595404  0.32539156752902787  0.33524556518130777
  0.34529923265930695  0.35560084348062931  0.36610817166600601  0.37757170600615564
  0.38920108759913580  0.40035495070749044  0.41193930739839468  0.42279787900059679
  0.43427658919332540  0.44479047232191504  0.45553539128505155  0.46567371695116822
  0.47568413954747824  0.48555178966057067  0.49557214751029710  0.50581430158922336
  0.51628447744463057  0.52649021734043433  0.53664821827724285  0.54591485529583361
  0.55459717331747593  0.56301112511791362  0.57128107378661575  0.57944581543362039
  0.58878289500638015  0.59946857310281632  0.61224138565074504  0.62538664077051909
  0.63787752397839781  0.64984769484636495  0.66089538757977340  0.67191351607641314
  0.68231010916760260  0.69289878871922461  0.70381425031632150  0.71545391465426111
  0.72674234256394632  0.73629961713527081  0.74576043214127730  0.75547661199175453
  0.76578553567985186  0.77667681437240943  0.78606135929868071  0.79548515224540461
  0.80486689066758021  0.81428782875764338  0.82277094573118825  0.83121726545929198
  0.84198246072670146  0.85368551746528643  0.86442228414287570  0.87498640145035278
  0.88505599267513457  0.89444249404822784  0.90326171051658943  0.91319429429144938
  0.92373620242369670  0.93461435304727813  0.94513399333572123  0.95591749489781952
  0.96537936852437178  0.97491039813783120  0.98621474142810994  1.00000000000000000
  0.54482372102515386  0.58275811194589089  0.60027345720726211  0.61316646414152798
  0.62877337361057439  0.64198697600990884  0.65362238445150345  0.66356736943150862
  0.67262925938226081  0.68041928102177562  0.68734323742166581  0.69440471620986299
  0.70281164236814098  0.71042077796082792  0.71670579657711275  0.72322153631078423
  0.73015042145490738  0.73609715367640294  0.74144831668161026  0.74626013709707006
  0.75166192134220211  0.75776447016861181  0.76451741629617831  0.77162682979143660
  0.77861024997742934  0.78460923643061709  0.78990593820947963  0.79506077344155002
  0.80023967479803626  0.80539738507833991  0.81040445361762015  0.81507108325875877
  0.81964993309396239  0.82417937926904683  0.82864454459106618  0.83307628601829031
  0.83726430921656614  0.84076260300067474  0.84410395530667781  0.84737049980345114
  0.85109744756609174  0.85497210986111372  0.85856047899858623  0.86220545310314223
  0.86580697715262245  0.86965045425108545  0.87334622755010183  0.87688809705762660
  0.88018536631316091  0.88350990762957349  0.88684598734124642  0.89017363033653385
  0.89342000302082369  0.89658099972087801  0.89984797810999662  0.90316081245703916
  0.90656108300348570  0.90989386613305345  0.91302866279556594  0.91613228734517671
  0.91903734422027250  0.92194790043924968  0.92480064837495224  0.92766350140029752
  0.93056378538543882  0.93343773468782532  0.93624705692367072  0.93906007827126670
  0.94188307156822759  0.94462667178786974  0.94735286277441444  0.94990212636932669
  0.95244667731304378  0.95498748137904743  0.95747359963829248  0.95985399235661228
  0.96209045050183262  0.96416177249061363  0.96618408092828223  0.96815990140298069
  0.97022013704412846  0.97222899086369197  0.97421462210224385  0.97616503284484402
  0.97806061604297090  0.97993897014312381  0.98186274407071517  0.98386040050421919
  0.98589087276500953  0.98786274072470115  0.98968582340248379  0.99157782010510087
  0.99345873268494966  0.99544167657428373  0.99768104458976004  1.00000000000000000
  0.00034893409783300  0.11744330355310470  0.16605248421993532  0.20116954016807898
  0.22583668377478916  0.24546081093424166  0.26324394005273360  0.28101112567921849
  0.29873280268685543  0.30921355356308278  0.31963416723109900  0.32980183150326242
  0.33996474050037245  0.35434676752360800  0.36869646967331726  0.38270017251720295
  0.39555168458493656  0.40742230766182574  0.41850400046471048  0.42893361372268235
  0.43846817599906290  0.44722892351933191  0.45590408078763905  0.46371325562876781
  0.47127762045235339  0.47887520367132230  0.48661185859425199  0.49492617656419441
  0.50263208779160828  0.50995032228795933  0.51685071087414058  0.52385027457531819
  0.53028738731323821  0.53688728105457417  0.54422563261640111  0.55177501210283131
  0.55868157460229884  0.56508085084715776  0.57089045432443442  0.57658787437770220
  0.58239897903500049  0.58851971241978951  0.59471004502052294  0.60143684291331789
  0.60775473521306389  0.61395649008176045  0.61991445502801090  0.62541056528631223
  0.63068507023115139  0.63605764254776487  0.64151903508560126  0.64701758925181785
  0.65259303555840387  0.65808747514453758  0.66354401365140225  0.66903752988429765
  0.67457059260776475  0.68031374097186370  0.68631186186521342  0.69231763658030909
  0.69812170432206822  0.70364890569914884  0.70891991873857352  0.71397088890765714
  0.71902052286592721  0.72421301176988073  0.72954100830825719  0.73509624978513644
  0.74107119014886313  0.74721455258166525  0.75307864923381018  0.75892920141026665
  0.76460029692108322  0.77048984958368616  0.77717570300353289  0.78404971459177852
  0.79156864410382544  0.79657170022763013  0.80154248349533597  0.80614378811832865
  0.80996690341602950  0.81406289154791800  0.81829273969682903  0.82419647118808170
  0.82989717067000690  0.83587500326058817  0.84205114307893625  0.84812316891376494
  0.85517718322268377  0.86502804030058456  0.87581113240565100  0.88684216161645379
  0.89875465439140190  0.91273703907485859  0.93341561668173012  1.00000000000000000
   1.5407207572469674E-006  -1.0000000000000000     
 F F F F F F F F F F F F F F F F F F F F F F F F F F F F F F F F F F F F F F F F F F F F F F F F F F F F F F F F F F F F F F F F F F F F F F F F F F F F F F F F F F F F F F F F F F F F F F F F F F F F F F F F F F F F F F F F F F F F F F F F F F F F F F F F F F F F F F F F F F F F F F F F F F F F F F F F F F F F F F F F F F F F F F F F F F F F F F F F F F F F F F F F F F F F F F F F F F F F F F F F F F F F F F F F F F F F F F F F F F F F F F F F F F F F F F F F F F F F F F F F F F F F F F F F F F F F F F F F
  <DiscreteSampler_grid>
  grouped_processes
  1 # 1 for a reference and 2 for a running grid.
  10 # Attribute 'min_bin_probing_points' of the grid.
  1 # Attribute 'grid_mode' of the grid. 1=='default',2=='initialization'
  0.0000000000000000 # Attribute 'small_contrib_threshold' of the grid.
  0.5000000000000000 # Attribute 'damping_power' of the grid.
 # binID   n_entries weight   weight_sqr   abs_weight
    13   10   7.591656545260294E-001   2.780103639980771E+000   7.591656545260294E-001
    14   10   7.591656545260299E-001   2.780103639980773E+000   7.591656545260299E-001
    16   10   1.909059815875619E-001   1.757920004695976E-001   1.909059815875619E-001
    17   10   1.909059815875620E-001   1.757920004695977E-001   1.909059815875620E-001
    22   10   7.591656545260295E-001   2.780103639980771E+000   7.591656545260295E-001
    23   10   7.591656545260299E-001   2.780103639980774E+000   7.591656545260299E-001
    25   10   1.909059815875619E-001   1.757920004695976E-001   1.909059815875619E-001
    26   10   1.909059815875621E-001   1.757920004695978E-001   1.909059815875621E-001
    31   10   7.591656545260296E-001   2.780103639980772E+000   7.591656545260296E-001
    32   10   7.591656545260300E-001   2.780103639980775E+000   7.591656545260300E-001
    34   10   1.909059815875619E-001   1.757920004695974E-001   1.909059815875619E-001
    35   10   1.909059815875621E-001   1.757920004695978E-001   1.909059815875621E-001
    40   10   7.591656545260290E-001   2.780103639980768E+000   7.591656545260290E-001
    41   10   7.591656545260299E-001   2.780103639980773E+000   7.591656545260299E-001
    43   10   1.909059815875619E-001   1.757920004695974E-001   1.909059815875619E-001
    44   10   1.909059815875620E-001   1.757920004695978E-001   1.909059815875620E-001
  </DiscreteSampler_grid>
