  0.00000014214507698  0.00000014670984899  0.00000015136869277  0.00000015607129875
  0.00000016027098528  0.00000016620015217  0.00000017229270296  0.00000017826064072
  0.00000018307691267  0.00000018809850666  0.00000019343159028  0.00000019936693373
  0.00000020618737978  0.00000021395830011  0.00000022286366156  0.00000023188021876
  0.00000024118053026  0.00000025115531573  0.00000026117858517  0.00000027136976581
  0.00000028222908267  0.00000029467960319  0.00000030885551386  0.00000032322265145
  0.00000033859304303  0.00000035452107327  0.00000037128972357  0.00000038860164974
  0.00000040500806785  0.00000042274110773  0.00000044212396590  0.00000046304193524
  0.00000048475517911  0.00000050260519065  0.00000052026927073  0.00000053800923171
  0.00000055598591327  0.00000057557764752  0.00000059800560969  0.00000062278362880
  0.00000065081799315  0.00000068137944448  0.00000071451387465  0.00000075246826993
  0.00000079195590322  0.00000083321698391  0.00000087700670643  0.00000092844893724
  0.00000098710087339  0.00000104368771510  0.00000110013599503  0.00000116282737819
  0.00000122990580188  0.00000130420973971  0.00000138382657069  0.00000147388050145
  0.00000155965422962  0.00000166066495009  0.00000177030832750  0.00000188298048793
  0.00000200436400870  0.00000213503911539  0.00000227693513714  0.00000244322430584
  0.00000263693501742  0.00000284070187825  0.00000304956690909  0.00000326724708938
  0.00000348342975706  0.00000372310631014  0.00000399524643580  0.00000430866116851
  0.00000464995728411  0.00000501242808733  0.00000541296390324  0.00000588589211323
  0.00000646377149826  0.00000714684249927  0.00000794766612106  0.00000884557612542
  0.00000995128218347  0.00001120713060447  0.00001270320928971  0.00001455019515927
  0.00001688435618865  0.00001978385230827  0.00002367901437822  0.00002898299008321
  0.00003659756593730  0.00004859273604338  0.00006691519948374  0.00009541888596676
  0.00014734512819994  0.00027849961710041  0.00076380082335426  1.00000000000000000
  0.00000062306121877  0.00000066279684818  0.00000069847101790  0.00000073987456743
  0.00000078394875248  0.00000082942177041  0.00000087342959718  0.00000092319224197
  0.00000098642107283  0.00000104582436395  0.00000110595867723  0.00000117192520648
  0.00000123971523181  0.00000131118993351  0.00000139424517318  0.00000149098699066
  0.00000158427105992  0.00000170549636641  0.00000183187186061  0.00000197140739469
  0.00000211793295098  0.00000223265434108  0.00000234128056644  0.00000245661785773
  0.00000257744676485  0.00000271400446748  0.00000287422942882  0.00000304130921086
  0.00000319683033947  0.00000335221750939  0.00000352351370946  0.00000372495917740
  0.00000395364667591  0.00000419291363816  0.00000443532825887  0.00000467722543703
  0.00000492606274436  0.00000519867056065  0.00000554033791657  0.00000589083450619
  0.00000624082883792  0.00000655811254040  0.00000687449429821  0.00000720430955463
  0.00000757911898902  0.00000803072608214  0.00000851146979728  0.00000902800895781
  0.00000960493293637  0.00001026841011610  0.00001098080124389  0.00001195781884128
  0.00001292378602846  0.00001395538676441  0.00001490438076515  0.00001591350985978
  0.00001700848963829  0.00001819037506168  0.00001938145957933  0.00002079057618324
  0.00002215777730552  0.00002391107901474  0.00002582671190168  0.00002791109797925
  0.00003021347861805  0.00003285483045389  0.00003568062429893  0.00003896423190077
  0.00004258166379458  0.00004674097990451  0.00005104980512735  0.00005577761121663
  0.00006117237888814  0.00006752555631554  0.00007478844696203  0.00008318432689700
  0.00009256855379672  0.00010328397469984  0.00011656178296431  0.00013219741910035
  0.00015071630883767  0.00017235628606880  0.00019785890869496  0.00022957701964906
  0.00027247360774374  0.00032971302849069  0.00039402331107122  0.00047681812885293
  0.00058629638714489  0.00074174597449722  0.00096684433187019  0.00138190596028528
  0.00210988831327509  0.00394490955596046  0.55171536194695625  1.00000000000000000
  0.00001073241931209  0.00001084413822401  0.00001116781130511  0.00001164062795297
  0.00001216859890701  0.00001280693256700  0.00001355182082277  0.00001434475123297
  0.00001510673265842  0.00001587532646128  0.00001667362960100  0.00001736216980679
  0.00001818440452447  0.00001908514397316  0.00002042378771625  0.00002188004993021
  0.00002322271089885  0.00002438225188529  0.00002556619737758  0.00002685625389071
  0.00002831312452804  0.00002997423198037  0.00003174874443180  0.00003348077352476
  0.00003541496747527  0.00003738297054176  0.00003951227107273  0.00004186781253533
  0.00004440469078490  0.00004680727695547  0.00004922892826715  0.00005189881059626
  0.00005491884656999  0.00005801871216508  0.00006128480393439  0.00006521456175655
  0.00006923868982652  0.00007367724298674  0.00007870899070317  0.00008398826542240
  0.00008956985264735  0.00009569379669471  0.00010198306785988  0.00010916235722966
  0.00011682646246650  0.00012497261527505  0.00013412395392094  0.00014415511001276
  0.00015434491147092  0.00016500149440640  0.00017612942924953  0.00018769335841302
  0.00019954219693595  0.00021268346974996  0.00022687456940138  0.00024143849979988
  0.00026031298203156  0.00027913975216097  0.00030139208419602  0.00032408357208670
  0.00034694977904020  0.00037094030166635  0.00039356520991701  0.00041792749625496
  0.00044363188325337  0.00047030945221274  0.00050128068480776  0.00053395155369540
  0.00056546508069969  0.00059714141446197  0.00063842264574162  0.00067691581822744
  0.00073259916673526  0.00079664903760119  0.00087277746066639  0.00097697585954126
  0.00107289892460703  0.00119219302894268  0.00132137872846814  0.00146178011011858
  0.00160238473667907  0.00173843760245686  0.00188518117823277  0.00206101314651055
  0.00223593158984821  0.00241405603675652  0.00261460225400333  0.00286907168687950
  0.00317937255587581  0.00370690771229296  0.00447020005210056  0.00599297563944493
  0.00865678418505615  0.01442871395948675  0.63004361847665713  1.00000000000000000
  0.00000162502417765  0.00000171486660305  0.00000180738275564  0.00000190873673670
  0.00000201639929592  0.00000211689202285  0.00000224469300532  0.00000238120598729
  0.00000253154107154  0.00000269789419014  0.00000286913891160  0.00000304479335355
  0.00000322060223021  0.00000340430219129  0.00000360716614727  0.00000382248778351
  0.00000404834790319  0.00000428946913880  0.00000453006056375  0.00000478488939253
  0.00000505949481448  0.00000534156432391  0.00000563314941389  0.00000593476151878
  0.00000624950742664  0.00000656838955786  0.00000692800718132  0.00000726858478374
  0.00000765355492322  0.00000808740032644  0.00000853877822562  0.00000904544835099
  0.00000961857843954  0.00001021422307651  0.00001086835207888  0.00001153461310192
  0.00001218487551244  0.00001295462729486  0.00001374151981343  0.00001459273983891
  0.00001555358284677  0.00001660142983183  0.00001774944177835  0.00001888945598715
  0.00002005376774047  0.00002124572934137  0.00002257136582275  0.00002407085382815
  0.00002547014984888  0.00002679960873225  0.00002821116188574  0.00002984382488265
  0.00003184731722571  0.00003418250096916  0.00003679380608275  0.00003969024988313
  0.00004281198422018  0.00004665346401347  0.00005096834131025  0.00005557789919748
  0.00006047689812656  0.00006591877832802  0.00007203681295898  0.00007889104559087
  0.00008630680213174  0.00009437401294781  0.00010353973009214  0.00011387834904915
  0.00012501253143267  0.00013750073635988  0.00015150569645669  0.00016583562539950
  0.00018107189506135  0.00019869445540114  0.00022033466800091  0.00024442388358398
  0.00026858843530938  0.00029390679358033  0.00032426727243057  0.00035969287123138
  0.00040177484331812  0.00044654298508048  0.00049386280367051  0.00054749695475772
  0.00064023537504402  0.00074667849541615  0.00085710800003841  0.00098392592131090
  0.00115064600530676  0.00143066932359835  0.00188638723207918  0.00266352632734169
  0.00333070644583944  0.00452624689943817  0.01259340320509394  1.00000000000000000
 -0.00140153200384697  0.00850734170142507  0.01796965579989390  0.02908706732327853
  0.04147406968909723  0.05296518276477767  0.06372405910795087  0.07500091442161846
  0.08613316437570048  0.09632272184289184  0.10618807265604308  0.11647019998000885
  0.12843535763625358  0.14054703202940921  0.15291387617284596  0.16484372708846962
  0.17685016455881217  0.18805137963766633  0.19891287960133039  0.21019382409533582
  0.22145270797011374  0.23288801392469333  0.24350260352152550  0.25524321525779281
  0.26647961840090129  0.27752145462421801  0.28824003359798900  0.29982191869127800
  0.31093067745884218  0.32179282456421721  0.33279870222899494  0.34398211584715871
  0.35592218777931001  0.36830656287780589  0.38024329326582540  0.38977779995798678
  0.39777170500814102  0.40532495472079449  0.41337132422131023  0.42356433607795174
  0.43347339578962296  0.44246481702870966  0.45081513404176299  0.46014627506239253
  0.47157991325272652  0.48272464173329743  0.49252163226030249  0.50184096614854301
  0.51178660986587143  0.52207592072702125  0.53294783480085617  0.54434307318542086
  0.55682154636830439  0.56960829118679290  0.58252277704908750  0.59438693411506427
  0.60572199962338136  0.61642055349446256  0.62697818359697599  0.63742745058298245
  0.64758364500498011  0.65720909955467011  0.66656418700492270  0.67596765399373426
  0.68530896664522978  0.69488915407751795  0.70430520144046482  0.71487990077784269
  0.72612528693375999  0.73724298154503465  0.74749550468695880  0.75737420086966711
  0.76698460009207647  0.77572137578621592  0.78394780328003000  0.79131561338845913
  0.79882136269202819  0.80644692783408112  0.81551687049626909  0.82601864891216636
  0.83694522392560899  0.84940725297365982  0.86099892481583284  0.87284110089644062
  0.88505042710927806  0.89725226940273228  0.90918703595965888  0.92008297874306111
  0.93001221274963919  0.93965581400035847  0.94965225074280957  0.96028660660651277
  0.97034084102097917  0.97996198362193510  0.98969723571540691  1.00000000000000000
 -0.00232170994327317  0.01140025730806927  0.02323444175137362  0.03470581111864350
  0.04584840712956693  0.05687850395593456  0.06788687528060092  0.07919141965298221
  0.09109196002404293  0.10322764542857038  0.11513030388526922  0.12664268713043109
  0.13801319723852987  0.14946239890169263  0.16090543751300512  0.17230380409740870
  0.18346153514283889  0.19418882291408940  0.20443249277335832  0.21457949837494675
  0.22418449490124909  0.23401306594036148  0.24409181681562209  0.25462335480748788
  0.26513497776796563  0.27595570613943071  0.28643543920087811  0.29652359000434220
  0.30640174227893635  0.31657511329594157  0.32799010024188463  0.33933980692695764
  0.34977742794634492  0.36008906643655614  0.37015923013600799  0.38081627217738989
  0.39246226074984736  0.40431448987477725  0.41482559647521583  0.42391607323588471
  0.43277199056780219  0.44270372298197030  0.45351784056493555  0.46475818686011361
  0.47653768756017284  0.48895248557359910  0.50020096669922653  0.50992267181173812
  0.51950577717864554  0.52977727385488693  0.53999499066499579  0.54915883513667951
  0.55763669864541032  0.56599864084425466  0.57505975595468362  0.58498029050883527
  0.59525237002661469  0.60731567111937734  0.61971008029636099  0.63175357886205963
  0.64353350233758744  0.65546582288026289  0.66757200667251160  0.67904184457377337
  0.69059022333907394  0.70112863782583790  0.71063254720911484  0.71980298895003603
  0.72913580754785301  0.73917313099993809  0.74964787938272959  0.76016377135642488
  0.77008923668371498  0.77967776338986561  0.78930302989090784  0.79952810664473950
  0.81039677699498347  0.82054568148557749  0.83042158198990268  0.84149090848088648
  0.85342160212517360  0.86585390547982488  0.87628614884321632  0.88493233124970261
  0.89283410656904172  0.89938521750955824  0.90659975230172152  0.91420472212066772
  0.92308642738142133  0.93305649382492462  0.94292693915303838  0.95269551886921833
  0.96306964932810146  0.97543891531482840  0.98755591437408363  1.00000000000000000
 -0.00237852552592057  0.00835474045290018  0.01834752936298667  0.02941635919439481
  0.04034501707149014  0.05107763090167903  0.06203829415819696  0.07396049082076606
  0.08708034703999423  0.10055742357289317  0.11363798627100577  0.12612017675931633
  0.13882709212427030  0.15244581642768409  0.16564682852794704  0.17708763346368464
  0.18826420900403870  0.19976827888646778  0.21171980046738120  0.22321711528353136
  0.23436460268987397  0.24639098971785320  0.25963363558803254  0.27339645227251302
  0.28679247535194391  0.29962994336436960  0.31260373406403241  0.32637132623627990
  0.34066167715065232  0.35491948372090271  0.36811701513227968  0.38072562652398378
  0.39274920513474776  0.40437890296713402  0.41622223993854685  0.42912931311938157
  0.44260685218557211  0.45599662325615592  0.46794038753667644  0.47934279523822315
  0.49035710069770755  0.50152182431937231  0.51355118618176454  0.52562463100942558
  0.53599125184377550  0.54535362099939433  0.55444653220924356  0.56449376012014330
  0.57585727618889726  0.58680199648327802  0.59831164200893350  0.60992475184089001
  0.62210251566167829  0.63434251204450431  0.64609234838706475  0.65759591587130928
  0.66803159861606676  0.67910879318277428  0.68983118726953085  0.70123213206276236
  0.71273815085641767  0.72398342358222756  0.73500957644610476  0.74541821356435378
  0.75554215826799476  0.76594180495183739  0.77610086333214301  0.78579028826784603
  0.79465360196012869  0.80288070176565940  0.81105140608250736  0.81944744731375552
  0.82820202062407788  0.83777607253913244  0.84722904858098746  0.85551727254038756
  0.86282664638511819  0.87028394180538460  0.87783941248428754  0.88562651496689460
  0.89293369701711267  0.89969394406986580  0.90607532329208407  0.91243510312652676
  0.91864779804802432  0.92487560241919642  0.93150811243486542  0.93864865522904839
  0.94603154750535567  0.95349667348391187  0.96135890669160406  0.96973766457892907
  0.97814126283446712  0.98589004893642362  0.99297929985521005  1.00000000000000000
 -0.00307553652401275  0.00958022648068889  0.02012301503151549  0.02954577061858576
  0.03932146175797932  0.05002374546592844  0.06045941573578321  0.07009992077835148
  0.07917790201828173  0.08881694125259713  0.09852509655457518  0.10909220887744712
  0.11980196362078087  0.13160674434039496  0.14322956580835966  0.15436740065548168
  0.16523955461035489  0.17684786507857139  0.18729522413524249  0.19811146971430491
  0.20920989574858390  0.22056766768127470  0.23074887717981868  0.23952316402027463
  0.24870668467062632  0.25853579993686476  0.26918755992052179  0.28082398270656383
  0.29224183939345938  0.30363863393146528  0.31409705627036638  0.32351657792374411
  0.33348404553018235  0.34240182331221364  0.35042966606883286  0.35825662090581023
  0.36585602637144726  0.37439095217227969  0.38519564632160447  0.39775781226917506
  0.41026459962515904  0.42317976187222128  0.43600805662370984  0.44941003137981334
  0.46176026326787817  0.47162071776495945  0.48087493486630045  0.48986998389826431
  0.50067058626981176  0.51226312892060721  0.52314179190515409  0.53313462459084493
  0.54235736530441525  0.55138017040341625  0.56009168821827060  0.56913851350061051
  0.57862736835606454  0.58881972066281019  0.59899387625120215  0.60900326765212753
  0.61907734430101136  0.62948365240169923  0.64056267210229390  0.65135812278612149
  0.66116780156877675  0.67050681587241534  0.68013429061241737  0.68974095300650740
  0.69900521674614380  0.70872324857062730  0.71939622529230673  0.73255428479220253
  0.74557943040167673  0.75799899270128723  0.76908482016300539  0.77904694594311075
  0.78883248285647989  0.79976789056382536  0.81229032844213178  0.82433186110927004
  0.83490132889885960  0.84516028116282993  0.85579468620017074  0.86722084359124374
  0.87894892192826479  0.89028883878118303  0.90114693154250858  0.91177010371559797
  0.92148271203180221  0.93146049566609912  0.94163384305330888  0.95264449951797026
  0.96443034991055510  0.97593347341355419  0.98786540912209075  1.00000000000000000
 -0.00141129806735739  0.01910961892636557  0.03434579537949597  0.04903770758732409
  0.06349905093377334  0.07838011223214289  0.09345457485305379  0.10732501565882137
  0.11903448484473499  0.12992931419724346  0.14157613063680230  0.15381069898126215
  0.16591933997061278  0.17771483703112648  0.18848247084817488  0.19851023437622273
  0.20809194127619002  0.21757553802100238  0.22740341025995822  0.23715626334817752
  0.24692000904000169  0.25670993887321147  0.26601301166836139  0.27466623215278962
  0.28336112267575869  0.29202313140429770  0.30165304374304597  0.31149933991140977
  0.32135693315189245  0.33043222606532502  0.33949378755451576  0.34786699837576912
  0.35673529223756700  0.36543254936374986  0.37373660454934499  0.38108467307300309
  0.38799610380284033  0.39537314735894769  0.40323330427498155  0.41143559064188978
  0.41914671829927791  0.42678078911475709  0.43468676057779965  0.44365122562733006
  0.45373146820594606  0.46295123709417724  0.47139546730155124  0.47954321594394322
  0.48784171264516279  0.49712933232308415  0.50652858092700337  0.51596370736975106
  0.52498450046505607  0.53363130924607916  0.54213792401747174  0.55155082834437408
  0.56219001852477568  0.57275600504565238  0.58266935188181401  0.59209584714426600
  0.60193016525346488  0.61211837143649284  0.62256602163956265  0.63255478555921041
  0.64193027972400207  0.65153191607594974  0.66098549291362074  0.67095525352488572
  0.68101083363704007  0.69126354790161793  0.70151290766678953  0.71137114271520829
  0.72073301576286652  0.73001151569575129  0.73883568986817327  0.74699026658608325
  0.75494379056259719  0.76256515995032570  0.77000262143547349  0.77784286849368001
  0.78688673085214456  0.79670177249669816  0.80791657522577054  0.81969862140760597
  0.83067195707799346  0.84068885911864355  0.85039734779300125  0.86182913524952309
  0.87511283254979355  0.88947567919621973  0.90391607825874876  0.91881045078564727
  0.93404741338037389  0.95184473806569303  0.97294875265778646  1.00000000000000000
 -0.00221962659457380  0.00985324319393387  0.01996037551671117  0.03153800930576310
  0.04304385465626828  0.05402349382804155  0.06464019678566316  0.07504104455306178
  0.08652950616015327  0.09737048339249367  0.10766285305852299  0.11811076930656564
  0.12887147197250176  0.13952188123356082  0.14901150710857405  0.15816022271141669
  0.16752188818631897  0.17776869322656969  0.18905104549327922  0.20056672541736098
  0.21141849209373825  0.21976130199381680  0.22800628281258675  0.23628653471845620
  0.24626687253640733  0.25637735710798598  0.26658069182624539  0.27743452425898091
  0.28935690543125292  0.30112990928987871  0.31153108576491662  0.32220500812200170
  0.33300048957963346  0.34379413158234107  0.35446356253198252  0.36411523692599046
  0.37354442023708556  0.38254743556482079  0.39177050033621275  0.40186109551417276
  0.41135353838536393  0.42067195597392465  0.42963656398195177  0.43925271796466986
  0.44952095630396677  0.46038793685890850  0.47257213483702615  0.48547349492091268
  0.49862161643496794  0.51190932569982062  0.52386085226674028  0.53386021895819469
  0.54348511465785176  0.55332712627763114  0.56360625971245859  0.57403588765304925
  0.58438207649533902  0.59549995881239715  0.60604464869718966  0.61578395983396461
  0.62498185683347263  0.63411951049741566  0.64396507591761587  0.65501903300797659
  0.66580392019702594  0.67535920129879723  0.68458646234381393  0.69450952608171113
  0.70445564858307252  0.71360836384535364  0.72253495878361751  0.73315918948463099
  0.74499130080872644  0.75672846715073683  0.76816815512072356  0.78001744415037655
  0.79196287102096619  0.80421804191296875  0.81692080742913553  0.82952778471680311
  0.84195780924271868  0.85425968250964868  0.86545745632343829  0.87580571105831562
  0.88559357847157838  0.89545895608769865  0.90559913701108241  0.91600106629979750
  0.92643702609064160  0.93635058612410693  0.94726461243906135  0.95792681956070735
  0.96824147547934791  0.97899876247309858  0.98919052008841857  1.00000000000000000
 -0.00301381241152316  0.01268590183138171  0.02358868411427725  0.03415754009644097
  0.04343271637646767  0.05346408069708557  0.06403347725456159  0.07560017826750552
  0.08617214636377460  0.09676713556494107  0.10781444443032190  0.11881962563091412
  0.12977086104518984  0.14016898360416885  0.15117617845627990  0.16311464828281133
  0.17504928033026310  0.18661396200947197  0.19766807132985020  0.20700035033444017
  0.21681013672919838  0.22725608049958740  0.23866483518509043  0.25050596073514830
  0.26159940894020051  0.27193300499727013  0.28255049803686583  0.29291179012875718
  0.30315636116310762  0.31306140253483650  0.32338958731209383  0.33473424496708110
  0.34558021359258279  0.35662957363062348  0.36854149802576697  0.38095935135255365
  0.39291540254914781  0.40317650435777519  0.41329261922229271  0.42340612452447912
  0.43392904022200879  0.44445145768489314  0.45569323748684115  0.46801767782169529
  0.47986006773956086  0.49013032417147884  0.49976854775775092  0.50980946933776727
  0.52000956963059142  0.52948553235382090  0.53828346202105659  0.54622350443845291
  0.55354365168834851  0.56108974758782826  0.56915260577831783  0.57738962347377520
  0.58648594677550026  0.59625980828785430  0.60671031247369356  0.61777213148971299
  0.62848345142944118  0.63846443262478869  0.64795985444066106  0.65760901219509083
  0.66755422360577732  0.67794074154164097  0.68816544846080729  0.69832243677637329
  0.70869946602636269  0.71926275621578617  0.72962220289750945  0.73999428374843956
  0.75052136199144004  0.76095410709983102  0.77188482053029162  0.78334183898731247
  0.79492049981228330  0.80551882142783526  0.81583523311764450  0.82683403581773018
  0.83885367700956359  0.85039488185471201  0.86114101229659679  0.87192487466092794
  0.88284507144272428  0.89365829976981614  0.90449608092160139  0.91549686235229011
  0.92690628734802294  0.93821646794447944  0.94929539378485550  0.96005947203633257
  0.97126532791827325  0.98212488574338841  0.99138814795616892  1.00000000000000000
  0.43963804057700728  0.51152648451739646  0.52563195628553505  0.53808391037293457
  0.54880349418341445  0.55754323172560583  0.56622648823590038  0.57439149912150500
  0.58178771565112131  0.58842924854740797  0.59542816262910958  0.60310576631923529
  0.60932490261343475  0.61442758029278877  0.61955271754389452  0.62547467872585016
  0.63175964105851679  0.63677923238018486  0.64134486605659724  0.64612152761574793
  0.65101086847839629  0.65573343511316162  0.66019133835291799  0.66460279707325143
  0.66897928464538547  0.67323544838663552  0.67765993713580897  0.68229014492810092
  0.68710768955687884  0.69213306912182138  0.69754855191200671  0.70285962116392886
  0.70835152848231475  0.71338217139352111  0.71829464275709498  0.72309443485915981
  0.72827881226852209  0.73315019677627902  0.73784187480864338  0.74219504195092678
  0.74641104640196598  0.75038782280187843  0.75462285389445261  0.75903511675491986
  0.76358600051540726  0.76827249668436981  0.77285063813201427  0.77753553721278823
  0.78217960776399065  0.78688605700389391  0.79149206453578103  0.79608402294847491
  0.80053607473649080  0.80485144699904621  0.80926259170259451  0.81355376262031387
  0.81789212022554292  0.82226341855926344  0.82671940771291463  0.83107015920360039
  0.83545250219366085  0.84009785797332881  0.84470085734410494  0.84914614125685628
  0.85355556134713784  0.85816816975005872  0.86281233287927572  0.86748930346056397
  0.87212372148977468  0.87670672151431384  0.88122941809805266  0.88564959247303132
  0.89016049391609664  0.89459993202143173  0.89888432764462245  0.90331799018447878
  0.90772635933113421  0.91222963668591328  0.91691412348162393  0.92152487239602987
  0.92609360935610041  0.93065766394803606  0.93519158949291414  0.93969302119058429
  0.94411666101069225  0.94841013566213805  0.95282272620820707  0.95722390330812845
  0.96199357940361607  0.96665844702086623  0.97137024010548545  0.97620094492025267
  0.98126035806442968  0.98676553432678193  0.99299883847813131  1.00000000000000000
 -0.00136785177512176  0.05994912789506815  0.08495698353732768  0.09883804742290347
  0.10955962298051934  0.11880293000879788  0.12719320948140225  0.13710244762723633
  0.14652607691365482  0.15568584972119559  0.16393892778647084  0.17179454114334872
  0.17914131781715320  0.18641916382155913  0.19307866603022392  0.19911493162566465
  0.20520044026492792  0.21144935856645730  0.21757550180833496  0.22346678517645155
  0.22914573882730696  0.23449202079457787  0.23974956639266240  0.24536614273206783
  0.25066555696331905  0.25605095213639339  0.26156368048624312  0.26719775214778818
  0.27300488155742231  0.27890795042419936  0.28446980646337955  0.29026873533857861
  0.29607951291190787  0.30219806556117695  0.30892611818442167  0.31544046367334877
  0.32192396417357932  0.32836317749218885  0.33445170900689947  0.34017578447056740
  0.34583943258217797  0.35150403297550176  0.35726738356372162  0.36266663428623097
  0.36797789599407993  0.37315066357603627  0.37861683469710455  0.38457498105443116
  0.39089580631527759  0.39661711513928977  0.40182293111160050  0.40700378115333419
  0.41262656836580036  0.41903998253284358  0.42598299819087965  0.43316420580272696
  0.44039846857819520  0.44753384888190539  0.45443680630468397  0.46141323270154899
  0.46801924278494078  0.47445627391305428  0.48092653846202577  0.48762417561146543
  0.49466569884235850  0.50232783501422984  0.51054496888380752  0.51852446765638172
  0.52628135656669139  0.53412840092073943  0.54193461837451484  0.55010352222092396
  0.55765815914261807  0.56495008713708050  0.57297850969173403  0.58205365048448210
  0.59214320291839739  0.60250637218057101  0.61267401802637300  0.62274368990340478
  0.63252413164581311  0.64344779777314542  0.65463027977259591  0.66507762838859863
  0.67552063702811305  0.68660238319735123  0.69850721711055830  0.70993606253189356
  0.72230372300351153  0.73566377793656690  0.75093003119710122  0.76586959895847373
  0.78235188911281606  0.80268512474533082  0.83216658700992840  1.00000000000000000
   1.3243620229233875E-006  -1.0000000000000000     
 F F F F F F F F F F F F F F F F F F F F F F F F F F F F F F F F F F F F F F F F F F F F F F F F F F F F F F F F F F F F F F F F F F F F F F F F F F F F F F F F F F F F F F F F F F F F F F F F F F F F F F F F F F F F F F F F F F F F F F F F F F F F F F F F F F F F F F F F F F F F F F F F F F F F F F F F F F F F F F F F F F F F F F F F F F F F F F F F F F F F F F F F F F F F F F F F F F F F F F F F F F F F F F F F F F F F F F F F F F F F F F F F F F F F F F F F F F F F F F F F F F F F F F F F F F F F F F F F F F F F F F F F F F F F F F F F F F F F F F F F F F F F F F F F F F F F F F F F F F F F F F F F F F F F F F F F F F F F F F F F F F F F F F F F F F F F F F F F F F F F F F F F F F F F F F F F F F F F F F F F F F F F F F F F F F F F F F F F F F F F F F F F F F F F F F F F F F F F F F F F F F F F F F F F F F F F F F F F F F F F F F F F F F F F F F F F F F F F F F F F F F F F F F F F F F F F F F F F F F F F F F F F F F F F F F F F F F F F F F F F F F F F F F F F F F F F F F F F F F F F F F F F F F F F F F F F
  <DiscreteSampler_grid>
  grouped_processes
  1 # 1 for a reference and 2 for a running grid.
  10 # Attribute 'min_bin_probing_points' of the grid.
  1 # Attribute 'grid_mode' of the grid. 1=='default',2=='initialization'
  0.0000000000000000 # Attribute 'small_contrib_threshold' of the grid.
  0.5000000000000000 # Attribute 'damping_power' of the grid.
 # binID   n_entries weight   weight_sqr   abs_weight
    19   10   1.133385569784612E+000   1.280741049600682E+001   1.133385569784612E+000
    20   10   1.133385569784602E+000   1.280741049600661E+001   1.133385569784602E+000
    22   10   2.830613731257092E-001   7.986385131473963E-001   2.830613731257092E-001
    23   10   2.830613731257068E-001   7.986385131473829E-001   2.830613731257068E-001
    25   10   1.134427308162904E+000   1.284163416447420E+001   1.134427308162904E+000
    26   10   1.134427308162894E+000   1.284163416447397E+001   1.134427308162894E+000
    28   10   2.836106396819716E-001   8.029130516040095E-001   2.836106396819716E-001
    29   10   2.836106396819692E-001   8.029130516039954E-001   2.836106396819692E-001
    34   10   1.133385569784612E+000   1.280741049600683E+001   1.133385569784612E+000
    35   10   1.133385569784603E+000   1.280741049600661E+001   1.133385569784603E+000
    37   10   2.830613731257093E-001   7.986385131473972E-001   2.830613731257093E-001
    38   10   2.830613731257069E-001   7.986385131473831E-001   2.830613731257069E-001
    40   10   1.134427308162904E+000   1.284163416447420E+001   1.134427308162904E+000
    41   10   1.134427308162895E+000   1.284163416447397E+001   1.134427308162895E+000
    43   10   2.836106396819716E-001   8.029130516040093E-001   2.836106396819716E-001
    44   10   2.836106396819692E-001   8.029130516039954E-001   2.836106396819692E-001
  </DiscreteSampler_grid>
