 -0.00281368601485748  0.01202597535250373  0.02461788493979146  0.03735080180377690
  0.05011464668917109  0.06199039527559810  0.07322958233210189  0.08470237618420888
  0.09668016497401281  0.10835223509122087  0.11977898473077218  0.13040170142013036
  0.14029802451679846  0.14959912620523336  0.15900196671373992  0.16857219589835168
  0.17984494867675796  0.19096550594958750  0.20239238913250954  0.21342378708368398
  0.22398179838985341  0.23473067073873083  0.24495883352768469  0.25542029575594022
  0.26493845317516346  0.27395516569708817  0.28291287337070103  0.29176922905830549
  0.30257810206538127  0.31463698774521071  0.32626312013880754  0.33794787150438277
  0.35023617855085809  0.36241225737875243  0.37453542859052419  0.38558476530539287
  0.39676515464751977  0.40739496048402263  0.41790913912586641  0.42830396164571127
  0.43916928946679495  0.45015390240973308  0.46012443089560517  0.46957148857123465
  0.47899969577709528  0.48957554182915008  0.50040767964782573  0.51192536769326313
  0.52353838934756602  0.53498802066571582  0.54570858734654670  0.55628699032127604
  0.56712570639692172  0.57832780124662508  0.58950552162312531  0.60046981667793298
  0.61095948821339341  0.62116866895154677  0.63091669289160202  0.64048497771507518
  0.65016379108915412  0.65929724748683638  0.66845545419088159  0.67816590856410308
  0.68904211201329024  0.70048682094194403  0.71195795530378769  0.72315379973947169
  0.73498269877061273  0.74673752804074034  0.75913989288860284  0.77140354416577173
  0.78332120143865080  0.79438378738291970  0.80491059953893429  0.81529817812899108
  0.82551002240335580  0.83419132573479915  0.84260938323150514  0.85147111518653529
  0.86176845364439913  0.87329698175126680  0.88402345026797891  0.89435713622234314
  0.90376695612829006  0.91291091447746853  0.92116878100182242  0.92949933503336180
  0.93835477041216131  0.94769316139402393  0.95772854745025016  0.96672519507270949
  0.97561501047573551  0.98481953940621758  0.99269728655929446  1.00000000000000000
  0.00000145117970990  0.00000157354054324  0.00000165614523844  0.00000172395275357
  0.00000179136113553  0.00000186253274786  0.00000193184219642  0.00000200048587485
  0.00000206660190158  0.00000213867483201  0.00000221788373125  0.00000230263821023
  0.00000239024002172  0.00000247838520130  0.00000256850793798  0.00000266197965898
  0.00000275543539731  0.00000285065794232  0.00000295501560330  0.00000307187027780
  0.00000320019306618  0.00000331677462863  0.00000344414263682  0.00000357500760508
  0.00000370850109504  0.00000384310012761  0.00000398399040253  0.00000414419208446
  0.00000431959102824  0.00000450098406844  0.00000466654342951  0.00000482935131473
  0.00000501020600727  0.00000518645237496  0.00000535148095755  0.00000553937928754
  0.00000575094525802  0.00000596700627316  0.00000618791406957  0.00000642540026372
  0.00000669584839768  0.00000699294497325  0.00000731371348518  0.00000767685516431
  0.00000804862531212  0.00000842460745654  0.00000882364685040  0.00000927019800911
  0.00000976108563530  0.00001029669522761  0.00001087366629355  0.00001147538204699
  0.00001209213527882  0.00001280819830207  0.00001355229642993  0.00001436057771386
  0.00001519794945576  0.00001608458006591  0.00001703943922370  0.00001808438326355
  0.00001922613043529  0.00002050907470358  0.00002191509931034  0.00002339825101045
  0.00002517423903331  0.00002702303811100  0.00002913510799504  0.00003148852498364
  0.00003408670068793  0.00003713973053793  0.00004047493035786  0.00004437095232593
  0.00004834485870887  0.00005289002449543  0.00005790815443071  0.00006364717946481
  0.00007020471790478  0.00007793533082194  0.00008736191747334  0.00009802590375380
  0.00010970839048574  0.00012269311171678  0.00013821660027589  0.00015881163186433
  0.00018664908034958  0.00022538759348754  0.00027629700130780  0.00034078986081924
  0.00042812954755797  0.00055327216694450  0.00075563997090824  0.00113357308130001
  0.00181173094239713  0.00309794386953151  0.09290693773791854  1.00000000000000000
  0.00000164617422227  0.00000168401955890  0.00000172272990226  0.00000176618247678
  0.00000182287275228  0.00000189168671038  0.00000195050387933  0.00000199948706693
  0.00000204902062498  0.00000209220025976  0.00000215002885426  0.00000222153183385
  0.00000230446537346  0.00000239365837589  0.00000249546276101  0.00000260906189756
  0.00000271281953238  0.00000281066405407  0.00000291048195410  0.00000302015445577
  0.00000314965985716  0.00000331420043149  0.00000351319519200  0.00000373144195094
  0.00000393745387033  0.00000415238015298  0.00000438714803379  0.00000464964846146
  0.00000492812167617  0.00000520463158861  0.00000549008883281  0.00000580812349559
  0.00000610408325705  0.00000639624577590  0.00000671996275293  0.00000706011849188
  0.00000745701233258  0.00000793719719724  0.00000843236737902  0.00000896475834825
  0.00000952557699730  0.00001011881739850  0.00001079725884401  0.00001155565275092
  0.00001237961664197  0.00001324809083750  0.00001413579846437  0.00001510687004632
  0.00001615553527280  0.00001730620859495  0.00001856073974404  0.00001993833573456
  0.00002149969498073  0.00002317434146627  0.00002487584739471  0.00002663391022894
  0.00002850791607290  0.00003048218484832  0.00003265816457707  0.00003508000421578
  0.00003769110440248  0.00004044431443482  0.00004337337922756  0.00004661715588727
  0.00005015378147775  0.00005402774203645  0.00005846590441336  0.00006375900125900
  0.00006973536837463  0.00007587405730609  0.00008257502853735  0.00009024103479285
  0.00009906656552665  0.00010937271418892  0.00012063894948441  0.00013260548935811
  0.00014601357634704  0.00015980846656086  0.00017553540553474  0.00019569591913637
  0.00021922382237421  0.00024766482989293  0.00027826073974649  0.00031167221452383
  0.00035572201473541  0.00042111517275138  0.00049835773910775  0.00059496894325243
  0.00072687589642714  0.00088964900132301  0.00109698389229303  0.00144347851527125
  0.00198354681945227  0.00400272708460219  0.01551614098563410  1.00000000000000000
  0.00000341428041609  0.00000360300711400  0.00000379890454152  0.00000403310663542
  0.00000423774892940  0.00000445963024190  0.00000466527643099  0.00000488997430026
  0.00000515604253443  0.00000547672805410  0.00000579222657398  0.00000608718497755
  0.00000637932770312  0.00000668594519577  0.00000701616809560  0.00000735938893633
  0.00000770692988616  0.00000806387145635  0.00000845764538615  0.00000884384136810
  0.00000928269369374  0.00000981652985543  0.00001037180491829  0.00001100592944992
  0.00001168166140970  0.00001238347333578  0.00001313910540393  0.00001395645832129
  0.00001486591455106  0.00001584128107874  0.00001685300740686  0.00001790044110982
  0.00001899312575028  0.00002019551419063  0.00002147249557028  0.00002282007995256
  0.00002425667987771  0.00002577641431437  0.00002741340654047  0.00002911867869383
  0.00003089246346915  0.00003279276319532  0.00003487191898702  0.00003726190154581
  0.00003996102254683  0.00004292921623124  0.00004609595846243  0.00004950623125201
  0.00005313934047935  0.00005702456589202  0.00006109740275747  0.00006530168251936
  0.00006980459562642  0.00007439006444601  0.00007975549791070  0.00008492416146669
  0.00009058727852027  0.00009652650298198  0.00010325494687799  0.00011096684982521
  0.00011853035762236  0.00012606657605539  0.00013354495814421  0.00014176220327415
  0.00015086207142682  0.00016147562830610  0.00017330337195458  0.00018630106737434
  0.00020062317050382  0.00021621030213890  0.00023331483260597  0.00025170333324271
  0.00027148731910909  0.00029440195016945  0.00032228020204228  0.00035446829461012
  0.00039119955945078  0.00043109310364929  0.00047569437520910  0.00052809666714073
  0.00058640192867134  0.00065819607474655  0.00073866153017604  0.00083079304182143
  0.00094210759706214  0.00108483552855292  0.00126554520845566  0.00145693515801588
  0.00163753530047982  0.00183962079678467  0.00212496056916354  0.00275952624339774
  0.00371809697396546  0.00566380995836025  0.01445389680273302  1.00000000000000000
 -0.00233978446179712  0.01144424635195637  0.02101658591833086  0.02988353490314628
  0.03854354517228301  0.04797111473624011  0.05824299019522965  0.06913926354359919
  0.08007712656222185  0.09088488108079311  0.10174438616462363  0.11253450466352991
  0.12318876473463458  0.13380298326902226  0.14428199059396718  0.15446635213458101
  0.16462372266436040  0.17501766741782407  0.18538021021145651  0.19391761877255403
  0.20186269635366380  0.20959058872962411  0.21712812047054642  0.22561145924648579
  0.23501107908858873  0.24462339452287463  0.25485263191051444  0.26577220214731745
  0.27846481885221730  0.29201179601934557  0.30499306408132215  0.31681077116733897
  0.32760747356543690  0.33810079864146170  0.34792660316594304  0.35774119763007906
  0.36758371284957692  0.37824884619725374  0.38907445493556941  0.39941917310409036
  0.40980166537807172  0.42040565911335648  0.43145007063021684  0.44256641418015596
  0.45356894532244552  0.46494092770774809  0.47654118992981320  0.48763732151546052
  0.49785056650056481  0.50771125564641573  0.51770182792963571  0.52817070414574163
  0.53907460315680578  0.55005159959187144  0.56049912111021161  0.57057885010135767
  0.58111336950403569  0.59251735271019257  0.60475287173498604  0.61665230777009494
  0.62740383543208444  0.63700009487926956  0.64656485780031225  0.65683478100349524
  0.66799368172026885  0.67982847929885382  0.69185770249793466  0.70452253438014067
  0.71604075015068325  0.72697245339644823  0.73711698027925698  0.74750393783068148
  0.75845904775967232  0.76997561463060837  0.78199018214260885  0.79439419833809066
  0.80601704162637633  0.81691868292799352  0.82711682572199852  0.83719238171593724
  0.84792689164912072  0.85743635942723484  0.86701510534572734  0.87655719220331507
  0.88617555374177537  0.89714928080444578  0.90681362193320481  0.91659827087162360
  0.92633763470242203  0.93641371614542590  0.94696309406834134  0.95763941953072873
  0.96843913477045540  0.97872033594659069  0.98915396304906900  1.00000000000000000
 -0.00236460907751922  0.01074744523644017  0.02237965538377450  0.03418170754025047
  0.04593272980308290  0.05697987577349681  0.06757597109989361  0.07782625166495311
  0.08812696823276096  0.09880322568522255  0.10974586014835341  0.12057114615721069
  0.13139740673270470  0.14197440317313920  0.15290813532375683  0.16402368620138963
  0.17556803900980145  0.18731789661562742  0.19820228259509526  0.20839286080505878
  0.21817004991319508  0.22821233451790415  0.23884324530188861  0.24912909744477096
  0.25933727447955313  0.26988254916924498  0.28116480107593178  0.29303897681425028
  0.30399795545053643  0.31454123087781510  0.32486670665826595  0.33514491566309079
  0.34520116438366477  0.35466692891735285  0.36420156191508923  0.37388309778011508
  0.38377367433655268  0.39324979993716591  0.40320949946222989  0.41260367951275212
  0.42242576803188975  0.43232125856882819  0.44297768777185337  0.45416004748535732
  0.46499824355860758  0.47590897227304763  0.48665970318680823  0.49723489497781975
  0.50740540888349128  0.51751805817985586  0.52661017513661557  0.53519919190185428
  0.54355402912161699  0.55165618878988620  0.56202857444102483  0.57295666406017398
  0.58374454437348056  0.59366242422648052  0.60328764923773059  0.61316524576927245
  0.62348890572003313  0.63398510120117169  0.64456320404553769  0.65463212226446987
  0.66445992214614946  0.67409725440726176  0.68374672311501761  0.69352035243629595
  0.70336713203129619  0.71342486282350259  0.72387408698627687  0.73500586655724520
  0.74668164735207443  0.75847761252406398  0.77024294204906107  0.78179358971706503
  0.79243915297518863  0.80279411495298791  0.81313630096558076  0.82429235224255548
  0.83593114791657619  0.84764334131445096  0.85881963124438210  0.86934073919061461
  0.87952185566368346  0.88952592582052759  0.89942432067086675  0.90919346593997830
  0.91997456196161298  0.93186383305940967  0.94447264126941965  0.95607066924538953
  0.96715378066904212  0.97825177298699995  0.98915228799587029  1.00000000000000000
 -0.00186943973704450  0.00781629018506589  0.01556558732340009  0.02286720604460760
  0.02983562361944355  0.03663512390505758  0.04346254198028097  0.05052263187800551
  0.05800956754296576  0.06577592011692632  0.07422555325856241  0.08150252131036671
  0.08872881438881844  0.09636542817300005  0.10444245547276584  0.11244558688730476
  0.12047037449352532  0.12840917225318896  0.13629342787935872  0.14426585570930184
  0.15155500258683668  0.15934852575802422  0.16747949683456037  0.17652775978480101
  0.18573929301260980  0.19377454591506130  0.20118506828594646  0.20878873959502250
  0.21683627299191960  0.22617630554231127  0.23579139599553903  0.24547106859667428
  0.25511391764587799  0.26532297960542361  0.27545055371521604  0.28543901796244964
  0.29530785126195447  0.30514586714049396  0.31542657547794462  0.32642372965011607
  0.33823049730836058  0.35005077127036877  0.36094448172168853  0.37204966635974573
  0.38342380888841598  0.39503865431713309  0.40588704694989064  0.41620117923675548
  0.42619732354263379  0.43681818871535583  0.44845860251412356  0.46095468576952786
  0.47324434098650514  0.48553048191660936  0.49774919539256335  0.50989851654561946
  0.52194038549403698  0.53383522816259221  0.54601579928692012  0.55875090632807090
  0.57146573036846393  0.58415273668486523  0.59738640648639696  0.61048106590838624
  0.62338639406038743  0.63623165252714653  0.64866889773893266  0.66131693084021104
  0.67359286123641327  0.68554643380834490  0.69702357138190252  0.70882028521717122
  0.72111908490696752  0.73375694603778485  0.74534783552140182  0.75624813162297111
  0.76638647263401571  0.77683564931415827  0.78851339272228504  0.80041606299452783
  0.81188424172853479  0.82308892520702870  0.83405999485057636  0.84533792500432448
  0.85809423135301455  0.87293994654787643  0.88925566382923149  0.90600723319342369
  0.92104838580237103  0.93441084810944297  0.94598421245266684  0.95732147570929060
  0.96831151720272002  0.97901331228437072  0.98906716588159371  1.00000000000000000
 -0.00226389384356096  0.00908152077144332  0.01799310576353044  0.02697657165254600
  0.03581531847650758  0.04501618927034951  0.05509772058212630  0.06512434472749574
  0.07559470171504437  0.08666649699793644  0.09780189880332156  0.10892347424842633
  0.11900475360754260  0.12910624473050233  0.13904027950938350  0.14863119392673110
  0.15847772179345748  0.16854506746155032  0.17923996950035156  0.18939637569931633
  0.19939581456509675  0.20923104706787343  0.21978398475787767  0.22966317986271934
  0.23978367098130771  0.24981414944292191  0.26065783529425957  0.27150465323497536
  0.28249359609174313  0.29333537200911491  0.30456367405219387  0.31577766160624704
  0.32682058647384066  0.33802879196251090  0.34951810933635152  0.36126766083388329
  0.37292665482977067  0.38436318650891116  0.39528818558868928  0.40605886811356012
  0.41688843082643562  0.42780070285339850  0.43859907430251943  0.44956130980667558
  0.46021423398670824  0.47019932264911757  0.48000308584313861  0.49030726007614955
  0.50129094765531390  0.51230472795724447  0.52278821143741538  0.53296249146068764
  0.54326609717269547  0.55369874001154584  0.56417418851636836  0.57480210106910712
  0.58550427802776495  0.59638421536683495  0.60687757998028391  0.61706098668278553
  0.62679670548355026  0.63693308409417937  0.64782851581711376  0.65951376974779663
  0.67024102380850370  0.68000962020183975  0.69049419871965456  0.70140238423301948
  0.71220439159057725  0.72277786260287258  0.73374040906102123  0.74586089470323447
  0.75793340539055509  0.77009007400763807  0.78177792321200401  0.79327686377686213
  0.80434758123173467  0.81475171697944881  0.82517885496877597  0.83537876989054727
  0.84661876392429769  0.85712313854004862  0.86714953720247745  0.87714238849471038
  0.88791298626760728  0.89910480880268062  0.90950287952475273  0.91812569491467200
  0.92705168653611403  0.93580661729328074  0.94658551596259755  0.95778254581423705
  0.96817361370818289  0.97833376194392629  0.98897409493577548  1.00000000000000000
 -0.00217536203520365  0.00952187345305692  0.01973768860049171  0.03034458121834838
  0.04094793629445352  0.05155612913914100  0.06199714537526491  0.07254699807942223
  0.08299993195808435  0.09225372427844707  0.10111036577186022  0.11013833711737388
  0.11974218045514298  0.13000446152567977  0.14141360796347130  0.15198703843731970
  0.16230120949960308  0.17232969125734920  0.18288221553735481  0.19361281929447263
  0.20460827101582052  0.21626773462592749  0.22751243406392677  0.23780138655908789
  0.24787205146821123  0.25797280121617799  0.26816380753201957  0.27828822856915236
  0.28872518947038250  0.29905335617361056  0.30929305262926432  0.31922131000171250
  0.32903731719040363  0.33877028382155266  0.34879215609380876  0.35906439944900764
  0.37025172736481904  0.38235253341640635  0.39393893803527075  0.40524344039081084
  0.41555174245730075  0.42650667796757324  0.43735324032563005  0.44905062632747811
  0.46012280391895921  0.47039524565538576  0.47965965393128895  0.48936894223099037
  0.49908580770391608  0.50997560217313398  0.52048041141824697  0.53083994984030303
  0.54055233726680318  0.55059727437263040  0.56092550686715881  0.57183425222567308
  0.58231611189695986  0.59253400803379519  0.60268163098675931  0.61284201875444122
  0.62253889197991963  0.63292101340525908  0.64346029713064468  0.65393767842090444
  0.66431332602974535  0.67528021497553914  0.68486138993895451  0.69422806372515822
  0.70349196534134140  0.71339562868702711  0.72420922916427377  0.73497389612730146
  0.74588993922447955  0.75743514998120409  0.76963109697976906  0.78285193320575430
  0.79518410722471333  0.80652776038199714  0.81704009632339969  0.82804832390654992
  0.83789113046626096  0.84764967293626015  0.85788852983530273  0.86859795629042258
  0.87947687703540534  0.89061044521827637  0.90216627173599839  0.91347576212726922
  0.92411787720266625  0.93395926600557377  0.94331384445338928  0.95321558698825060
  0.96400744833302066  0.97634760069740301  0.98827374492891717  1.00000000000000000
 -0.00003208622032234  0.00016995841132721  0.00031970276954833  0.00044138688114253
  0.00056146474037561  0.00062396710007797  0.00068498032086799  0.00075012084932515
  0.00081569105398777  0.00088228904560307  0.00094933021307350  0.00101671857567458
  0.00109057830130960  0.00116575488121720  0.00124208254605107  0.00131847132847994
  0.00139496276100412  0.00147055489482827  0.00154563342164412  0.00162287145383705
  0.00170055910571754  0.00177996402115326  0.00186065655273964  0.00194443466782306
  0.00202679161654727  0.00210826509306346  0.00219164415452404  0.00227546158553065
  0.00236127786260027  0.00244900924515004  0.00254087454899695  0.00263357265679752
  0.00272487657849382  0.00280765195930819  0.00289381810189828  0.00298301910803337
  0.00307870246341219  0.00318813880985502  0.00330301700375345  0.00341214868698179
  0.00351921674755100  0.00361221408037732  0.00371100046904970  0.00381767020160508
  0.00391991180827033  0.00401906923132114  0.00411587379661589  0.00423093219948422
  0.00435242129207643  0.00448240784588692  0.00463987919005001  0.00480823550781958
  0.00498411703275410  0.00516969337501118  0.00533586639823889  0.00549562502357313
  0.00565056592221014  0.00580936201188790  0.00594532714897292  0.00605444711900353
  0.00616582877893085  0.00629162916621487  0.00641742955349889  0.00655177468644398
  0.00668613139564163  0.00705371440504096  0.00742215430107602  0.00770771946804641
  0.00798667525074368  0.00829178453584090  0.00861475737728211  0.00890163954132577
  0.00916082915148012  0.00938262866102194  0.00958614179383434  0.00983281241837693
  0.01007914297638792  0.01035665036080933  0.01073043020275768  0.01101383625041656
  0.01125915170432568  0.01149932064339443  0.01176668750161056  0.01214707991392284
  0.01253373031194165  0.01335488267415839  0.01535341576745728  0.01577315617199013
  0.01734885689937146  0.01800142007441696  0.02168647427755907  0.02717284473950148
  0.02914188414900793  0.03396553627564097  0.24519445733521333  1.00000000000000000
 -0.00253415037114172  0.01022868494392227  0.02267649541052317  0.03589084888994472
  0.04969728476253404  0.06240060674342352  0.07531104644208854  0.08473213946107006
  0.09440535995533191  0.10403575643511741  0.11466822259392209  0.12727897950306916
  0.13999339807939823  0.15330221175401193  0.16621535163474530  0.17956511745119622
  0.19194839157757609  0.20359160566927706  0.21466290088777462  0.22517869151518624
  0.23538145091695720  0.24549008197960670  0.25534846966022917  0.26539708696738290
  0.27495868567835308  0.28424327570882557  0.29332836116342426  0.30306530468909976
  0.31358109164568215  0.32420453125720045  0.33428302582852304  0.34375278447161633
  0.35275113077684184  0.36214656039783544  0.37130665722723932  0.38022965004930726
  0.38903292192998429  0.39805381424013714  0.40777697363088627  0.41747379502802806
  0.42728095361725194  0.43659446254351275  0.44549878538633619  0.45409795840391526
  0.46348275433338526  0.47260857326411065  0.48157144776655630  0.49036507652352707
  0.49942013447531997  0.50878027076151311  0.51857087219761655  0.52774520768751931
  0.53693880106700020  0.54542751402752443  0.55360377199609823  0.56206021585874688
  0.57061171925232479  0.57976698696449314  0.58884291816910039  0.59822560381793233
  0.60723548810713524  0.61680875471669050  0.62619436798784256  0.63592066666120806
  0.64600209583433377  0.65654430894442040  0.66727124136856508  0.67730443628724757
  0.68691977863364528  0.69689876597568101  0.70711304297272037  0.71721782532152123
  0.72681428341130294  0.73684778489710667  0.74751012014901741  0.75874632083807259
  0.76981190064748073  0.78125294452330463  0.79270162699480118  0.80416800664189969
  0.81552502880915112  0.82681470274161439  0.83749670897511230  0.84806057840862969
  0.85934143088563186  0.87141085081056024  0.88405515478548236  0.89662313966354823
  0.90893235472535006  0.92068720848567875  0.93261591545610367  0.94521819386730654
  0.95853326148347062  0.97209368334254009  0.98593596346535761  1.00000000000000000
  0.55940219407602410  0.73724630233961752  0.75094058432340682  0.75539401741438139
  0.75889968056706181  0.76232821080938207  0.76631388957786217  0.76993470315021562
  0.77349860230630751  0.77635924862094052  0.77954568612289610  0.78308176530023588
  0.78682050462139785  0.79068626958675947  0.79430531551265082  0.79761405117431550
  0.80079564993732122  0.80405376709959708  0.80738768565534147  0.81033824383883435
  0.81303452594420478  0.81538557109325871  0.81804334819146085  0.82068458615421935
  0.82343227020414678  0.82626031848817838  0.82902711342365376  0.83192619825687097
  0.83486174361135390  0.83774876275829468  0.84046223208005955  0.84305968152952659
  0.84574625063169195  0.84857388616895291  0.85140258906636357  0.85415193670859635
  0.85680472642066352  0.85941995128306969  0.86204032375879480  0.86463918852974309
  0.86725355949959726  0.86984270856864676  0.87236999901359447  0.87493848351033043
  0.87743688182190294  0.88005638990547552  0.88268984900427316  0.88532469232010380
  0.88794352795440523  0.89052008851137177  0.89308439416939822  0.89563037920871424
  0.89814074995738036  0.90064514027535458  0.90310917972678462  0.90544189398073627
  0.90771273557840437  0.90996558438379926  0.91218395139288100  0.91439636335787022
  0.91654877719263594  0.91876072441824830  0.92110675431011335  0.92356860962576293
  0.92609590595191715  0.92858218781008861  0.93102919869737533  0.93339642694331948
  0.93565952820079878  0.93785585026418494  0.93995437040832064  0.94194147636865999
  0.94387011641570462  0.94574357115976582  0.94755921844328905  0.94941390141280646
  0.95127763793556974  0.95316008580596001  0.95514875657462872  0.95727618504092149
  0.95957474406720922  0.96197627771364447  0.96415556175669426  0.96634028800476957
  0.96859456210661588  0.97089517203826170  0.97327661298302404  0.97578879486180925
  0.97840400894762380  0.98107164666087432  0.98377518756677007  0.98637979270277987
  0.98904333207012640  0.99194123719386906  0.99540458258072706  1.00000000000000000
 -0.01431090244069510  0.10781939481753214  0.13691179716394589  0.15632972609210374
  0.17305630134405897  0.18751136720321362  0.20147313988684604  0.21479803201521080
  0.22802032975686234  0.24002500115602871  0.25155161814093202  0.26200827638286861
  0.27194315663989643  0.28167467497356269  0.29104366486113975  0.30020723016116646
  0.30923729130828670  0.31762795821728884  0.32542989011003776  0.33288121507196433
  0.33995931707505034  0.34665591304468335  0.35317854696137790  0.35975976971970974
  0.36646862029815941  0.37316520796533981  0.37963337932970742  0.38607755051554665
  0.39232292995132573  0.39871708906206282  0.40480479533631925  0.41090718809127319
  0.41721756296670509  0.42350279945750274  0.42972582919291291  0.43601824067547590
  0.44226472657100402  0.44803433444947899  0.45347015037325289  0.45877313304670048
  0.46369149439012386  0.46920753840111057  0.47521718783412975  0.48118890189642838
  0.48722267597498836  0.49330521404590899  0.49955746404561840  0.50603000188049863
  0.51266698751474427  0.51925673130413763  0.52579199321186698  0.53245245868158764
  0.53901762095680850  0.54550821216305456  0.55185983362032287  0.55791833731454987
  0.56393776712358457  0.56948149700964379  0.57483074343583307  0.58014264964825712
  0.58563812891758316  0.59160352720705134  0.59802808336837987  0.60466514400707139
  0.61130281127044828  0.61744951028373485  0.62357285096576631  0.62971348950505168
  0.63595537303370619  0.64225817214298919  0.64857689471141966  0.65489494068492338
  0.66121741841819659  0.66759449992750808  0.67388466621540011  0.67972493677047674
  0.68535938750425351  0.69162098928804383  0.69828181949322599  0.70590980981984508
  0.71422685903582528  0.72280561817753386  0.73148905576320244  0.74045548213479839
  0.75028823250523047  0.76034188714163442  0.76950972016750918  0.77809076768398944
  0.78788926271645043  0.79806078932587388  0.81049548398901028  0.82348143946582164
  0.83799006475126125  0.85560449864169652  0.88329939201083352  1.00000000000000000
   3.9465529569686323E-005  -1.0000000000000000     
 F F F F F F F F F F F F F F F F F F F F F F F F F F F F F F F F F F F F F F F F F F F F F F F F F F F F F F F F F F F F F F F F F F F F F F F F F F F F F F F F F F F F F F F F F F F F F F F F F F F F F F F F F F F F F F F F F F F F F F F F F F F F F F F F F F F F F F F F F F F F F F F F F F F F F F F F F F F F F F F F F F F F F F F F F F F F F F F F F F F F F F F F F F F F F F F F F F F F F F F F F F F F F F F F F F F F F F F F F F F F F F F F F F F F F F F F F F F F F F F F F F F F F F F F F F F F F F F F
  <DiscreteSampler_grid>
  grouped_processes
  1 # 1 for a reference and 2 for a running grid.
  10 # Attribute 'min_bin_probing_points' of the grid.
  1 # Attribute 'grid_mode' of the grid. 1=='default',2=='initialization'
  0.0000000000000000 # Attribute 'small_contrib_threshold' of the grid.
  0.5000000000000000 # Attribute 'damping_power' of the grid.
 # binID   n_entries weight   weight_sqr   abs_weight
    13   10   5.142779254706539E-001   6.572248573904612E-001   5.142779254706539E-001
    16   10   6.581214118597768E-001   1.094103424478283E+000   6.581214118597768E-001
    22   10   4.903740916763176E-001   5.834739126130699E-001   4.903740916763176E-001
    25   10   6.281052055111331E-001   9.488460810579384E-001   6.281052055111331E-001
  </DiscreteSampler_grid>
