 -0.00327200123013825  0.01704401992977220  0.03028779109982888  0.04104139192699028
  0.05147359503802560  0.06177014861943932  0.07315021285272905  0.08460643627483731
  0.09636063836617215  0.10863307207039832  0.12125340353409023  0.13361120087506664
  0.14531620647826426  0.15716588541091669  0.16870506095677162  0.17669354168988358
  0.18518285626346778  0.19376819673674145  0.20209452990771881  0.20973997512105308
  0.21762415335971125  0.22576891645469455  0.23562097984147243  0.24667657413417607
  0.25667464179546062  0.26585428444375409  0.27474758439552738  0.28339138952521381
  0.29377917710643198  0.30523431101569393  0.31651594392488153  0.32750903111612828
  0.33934877824571757  0.35239451892006318  0.36628269709073402  0.37878668226314827
  0.39026319387437436  0.40116313764054007  0.41239698368692579  0.42321969834355977
  0.43370671271310568  0.44432992653919245  0.45418089570285736  0.46439371197418128
  0.47444902621910662  0.48441447769908264  0.49446305926322315  0.50469873672886689
  0.51562937165311951  0.52668983455978324  0.53777763264192158  0.54798183076719786
  0.55756985147620775  0.56704610325765903  0.57728043951859975  0.58845374542313122
  0.60018697482614070  0.61151802379920683  0.62286708212364494  0.63410905535323003
  0.64531614854750274  0.65651708697864208  0.66820475570232263  0.68037102389110138
  0.69236787122015531  0.70411017922731634  0.71583885655577906  0.72655694023530426
  0.73681422340454128  0.74734127853613730  0.75854723158265180  0.76944904989454566
  0.78010338355419817  0.79089236562613674  0.80148773190421840  0.81157771745606777
  0.82127039900354215  0.83118464520158142  0.84172363223648639  0.85219043847067666
  0.86185086137403211  0.87113364838827256  0.88012384404586996  0.88897157289709916
  0.89851008141048083  0.90855528643064731  0.91890900613279158  0.92894599886348650
  0.93842698206336705  0.94810100956012799  0.95835543530610667  0.96841787917058353
  0.97772599078715039  0.98602923662460462  0.99317120494460465  1.00000000000000000
  0.00000142386502002  0.00000147546606205  0.00000153223329176  0.00000159404148767
  0.00000165676625917  0.00000171930256240  0.00000177797252767  0.00000183920603332
  0.00000190522796710  0.00000197494898697  0.00000204799474572  0.00000212509812361
  0.00000221052562640  0.00000231388628046  0.00000240524036036  0.00000249751548328
  0.00000259456161084  0.00000269917274919  0.00000281396281153  0.00000293818849620
  0.00000306635336313  0.00000319006422939  0.00000332045346267  0.00000346289199039
  0.00000361278672859  0.00000375691703596  0.00000388731400388  0.00000401828838879
  0.00000415987132079  0.00000430888859393  0.00000446227584510  0.00000464761954064
  0.00000484686702329  0.00000505251757814  0.00000526858487752  0.00000550042907272
  0.00000574839986330  0.00000600324960014  0.00000627561281846  0.00000656599956414
  0.00000688247492024  0.00000721100672056  0.00000755014454780  0.00000791921049735
  0.00000832931821552  0.00000875427674010  0.00000925757843211  0.00000980800141550
  0.00001037268425142  0.00001099951737380  0.00001167427768165  0.00001234610047319
  0.00001307297534421  0.00001383073390093  0.00001464329505534  0.00001558870626177
  0.00001663779346144  0.00001781345887797  0.00001913856957819  0.00002060923810809
  0.00002217610736949  0.00002364749066117  0.00002510267338606  0.00002667719516209
  0.00002829251419029  0.00002996775324153  0.00003191314897118  0.00003419895583501
  0.00003708147774909  0.00004091916699950  0.00004546728741591  0.00005009879959666
  0.00005546255578872  0.00006140682920073  0.00006853887589274  0.00007642103435423
  0.00008504851821684  0.00009600247209454  0.00011154700207353  0.00012712952881821
  0.00014286180831400  0.00016064316841283  0.00018651030068190  0.00022355388201121
  0.00026749986681707  0.00032069947294832  0.00037986443705645  0.00046416807281079
  0.00065853712870179  0.00097352572532889  0.00124331144295489  0.00170419950137095
  0.00308387691001120  0.01012106696680005  0.95253199071069083  1.00000000000000000
  0.00000155246251734  0.00000174002481579  0.00000185351727616  0.00000194302182868
  0.00000203162723000  0.00000213129395327  0.00000224781034020  0.00000239264830618
  0.00000256180016058  0.00000276437207367  0.00000296907362862  0.00000318493804121
  0.00000340788708862  0.00000364815650087  0.00000390160307249  0.00000415754905132
  0.00000442854248856  0.00000469906624144  0.00000498559144815  0.00000528277385004
  0.00000559127121137  0.00000588569038231  0.00000619045778644  0.00000653210961363
  0.00000690294958348  0.00000729053575347  0.00000770801386812  0.00000816084089508
  0.00000862496356826  0.00000915529701463  0.00000968081924181  0.00001022202136917
  0.00001078457855626  0.00001139116406873  0.00001205307688982  0.00001274705952762
  0.00001345840181519  0.00001420440341298  0.00001497165683352  0.00001578396191404
  0.00001666812913490  0.00001763505583028  0.00001863321259179  0.00001963356279298
  0.00002082674784659  0.00002197026485562  0.00002343677772734  0.00002490426245074
  0.00002646390964950  0.00002816243040501  0.00002990611522009  0.00003166799006382
  0.00003337619240402  0.00003527721603654  0.00003747686735619  0.00003969105741162
  0.00004192462982355  0.00004447118724429  0.00004730329306277  0.00005041936780951
  0.00005428383132124  0.00005895858900133  0.00006450051889354  0.00007028159556591
  0.00007536427131666  0.00008085156350745  0.00008703072780543  0.00009443341087484
  0.00010313242788208  0.00011304906488416  0.00012360847829727  0.00013747822062360
  0.00015187276227115  0.00016625516918776  0.00018097593001235  0.00019791380685149
  0.00021946234313251  0.00024979417467209  0.00029539827333922  0.00034945378089335
  0.00041139419356815  0.00048319569453105  0.00056244581391379  0.00064398808826332
  0.00073432750897937  0.00084987669524963  0.00106040241464952  0.00139774113323103
  0.00184008736137693  0.00231960448014864  0.00272616160677130  0.00325831064403014
  0.00416923352563444  0.00579093275643726  0.03030916944279865  1.00000000000000000
  0.00000174720213211  0.00000502902238419  0.00000621246854431  0.00000731077662687
  0.00000841174911858  0.00000962254989445  0.00001098262544059  0.00001247138041034
  0.00001416741719057  0.00001603326284596  0.00001816308587681  0.00002063964614613
  0.00002336775698835  0.00002651679708146  0.00003027237117751  0.00003502520068505
  0.00004054577977587  0.00004668065102529  0.00005361538156789  0.00006114862156391
  0.00006981902284384  0.00007887538541274  0.00008846920924796  0.00009974468813099
  0.00011165813968519  0.00012394148366556  0.00013712362190058  0.00015081096412010
  0.00016512168072427  0.00017992736289559  0.00019479320759427  0.00021032695831106
  0.00022696788779810  0.00024495665770895  0.00026560001880351  0.00028726173357269
  0.00031042062325234  0.00033512425326542  0.00036100254134982  0.00038874844002091
  0.00041854286923001  0.00044984228131685  0.00048334861117045  0.00052082244701145
  0.00055951038235765  0.00059888455387354  0.00063910214829969  0.00068093699709111
  0.00072747085093903  0.00077807995923564  0.00083138423446557  0.00088386370315153
  0.00093578077243164  0.00098817409827577  0.00103639386598430  0.00107925245186865
  0.00112398324158488  0.00117138065553204  0.00122126100983481  0.00128331274205949
  0.00135571398450751  0.00145069212786525  0.00156825669149262  0.00169922550132247
  0.00184375871508805  0.00198507928038000  0.00210797131287009  0.00222338804204368
  0.00233790297388593  0.00245364993927446  0.00256629054329987  0.00267641854821196
  0.00281258881450629  0.00296162049953999  0.00312780511612075  0.00343717127394152
  0.00376877269659356  0.00421537854532316  0.00480497120273573  0.00524414369116088
  0.00554760903699945  0.00568991557912526  0.00579194214735370  0.00590445247214964
  0.00616241621003671  0.00655675026091384  0.00678431259903850  0.00695326083944814
  0.00734378904702971  0.00765193018704095  0.00774991145682634  0.00784644731016333
  0.00795617660546013  0.00831424672011637  0.03111332888146169  1.00000000000000000
 -0.00200062648801371  0.00860915213972228  0.01768023194992880  0.02745161692833049
  0.03792947320609114  0.04796808189999608  0.05746975181486850  0.06760918378520131
  0.07959410961143415  0.09167908924115341  0.10229222605608877  0.11228437567754858
  0.12267617741618071  0.13381385149353503  0.14522090237987967  0.15620343600557923
  0.16717322279733743  0.17883950555313902  0.19088752000987269  0.20200280759773617
  0.21265355808588271  0.22324712103466257  0.23444417973823861  0.24567855067369970
  0.25552142164344915  0.26437313080873354  0.27311155619129990  0.28139835564182625
  0.28956914948890444  0.29730578240519556  0.30502565725903336  0.31328545232211447
  0.32416822072553708  0.33645745267338845  0.34850920141619313  0.35998314620535710
  0.37123605526246106  0.38287592597404008  0.39470914049171513  0.40571646823652208
  0.41602728519057169  0.42602980601460033  0.43594800163701453  0.44745809973345912
  0.46000472938900128  0.47345573971088439  0.48701790739079598  0.50054648128093948
  0.51237091357473419  0.52279760125421171  0.53352325621562779  0.54445835528929210
  0.55600995167513378  0.56813166667269521  0.58125466339369192  0.59311744902844066
  0.60400064742264026  0.61378986187806250  0.62413950377365068  0.63527277138420046
  0.64544787307086171  0.65555418524120146  0.66594331754090752  0.67856526399405936
  0.69181184258849537  0.70408982730365688  0.71515209343332820  0.72523005476688940
  0.73479056006495569  0.74408586403126620  0.75347082731109771  0.76346648107077741
  0.77406639753973894  0.78507123794611300  0.79564381010139662  0.80563144410402043
  0.81616654584455317  0.82670350456987363  0.83771526324091361  0.84788667777739102
  0.85709929027189335  0.86585668540408378  0.87481360278711295  0.88397357956681832
  0.89350519149630636  0.90347171227219292  0.91368179819603301  0.92361419235614017
  0.93312761054103899  0.94325468541889879  0.95430805132382646  0.96385613615674970
  0.97265199451389117  0.98160576864009130  0.99037313365259150  1.00000000000000000
 -0.00225558497427452  0.01139239657698353  0.02210809514886775  0.03246160075546168
  0.04328789956320057  0.05558893922265181  0.06690428891100972  0.07659340607784534
  0.08654428481973116  0.09682152443874527  0.10689413902501643  0.11602183728398401
  0.12532452564945648  0.13573080035627735  0.14771925421292900  0.16031624965660932
  0.17244967136421380  0.18405530382731902  0.19542330663171348  0.20650503059733649
  0.21822202471034932  0.22993879425083039  0.24080688744022977  0.25136874769377970
  0.26162727289593335  0.27168396472469830  0.28160790916997791  0.29104657466361333
  0.30072577599864403  0.31037596110827481  0.32195015949536654  0.33378280844818714
  0.34579036217392228  0.35751703815899377  0.36905216920428913  0.38105697449951192
  0.39244912303845836  0.40266679635968533  0.41266983540339874  0.42299759579999885
  0.43431072989552227  0.44626043897904732  0.45632514971173871  0.46534945506851100
  0.47418370745355792  0.48448802141046771  0.49754935070585843  0.51118087304164805
  0.52415536507685945  0.53658718070799327  0.54713121535108711  0.55725197180155561
  0.56663149108101885  0.57551002136376594  0.58418586925545668  0.59262313720992543
  0.60215879892789159  0.61202871933026104  0.62109067670857065  0.63005298351119354
  0.63890055693534031  0.64976096451321952  0.66206719123367885  0.67390949870986439
  0.68504896189877373  0.69519705306550394  0.70456026908530500  0.71416767956508098
  0.72429325016795798  0.73485183589000891  0.74555400293858887  0.75590178217614767
  0.76661973958639762  0.77785783418086718  0.78983741991015621  0.80226934771789249
  0.81395035242119440  0.82574512523663768  0.83756572122072381  0.85012517413951838
  0.86330797308486684  0.87527266982508778  0.88688958137208485  0.89844141090111018
  0.90928323145755907  0.91966395844362336  0.93006326253746430  0.93927447418130749
  0.94749121893032950  0.95582661266955693  0.96441511650213130  0.97364052164392778
  0.98084944303592447  0.98662986861734370  0.99270265456503259  1.00000000000000000
 -0.00203508739666101  0.00743164878013535  0.01592195419558454  0.02427766981695823
  0.03234178183218726  0.04037893289680521  0.04812528932338270  0.05566615670068636
  0.06350877782645611  0.07133468810935599  0.07993885353995747  0.08881865135491890
  0.09801091819132877  0.10746053342778143  0.11685985504707792  0.12626124937370142
  0.13572003510387134  0.14523435134847978  0.15486139486851913  0.16455328632995797
  0.17353566054837521  0.18288030643225095  0.19267175647613149  0.20267458881302799
  0.21305375326060597  0.22420230725856119  0.23554926547263852  0.24604875115844341
  0.25692827342150237  0.26848813171910046  0.27913068429618809  0.28949426950444279
  0.30036629014760907  0.31205102994635658  0.32480414318882789  0.33831376718840056
  0.35173181807445586  0.36316375489779407  0.37392388101693963  0.38548217754244518
  0.39752334078140361  0.40902471997838546  0.42130287670821720  0.43482036207263292
  0.44980626466053342  0.46457333725303301  0.47888214816559371  0.49296230222692256
  0.50628529718185133  0.52025887586383146  0.53475630186891698  0.54995377903726372
  0.56513105093837201  0.57934941204246937  0.59272970059255548  0.60632944507339170
  0.62042031056277414  0.63498792892712963  0.64918293392641391  0.66398676543448909
  0.67818220512911698  0.69158036960789226  0.70411542138624839  0.71635894031485181
  0.72798207832702366  0.73926092434199708  0.74890567126748642  0.75648318256801983
  0.76263787813723871  0.76870396339158020  0.77507595779696159  0.78197684153486158
  0.78863199817638430  0.79526108888387648  0.80198126793147095  0.80837497534428704
  0.81753936491814294  0.82872982323098798  0.83860866762916375  0.84739315977820273
  0.85638795117138844  0.86695060508136712  0.87750021821716051  0.88757464076534542
  0.89715488177478053  0.90692831210222291  0.91716056834816773  0.92700503956558022
  0.93686405981100962  0.94679823455432521  0.95693073825891040  0.96721500347938971
  0.97660347564437811  0.98497463267635232  0.99269111154541023  1.00000000000000000
 -0.00298972327752920  0.01256373186670286  0.02461587752559861  0.03513755869582572
  0.04577387579046800  0.05599384506287065  0.06675293265575351  0.07734739368476917
  0.08918618649862503  0.10119685285698297  0.11243364217195768  0.12256096065870808
  0.13232845303015850  0.14196738914166071  0.15242987042245248  0.16232349960618173
  0.17277762276138683  0.18362228131520950  0.19472342122361508  0.20611840372485973
  0.21810689739268838  0.22921637528842440  0.23981835642627011  0.24941093534648315
  0.25964379270618948  0.27024620974056673  0.28010960184756839  0.29059452256904877
  0.30071878037910715  0.31103907196920849  0.32103859624281511  0.33145168712982997
  0.34232076397315836  0.35440812130224369  0.36519832045308015  0.37496437678352129
  0.38364689066083912  0.39260838021118494  0.40292003244754410  0.41432011745918113
  0.42573708247964165  0.43682678540788500  0.44777257331717774  0.45876540125642062
  0.46915615291402701  0.47877342502923453  0.48614487544380786  0.49302057235522900
  0.50085679524876126  0.50928814579652615  0.51824460950180629  0.52733381681907010
  0.53634881143147484  0.54461249058199512  0.55454765086766278  0.56400941423103590
  0.57366474052635930  0.58412269165918995  0.59596771016597638  0.60740313889928044
  0.61810059811923690  0.62861985030447720  0.63932934931278751  0.65063391242529545
  0.66178241481815503  0.67251078664990716  0.68339976037902361  0.69456750379532195
  0.70452152989276406  0.71453506825237589  0.72405897524500817  0.73398100602817784
  0.74468137446118010  0.75545882504562134  0.76617990661065627  0.77740006910910353
  0.78822709181412232  0.79929765166874711  0.81043625921834173  0.82245366473807280
  0.83450590258506108  0.84646999438313753  0.85821926522194580  0.86962483180776962
  0.88135506948168418  0.89274200254644565  0.90351076053883628  0.91440326518990889
  0.92630442991521733  0.93789611995105082  0.94829039815772231  0.95809902826359916
  0.96841835857595193  0.97902317574160247  0.98958838495412604  1.00000000000000000
 -0.00250354963337300  0.01096841983537230  0.02143051299457182  0.03196798347417731
  0.04263726164453294  0.05352612486872422  0.06436790876629772  0.07617246047501638
  0.08851827378494859  0.10152525244584137  0.11402189072279131  0.12574013166430550
  0.13795761683516683  0.15031027254642820  0.16315912924651318  0.17582782257863880
  0.18774923662533119  0.19865005127378796  0.20927491281717378  0.22059501436559692
  0.23012410643402070  0.23971746644384576  0.24918559345020397  0.26015671305415566
  0.27151650088786383  0.28166729853535338  0.29132204464936495  0.30086992446233574
  0.31158493730566317  0.32233939789390914  0.33339333963140144  0.34495522646496901
  0.35650915238522973  0.36685323444774942  0.37652130790072647  0.38642983454934771
  0.39644866007428592  0.40669297555255335  0.41697806030875040  0.42696200183234917
  0.43846030226570260  0.44960924440195482  0.46051754152024432  0.47202734282753783
  0.48422202174046308  0.49567520172407320  0.50492172094980969  0.51155307808011075
  0.51775100240453753  0.52450136680594128  0.53257758484359174  0.54033338387778551
  0.54799803263890545  0.55572177039121784  0.56565639563707015  0.57757653421432220
  0.58794239004353699  0.59666610130887565  0.60525386288378413  0.61458337314613121
  0.62533777761437492  0.63726482679248120  0.64966618993101577  0.66240302413050511
  0.67455956538405870  0.68644464853588905  0.69723549523684492  0.70782577135577629
  0.71797881147912379  0.72747535817249498  0.73685822723051198  0.74648453400609438
  0.75748964058409174  0.76879080579753689  0.77890365620253821  0.78891094457052990
  0.79810396791953386  0.80816836455393626  0.81874059133045674  0.82959342657417079
  0.83988361514954080  0.84952964076437765  0.85894113235629743  0.86828405303139156
  0.87760946166599230  0.88672437138366367  0.89590749176901308  0.90609245540757377
  0.91727915281780781  0.92870729221987880  0.93976455261193470  0.95074654235371570
  0.96197400067634364  0.97463200651205273  0.98722761257912495  1.00000000000000000
 -0.00003726837338362  0.00036391613206385  0.00060881487489174  0.00078640559838958
  0.00092092412366323  0.00105170226323246  0.00117890684169986  0.00129608580443322
  0.00141270158205942  0.00152995860887017  0.00164563168415733  0.00176031004184556
  0.00188452739356095  0.00200570179028712  0.00212089091203491  0.00224006982342854
  0.00236191655128020  0.00248258493952526  0.00260275519844071  0.00272187080025039
  0.00282999087877962  0.00293551308946337  0.00304035758844904  0.00313823088183597
  0.00322982241554554  0.00332977596760890  0.00343271755291516  0.00353726558655787
  0.00364432857999970  0.00375078968807520  0.00385129324464222  0.00394105058785580
  0.00403611374186671  0.00413306167230517  0.00422920952096095  0.00434885128903090
  0.00448360515263908  0.00461937779964318  0.00475189514642673  0.00488520323151802
  0.00499185694577770  0.00511335488683417  0.00525578152312071  0.00539905892103238
  0.00554790509936227  0.00572135785910709  0.00590680507657325  0.00609252296323251
  0.00628270384789502  0.00648526566855372  0.00670441995581200  0.00687948642709997
  0.00705245945724276  0.00722321587296369  0.00733621644541533  0.00744163236617510
  0.00754819218774432  0.00765758441324886  0.00776697663875339  0.00787888638732399
  0.00799171582958073  0.00811801321263597  0.00828972933646809  0.00849204735168486
  0.00869346227763550  0.00889003075003545  0.00908627827014710  0.00927424504357373
  0.00945274812132195  0.00963573017956523  0.00985568020351366  0.01008684440152159
  0.01058331476809524  0.01124482321405209  0.01189211495675634  0.01249458737405772
  0.01281995404079820  0.01302452446979962  0.01322916393138470  0.01343968809681182
  0.01366222048247802  0.01396307822145578  0.01417847286113907  0.01432983177581773
  0.01448376050213589  0.01465277737285182  0.01634172777246026  0.01705949472172156
  0.01764409511395554  0.01834151841229261  0.01983664052905417  0.02275103361808760
  0.02499201598817621  0.03315684404172317  0.96743608569053263  1.00000000000000000
 -0.00231715774527245  0.01111451494211808  0.02020743816351684  0.03016447661609139
  0.04073853202819538  0.05079165507156033  0.06095659142287987  0.07041969500252988
  0.08039114017353780  0.09199750105482292  0.10351885507829890  0.11491279037355615
  0.12630467329414577  0.13764610044398407  0.14790874112672456  0.15777275563464349
  0.16778996302588620  0.17786451582914400  0.18858315011863785  0.19801120569199318
  0.20643751800639143  0.21476116130925224  0.22426183368981292  0.23616600750177688
  0.24898811975820101  0.26023702736774701  0.27057914783566367  0.28081631791446626
  0.29113015619771249  0.30151355657138984  0.31254012355708566  0.32476639346791336
  0.33712110651345428  0.34943931848478305  0.36192999108546953  0.37419447003360012
  0.38607842577947243  0.39671899570908437  0.40490045348594894  0.41334554329048845
  0.42250555202014872  0.43105906340775807  0.43923392574004827  0.44737517047247038
  0.45518895189232200  0.46318738863705539  0.47232510875010442  0.48211655022077399
  0.49274425463614813  0.50389313965656302  0.51524306976237200  0.52651985685311986
  0.53730031827990721  0.54746607595180874  0.55774309866189353  0.56842764577426963
  0.57944751083205071  0.59125178373234477  0.60278944394616740  0.61385303750917397
  0.62489464973573616  0.63558088625367104  0.64675828857373252  0.65762916783560788
  0.66827675219373661  0.67970905026592987  0.69144686537217592  0.70410990616281788
  0.71541377412048834  0.72630011531529670  0.73720606855442194  0.74822476580142649
  0.75954786235672378  0.77148355456104500  0.78325232405726264  0.79474062325304162
  0.80646621792584450  0.81746044610064839  0.82920811235167124  0.83992190046623361
  0.85024326956355301  0.86022060692180535  0.86919357082824089  0.87758528028041960
  0.88596344644149683  0.89565690053329028  0.90594956153621320  0.91627516382007612
  0.92610116298563983  0.93685891539122546  0.94953297601593789  0.96225781631698459
  0.97260583065078454  0.98216372670667951  0.99073375614929071  1.00000000000000000
  0.72530485062780370  0.74361833087548113  0.75114712380190196  0.75715218892874014
  0.76227003902894486  0.76878537902368660  0.77491640295347675  0.78002952796067448
  0.78527438909520764  0.79115392342802404  0.79656060815143059  0.80041617280479327
  0.80394463217578493  0.80755286938572646  0.81160768788674498  0.81562956892058536
  0.81923841085016536  0.82265966806228275  0.82623230436991557  0.82999670066130904
  0.83362573008220830  0.83712031946790266  0.84042521812703741  0.84397133875231456
  0.84747276160137264  0.85062231374240782  0.85358084455765237  0.85664341785281872
  0.85974692226624372  0.86295520624220068  0.86622358770058572  0.86947625552487395
  0.87252842668667130  0.87557800092795390  0.87856576322945856  0.88155145711507255
  0.88442275628073708  0.88711123203490083  0.88972041692637738  0.89233403707403802
  0.89490987759607499  0.89736085671863841  0.89975727464564348  0.90228949721238350
  0.90488200491207482  0.90750404314911026  0.91006059589749033  0.91260853234579475
  0.91499474634391742  0.91740686020787665  0.91960583605028756  0.92185006954907578
  0.92389646398323100  0.92587856640398192  0.92782781100992118  0.92979813057949967
  0.93184779243326110  0.93395076546216027  0.93611376550937730  0.93834852933519119
  0.94055582274220650  0.94275880911184184  0.94483214432809937  0.94664648584752775
  0.94835641967899054  0.95005791189056643  0.95175619457528216  0.95356829848490465
  0.95546724793116611  0.95732683776608030  0.95909241600523620  0.96081124174545496
  0.96243574422994638  0.96394256490128372  0.96540990198191334  0.96681658750314758
  0.96836828350886905  0.97002495050635884  0.97172417863129501  0.97337465688273717
  0.97492527827386088  0.97641193378073532  0.97787463647129380  0.97938850769547292
  0.98095062010817780  0.98263983592575488  0.98431445237059711  0.98595014759119626
  0.98752048688019134  0.98901699168409840  0.99049783374093114  0.99199844300984485
  0.99372242280103129  0.99548262138326493  0.99761732436694106  1.00000000000000000
 -0.01912563707538207  0.13690321136811007  0.18879744441353730  0.22193590884712402
  0.24595684961259118  0.26527082255461154  0.28324619564655207  0.30113776568003520
  0.31803193325312301  0.33194258065796861  0.34536116608158252  0.35826473602649817
  0.37190414753195278  0.38448803845130303  0.39677391536950429  0.40828094274739574
  0.41937453563868043  0.42944949668094962  0.43912631497398263  0.44897646568922767
  0.45950315505573097  0.46993275330669743  0.47933318096052036  0.48708035312701570
  0.49472402509727009  0.50309227489544095  0.51146970498291278  0.51908876034678963
  0.52655311537452665  0.53421826493548019  0.54231824947017604  0.55072305444279435
  0.55880439806755022  0.56657609271922149  0.57450909053945398  0.58237140857450309
  0.59017465360143329  0.59783269002391393  0.60482387342904076  0.61149778291922019
  0.61790334135665925  0.62475519442504124  0.63130258962241037  0.63800837377717601
  0.64463581376953716  0.65126155833120825  0.65744801217083193  0.66328790664661608
  0.66909670793677900  0.67505851708694364  0.68170092483040090  0.68800287198146193
  0.69445961531811851  0.70072618067450043  0.70696993699549249  0.71333761150260910
  0.71964339133555932  0.72590647286853471  0.73128537997677490  0.73654192279989406
  0.74194077105627998  0.74742406496094882  0.75308092288276929  0.75888680836072686
  0.76419609035916503  0.76929054189458934  0.77366058346269040  0.77794232579975153
  0.78285903756945829  0.78869815121632181  0.79551711374645651  0.80289159501960705
  0.80997018192729731  0.81585671448396024  0.82090032972431726  0.82585021607097886
  0.83006839170399138  0.83384706122762631  0.83780100739585861  0.84277062680080705
  0.84865783010405083  0.85400362956692422  0.85801233708597602  0.86152141287034012
  0.86407117045338888  0.86702303687626769  0.87034687189028692  0.87416657627917094
  0.88238246190617120  0.88800834083129898  0.89347285451517100  0.90013843204389621
  0.90789751152711207  0.93321541386921203  0.96665566840583894  1.00000000000000000
   1.2047733320896841E-005  -1.0000000000000000     
 F F F F F F F F F F F F F F F F F F F F F F F F F F F F F F F F F F F F F F F F F F F F F F F F F F F F F F F F F F F F F F F F F F F F F F F F F F F F F F F F F F F F F F F F F F F F F F F F F F F F F F F F F F F F F F F F F F F F F F F F F F F F F F F F F F F F F F F F F F F F F F F F F F F F F F F F F F F F F F F F F F F F F F F F F F F F F F F F F F F F F F F F F F F F F F F F F F F F F F F F F F F F F F F F F F F F F F F F F F F F F F F F F F F F F F F F F F F F F F F F F F F F F F F F F F F F F F F F
  <DiscreteSampler_grid>
  grouped_processes
  1 # 1 for a reference and 2 for a running grid.
  10 # Attribute 'min_bin_probing_points' of the grid.
  1 # Attribute 'grid_mode' of the grid. 1=='default',2=='initialization'
  0.0000000000000000 # Attribute 'small_contrib_threshold' of the grid.
  0.5000000000000000 # Attribute 'damping_power' of the grid.
 # binID   n_entries weight   weight_sqr   abs_weight
    13   10   1.307326620925329E+001   1.101742684934758E+003   1.307326620925329E+001
    14   10   1.307326620925330E+001   1.101742684934761E+003   1.307326620925330E+001
    16   10   1.695216572615975E+001   1.865205021656581E+003   1.695216572615975E+001
    17   10   1.695216572615976E+001   1.865205021656583E+003   1.695216572615976E+001
    22   10   1.307326620925329E+001   1.101742684934759E+003   1.307326620925329E+001
    23   10   1.307326620925330E+001   1.101742684934761E+003   1.307326620925330E+001
    25   10   1.695216572615974E+001   1.865205021656579E+003   1.695216572615974E+001
    26   10   1.695216572615976E+001   1.865205021656583E+003   1.695216572615976E+001
    31   10   1.307326620925329E+001   1.101742684934759E+003   1.307326620925329E+001
    32   10   1.307326620925330E+001   1.101742684934761E+003   1.307326620925330E+001
    34   10   1.695216572615974E+001   1.865205021656579E+003   1.695216572615974E+001
    35   10   1.695216572615975E+001   1.865205021656583E+003   1.695216572615975E+001
  </DiscreteSampler_grid>
