 -0.00295563365325688  0.01546694496377478  0.02945647355745505  0.04335538681746037
  0.05688774599980077  0.06935103464506484  0.08095134054271808  0.09272864835983255
  0.10451394380135254  0.11586561460417943  0.12669856510299296  0.13787341370170500
  0.14922581543379140  0.16129654427930987  0.17341582758285901  0.18434698472851860
  0.19448985967262061  0.20447505233186913  0.21476355283032672  0.22631921212937806
  0.23711977528493910  0.24731714524843310  0.25698764819103581  0.26655925693671706
  0.27596486700386968  0.28532463480640258  0.29556678411222120  0.30606532933770914
  0.31602945080881906  0.32549403211363276  0.33459921467687154  0.34380048821808967
  0.35366528220876092  0.36441052931003659  0.37519395338653344  0.38577209538534429
  0.39556949322925877  0.40534542721316691  0.41474256125939246  0.42566136911711494
  0.43743091836981030  0.44850487387841220  0.45922591829329368  0.46932076395607986
  0.47967321807471003  0.48959727103419121  0.49982235629266558  0.51016822784435478
  0.52088216846208357  0.53121678470329503  0.54162122336705776  0.55238407322421912
  0.56327357557085400  0.57422149219258689  0.58488447147822331  0.59609791405823775
  0.60759896189387252  0.61899526239660119  0.62948153774121229  0.63984354196547377
  0.65056147248953033  0.66219206858225721  0.67413896897677106  0.68586586412669504
  0.69726185420738429  0.70911451681472737  0.72098803379958232  0.73175259469883869
  0.74056562963608175  0.74941298172214788  0.75819147070779069  0.76849540652881965
  0.77905962162860465  0.78920557680067560  0.79996652047503480  0.81124747804830788
  0.82261689648037128  0.83380724086615010  0.84370465571048581  0.85372865825818500
  0.86341439484701221  0.87350144937967034  0.88449426125087360  0.89528533782475017
  0.90601502457275318  0.91620538067120560  0.92631149973932314  0.93665332465950946
  0.94644619225311699  0.95577960808130569  0.96466034052488792  0.97308994751800493
  0.98104144614176003  0.98770080288633377  0.99395931920755942  1.00000000000000000
  0.00000152789599827  0.00000159816355270  0.00000165334454425  0.00000170720626465
  0.00000176259562672  0.00000181970381419  0.00000187592662000  0.00000193253824849
  0.00000198465755462  0.00000203646821518  0.00000208674796828  0.00000214079967444
  0.00000220079888060  0.00000226606211697  0.00000233677814205  0.00000240544521124
  0.00000247333433828  0.00000254466353219  0.00000261748450442  0.00000269031345498
  0.00000276456386706  0.00000284039925139  0.00000292342178037  0.00000302251102919
  0.00000311847369889  0.00000321184178822  0.00000330089359254  0.00000339736198298
  0.00000350521161960  0.00000362767335969  0.00000375699033139  0.00000388987304201
  0.00000402748347312  0.00000416566398612  0.00000430447580377  0.00000443412654228
  0.00000456969583809  0.00000470904168140  0.00000485800474794  0.00000501835428943
  0.00000518704139063  0.00000536347673183  0.00000554219419346  0.00000574091118445
  0.00000594317241640  0.00000614835994928  0.00000636516338182  0.00000659930696558
  0.00000686060337797  0.00000714601256127  0.00000744908312457  0.00000777517415129
  0.00000811918108226  0.00000846953162342  0.00000884190101258  0.00000930318096719
  0.00000978335031799  0.00001028876228015  0.00001083437652956  0.00001139702745308
  0.00001199564179043  0.00001270065709151  0.00001353940821358  0.00001444362481504
  0.00001549039340113  0.00001663013226727  0.00001790286656850  0.00001930438823664
  0.00002079577571425  0.00002240290368090  0.00002421563410330  0.00002608258302829
  0.00002824921004502  0.00003062725869165  0.00003377716448625  0.00003722096435097
  0.00004101451097950  0.00004540608520005  0.00005052159278992  0.00005666024133368
  0.00006419133758282  0.00007300027020721  0.00008355249848805  0.00009631606987269
  0.00011469806397384  0.00013935517593904  0.00017298059730493  0.00021643649815931
  0.00027536013803949  0.00038019410494655  0.00057858924776284  0.00095911942006262
  0.00170386294235064  0.00453856559886506  0.46026174215006044  1.00000000000000000
  0.00000181979567858  0.00000185192289419  0.00000189873952862  0.00000194686326911
  0.00000199406207824  0.00000204531897694  0.00000211128809435  0.00000220962355790
  0.00000230078311772  0.00000238124807554  0.00000246712198702  0.00000256489931872
  0.00000268154544765  0.00000281177994001  0.00000295029911985  0.00000309576247053
  0.00000324262256715  0.00000341347041000  0.00000360901511453  0.00000381508041972
  0.00000402969504008  0.00000425037744742  0.00000448439346821  0.00000473232438580
  0.00000500482586358  0.00000529605546297  0.00000559598474367  0.00000591296051731
  0.00000623661934435  0.00000658883523953  0.00000698092735767  0.00000737242797525
  0.00000778279172984  0.00000819949646148  0.00000862470483419  0.00000905382131283
  0.00000952765654268  0.00001000767823666  0.00001059288261147  0.00001118158932069
  0.00001178800135013  0.00001244116073201  0.00001314158563799  0.00001389603590385
  0.00001475605579034  0.00001571376510022  0.00001673474085551  0.00001783168151756
  0.00001896202786843  0.00002017573161010  0.00002144526866850  0.00002277397606954
  0.00002410973381575  0.00002547590731674  0.00002701452966701  0.00002880774191543
  0.00003079545881418  0.00003305801778860  0.00003564273008209  0.00003859735310948
  0.00004178638597219  0.00004510532026390  0.00004854899801491  0.00005224469647200
  0.00005638619382829  0.00006106928931823  0.00006630880741721  0.00007206478731523
  0.00007840488392162  0.00008540098640005  0.00009319759492099  0.00010201606736929
  0.00011244358694417  0.00012476675263651  0.00013884302287485  0.00015595868445149
  0.00017854462826172  0.00020353585827265  0.00023242091978645  0.00026114799140113
  0.00029299125910523  0.00032794772318357  0.00036875837031320  0.00041384648388861
  0.00047399090459734  0.00054936595606174  0.00064705159023320  0.00079658040481286
  0.00102861352479552  0.00131610542174728  0.00169320915901623  0.00217191392985195
  0.00279713929773237  0.00394197129838046  0.02165418558575758  1.00000000000000000
  0.00000223020953398  0.00000330791338064  0.00000370900667740  0.00000420524261107
  0.00000467146554234  0.00000513792956144  0.00000560254195024  0.00000611100468532
  0.00000673477076107  0.00000739906038218  0.00000821622917441  0.00000910721768916
  0.00000998170759294  0.00001081041944606  0.00001168893369817  0.00001264663085261
  0.00001360084205952  0.00001455088407511  0.00001556220230433  0.00001664874604337
  0.00001784338811255  0.00001914636341362  0.00002049052120903  0.00002187456823412
  0.00002340761429556  0.00002510536424836  0.00002696238359579  0.00002904727765935
  0.00003127220151356  0.00003401303429063  0.00003684756289630  0.00004006922804091
  0.00004338539399711  0.00004702089923566  0.00005098206556688  0.00005544885225899
  0.00006034460734856  0.00006542637863693  0.00007062798569258  0.00007620237994120
  0.00008271586982750  0.00009044791804164  0.00009949823607572  0.00010969546258394
  0.00012027659091014  0.00013124025950079  0.00014280259584024  0.00015661828982514
  0.00017100273161438  0.00018594543397694  0.00020292622709617  0.00022094455277007
  0.00024059076274790  0.00026286141118613  0.00028741033386529  0.00031386609749132
  0.00033955389218054  0.00036663704782680  0.00039647975220699  0.00042986342512583
  0.00046682772156256  0.00050600792723340  0.00054657351686813  0.00058649417107500
  0.00063012510696006  0.00067940047152268  0.00073284419309588  0.00078923278451530
  0.00084380398123767  0.00089796504242063  0.00095078279821187  0.00101247657695577
  0.00108591859077415  0.00116323750387345  0.00122802851723629  0.00129026044966039
  0.00135618324976943  0.00143726260668437  0.00151228683488059  0.00159914136690074
  0.00168641625400742  0.00177003315415154  0.00190390951355980  0.00203776614587777
  0.00217356848243755  0.00232530655588994  0.00252260436036449  0.00268784265161065
  0.00285204700794193  0.00302474572019239  0.00322705544360376  0.00348025283205279
  0.00390199659284197  0.00499265282400706  0.01062360700139610  1.00000000000000000
 -0.00116239632480160  0.01072583977470922  0.02142356005500732  0.03119680980884100
  0.04098587582037803  0.05085951282392404  0.06084182061037197  0.07041966564535920
  0.07992597198081210  0.08928513630849906  0.09891635734149726  0.10864607872878783
  0.11926991859524173  0.13019885229545988  0.14188548703786244  0.15234252518722380
  0.16301643216081832  0.17324144777609002  0.18363175181389449  0.19476965623823517
  0.20709345376075450  0.22035124888519694  0.23297518308305074  0.24406116689883484
  0.25437957296505576  0.26435635606872676  0.27435185393636463  0.28469173244802981
  0.29592530926127031  0.30740307487461122  0.31845334885653620  0.32945260655736852
  0.34105970655882006  0.35302316176071907  0.36530772754377239  0.37676372015765192
  0.38801532910061159  0.39947849382740380  0.41261812679647025  0.42621386049680859
  0.43960323129410689  0.45211238003276560  0.46435565664041034  0.47671453234216554
  0.48830161026154378  0.49925083354136734  0.51075387095953739  0.52277538294583481
  0.53459641643300171  0.54616654069119253  0.55717446119820191  0.56775793669873709
  0.57824195449326088  0.58901490368315168  0.60021920507670445  0.61216726940632660
  0.62439728613001866  0.63667451909517903  0.64838575764433182  0.65915317219505576
  0.67014386008535998  0.68077216612860325  0.69070976833204800  0.69976307628068768
  0.70860113184240214  0.71785583550159759  0.72732251157818539  0.73627570482124782
  0.74504640791514121  0.75419255459980838  0.76393771597663784  0.77380506520712145
  0.78375348655500943  0.79356938830979895  0.80388467679215747  0.81417182338410388
  0.82429779857986640  0.83449960431524262  0.84398854314174621  0.85325533110202545
  0.86252121752857858  0.87193828833664344  0.88160004208623743  0.89126534804656699
  0.90122823588263834  0.91148286870082063  0.92164376852303764  0.93181910907042187
  0.94212314786162321  0.95260627209505344  0.96196922857192657  0.97034534014682750
  0.97792566197401143  0.98520720998736422  0.99263257503486779  1.00000000000000000
 -0.00276048873627285  0.01170334639865066  0.02325573381343975  0.03403039649907587
  0.04504393907553003  0.05600352027848157  0.06620532808059089  0.07615409780747479
  0.08651687164218086  0.09806597158913027  0.10896373319427752  0.11936860999137315
  0.12938775128036423  0.14015273807508141  0.15103303927078096  0.16178579385487546
  0.17280053526349978  0.18402984116707086  0.19408047917496485  0.20286832474332214
  0.21182837092566281  0.22117762144022668  0.23113518706592998  0.24046470362236544
  0.24995852157733200  0.26000483835037674  0.27065052866088596  0.28106815146370073
  0.29127725444130470  0.30090625935109666  0.31090466719535015  0.32144031962641800
  0.33271940704894654  0.34387347636787263  0.35487508641119930  0.36529729255683807
  0.37536703910608726  0.38565880067143282  0.39639192386778421  0.40747983341558236
  0.41904900840650849  0.43054828623701191  0.44163077179403970  0.45239199586290124
  0.46291312266743717  0.47304214265837591  0.48292740696261233  0.49221820989670595
  0.50182529532744025  0.51129442119696034  0.52002967447925053  0.52920329175462999
  0.53932275558029585  0.55018115211463769  0.56044924821326392  0.57041437036877285
  0.58013505516578323  0.59000966157086931  0.59907585852225675  0.60816102233075520
  0.61695231141101969  0.62638705942097239  0.63632837002677745  0.64658044114542335
  0.65735691205352331  0.66913564189395724  0.68266053095740487  0.69505816227296890
  0.70643173187616659  0.71695757871704657  0.72767245051113683  0.73883602822503647
  0.75059090515937588  0.76298778180101079  0.77607925884388640  0.78862755200110357
  0.80034362669262082  0.81133546733995177  0.82212234705663334  0.83236221479664219
  0.84230254080199907  0.85181493930586172  0.86181065743128282  0.87220608708941771
  0.88329831973060124  0.89476892472832370  0.90624546375747617  0.91719535514118922
  0.92732576685639434  0.93721512283993236  0.94716176088181858  0.95664182296003908
  0.96670691427612554  0.97693997594972704  0.98824587288150390  1.00000000000000000
 -0.00147110728701693  0.00708720093561979  0.01397347644236004  0.02164564362154471
  0.02908548633875674  0.03640133127781374  0.04302197480360775  0.04969257164803705
  0.05640163645956522  0.06320955005036945  0.07095275311307273  0.07855098468982957
  0.08614509995658540  0.09402892316956007  0.10248670719969978  0.11174201039065608
  0.12082501632872984  0.12945004831491286  0.13808388640130492  0.14676278283541591
  0.15639691670779443  0.16669803131248273  0.17715677177443992  0.18791235482661359
  0.19836401222211911  0.20871661864114102  0.21903893795762536  0.22974294052776442
  0.24013850912861540  0.25003257676979307  0.26034280086359074  0.27113318920832252
  0.28128045338829766  0.29085644390299165  0.30036885488142390  0.31035397561806283
  0.32132209335765022  0.33339904658333303  0.34672407006031541  0.36116469561116460
  0.37591871550202360  0.38965154206462771  0.40281361382435932  0.41648602423454018
  0.43096862323828156  0.44535124194230297  0.45939561251320526  0.47374455474673738
  0.48891233341439649  0.50332877075001692  0.51739406977531976  0.53211801045971552
  0.54709524521693231  0.56105914396583711  0.57512463585431350  0.58918763136811503
  0.60336649779417084  0.61749101662009476  0.63121441201343265  0.64511125725108087
  0.65997214333431309  0.67447314297013838  0.68799921563981081  0.70082975684023940
  0.71308601561848040  0.72494121524372834  0.73686012330558537  0.74881440145201539
  0.75967071282590259  0.77056757185397395  0.78205294551484983  0.79365682617804523
  0.80430963975104652  0.81427887805768961  0.82395641905005468  0.83388630377139406
  0.84401420051547782  0.85407518209693567  0.86412543537733633  0.87434415938610255
  0.88488827204081422  0.89546856167657207  0.90501102205762651  0.91391338264731004
  0.92179630983986893  0.92969960021630216  0.93699827954543191  0.94393966925174422
  0.95075144641150877  0.95774094765349693  0.96513188090528323  0.97268944009857439
  0.97977613513016193  0.98623259755570125  0.99265746917648079  1.00000000000000000
 -0.00285499864507481  0.01130042982848084  0.02189387311504939  0.03217843338546657
  0.04242644218639269  0.05342886296271498  0.06482599537205955  0.07570593602046788
  0.08621624483034732  0.09645253519157616  0.10676478326996959  0.11731264847203138
  0.12863064017648315  0.14029518450962206  0.15139028634598298  0.16213831408957449
  0.17263675370264558  0.18259652552841452  0.19294644628871926  0.20269750808000062
  0.21265519709688252  0.22291652033449408  0.23395399063613190  0.24534825206224625
  0.25650360336932726  0.26765947482595343  0.28015144766891203  0.29328283933243893
  0.30675718245555023  0.31904590548932155  0.33167979972952738  0.34437746675344799
  0.35646721062652981  0.36684622925374455  0.37638083317456295  0.38575176671190187
  0.39569194778023115  0.40535908453822889  0.41479882051462968  0.42400205828139859
  0.43378768646301674  0.44384818928158665  0.45404291388969165  0.46417863126614101
  0.47486475124316263  0.48599577802056532  0.49661040545653290  0.50672245365447777
  0.51687545510746147  0.52725566394394330  0.53776016954921479  0.54810128617615228
  0.55888569297714175  0.56993406834123772  0.58040586229942148  0.59181266672256161
  0.60256450100302983  0.61297475771906751  0.62271448370235849  0.63242723486375596
  0.64227010993187683  0.65206611781293744  0.66199556267599147  0.67241178833514570
  0.68339294264307482  0.69439336748128977  0.70509626131233827  0.71516321323199750
  0.72470433327318062  0.73466709644723982  0.74448129096935289  0.75457598882944987
  0.76394823611769858  0.77323816391343791  0.78345577122780441  0.79401812841645836
  0.80372415613567683  0.81296436031763231  0.82190270255029685  0.83146792348650522
  0.84203905949434776  0.85358540619845003  0.86476848651104310  0.87554309770185024
  0.88615266141933713  0.89686852130210581  0.90805427401894956  0.91986404380103570
  0.93089713089726056  0.94096266535441875  0.95104970905148589  0.96083728402593871
  0.97115228494203443  0.98066639138298850  0.99080893278830073  1.00000000000000000
 -0.00162260215742793  0.01172494312861719  0.02210878727666418  0.03417340132417693
  0.04595938395151343  0.05750201947920788  0.06879086705107110  0.08012667234124955
  0.09073285340991888  0.10151022046469668  0.11266054978359490  0.12360673089318795
  0.13378889847465941  0.14452704230690874  0.15619335606523835  0.16796184602641434
  0.17835707726331620  0.18854641389145901  0.19874338449347401  0.20855931308791789
  0.21817827245831631  0.22773647515635589  0.23786002924872562  0.24833786128896990
  0.25935418043899605  0.27012499392590106  0.27982606935881998  0.28886752668858862
  0.29841252817452946  0.30781768820638505  0.31759620123335081  0.32752253431011880
  0.33825265048487291  0.34902212663196913  0.35906980209153494  0.36888279847667860
  0.37888966705962851  0.38923853254241325  0.39949832233521082  0.40923650425053498
  0.41873480604040247  0.42868222820565266  0.43932089195382096  0.45008817630725451
  0.46083993063760870  0.47160438366932750  0.48263327924954730  0.49398864554649974
  0.50562209545715520  0.51702170007784898  0.52854275765678904  0.53976711629929697
  0.55077674107596097  0.56141684840328121  0.57248468884717374  0.58369841803752187
  0.59474665296555396  0.60611033596566344  0.61762710150087685  0.62856508894110530
  0.63914235183810431  0.64966643199033325  0.65998377374725781  0.67028329503471329
  0.68099187745788003  0.69071209495759200  0.69939524642524509  0.70840433892760490
  0.71772648538603345  0.72676979618910997  0.73538974741790697  0.74319956738665238
  0.75097343799325922  0.76039116272420704  0.77049631205920910  0.78089878986842487
  0.79156944655936468  0.80260564332877660  0.81408562094992420  0.82624352094263076
  0.83806939235780564  0.85019426581853208  0.86124633556324093  0.87175511715918141
  0.88225784901203996  0.89290414589830336  0.90396856835641948  0.91568776747211700
  0.92722314657563698  0.93782661491230113  0.94764401500042250  0.95793781832054525
  0.96890858899381060  0.97956054262330661  0.99004284039744050  1.00000000000000000
 -0.00002028136922254  0.00012986559478420  0.00031640026210011  0.00053294319340197
  0.00062513576376212  0.00071773130904574  0.00080998698223642  0.00089791282866034
  0.00098631643209925  0.00107514855670859  0.00116913796954174  0.00126359494141349
  0.00135856229403148  0.00145469753820421  0.00154803943815009  0.00163789913567522
  0.00172912478501687  0.00182130112619151  0.00191554279489206  0.00201359100402472
  0.00210939632083461  0.00219443024706209  0.00227782718918300  0.00236007221549175
  0.00244345197742389  0.00253056554268108  0.00263756806679664  0.00275442751030417
  0.00286230433710464  0.00294974404952480  0.00303159299912380  0.00310959238109763
  0.00318428409165843  0.00325725223405729  0.00334183796384945  0.00343349157848412
  0.00354638141583209  0.00366552610986807  0.00378405165310161  0.00389446187468059
  0.00400094943607358  0.00410348701142557  0.00419854256021798  0.00430692786285697
  0.00441386133697553  0.00451701957126514  0.00461954664163603  0.00472784478011272
  0.00484278357330381  0.00497341742533450  0.00516332561374876  0.00533834849464820
  0.00548134716034646  0.00562639002093254  0.00577347459195021  0.00588949005105972
  0.00600204073308180  0.00611476439061117  0.00622748804814053  0.00635172277348115
  0.00647673357996128  0.00662061737507100  0.00676707086405243  0.00694595863527375
  0.00713395536817524  0.00734066887518409  0.00763025010464092  0.00793678160611074
  0.00816501755973148  0.00831206161016027  0.00859252957277633  0.00886272643281660
  0.00910167352458595  0.00933030477915580  0.00957684984903408  0.00988225669610381
  0.01027092099555542  0.01088176706843679  0.01160597729028970  0.01210940012932879
  0.01251085141888658  0.01278779519274172  0.01311013708527252  0.01348548139874216
  0.01392254139503524  0.01445370243717612  0.01493626044907522  0.01520864104939959
  0.01548291475323419  0.01614085899956360  0.01882998933785852  0.02160311830853178
  0.02350957377399216  0.03246060109711122  0.44394866117399623  1.00000000000000000
 -0.00192784992668501  0.00923967800882301  0.01900782166514858  0.02907866152644138
  0.03864985510609634  0.04727644669660336  0.05533582675417005  0.06354329112163964
  0.07308003993243124  0.08438643237541121  0.09594400962422800  0.10704249972401660
  0.11764881694287513  0.12862524187773092  0.14003173550156034  0.15101918082924456
  0.16185128426494821  0.17205488044811446  0.18301606291959910  0.19263756641460614
  0.20215749892011026  0.21194534135193629  0.22162169277271693  0.23107793309403740
  0.24035337627155923  0.25030212846292388  0.26187895603330663  0.27381251364098130
  0.28515643630553766  0.29573289092130439  0.30626470357908486  0.31700972709422665
  0.32804504555661701  0.33803881180556811  0.34751455504608764  0.35723075452750808
  0.36690006631168381  0.37630500494276564  0.38617593093595443  0.39563729460954328
  0.40608551771452001  0.41560369571852851  0.42592464818933612  0.43645659768595280
  0.44827455327350990  0.45966825369320519  0.47065762456330346  0.48151975718324119
  0.49242341551954083  0.50289004626624867  0.51236325281682615  0.52198756182069106
  0.53184198350957235  0.54205288444978850  0.55201643020089219  0.56178677874784166
  0.57101995713500775  0.58026465257019622  0.58998742708937024  0.60016021543025766
  0.61083637614731146  0.62196380272004903  0.63261605664305776  0.64353455723597264
  0.65531491057690250  0.66811046455425716  0.67968614074976541  0.69066013976740903
  0.70145784616124673  0.71255871575747098  0.72367478451799239  0.73579932445569052
  0.74773507633534153  0.75977309003518190  0.77192433235585967  0.78414239564056443
  0.79493995561455122  0.80479849707408857  0.81479406196649495  0.82581736287532692
  0.83800888865202439  0.85054646197955808  0.86155713333260142  0.87107995406050065
  0.88120123120297822  0.89205478585529141  0.90308375713554734  0.91396302803423968
  0.92460454875975773  0.93483813482631262  0.94436020427319589  0.95399673897174975
  0.96458141261061625  0.97671647329156974  0.98836863751519577  1.00000000000000000
  0.76383131858353859  0.76945734766126495  0.77539673585350455  0.78128974941141027
  0.78659241357957599  0.79080654721962351  0.79426636159410757  0.79783271988461646
  0.80175607087159151  0.80628731534889186  0.81012331996907727  0.81351771445320042
  0.81670993532846070  0.82011925701091759  0.82417058094825579  0.82854366204273799
  0.83278804259669426  0.83639507569726357  0.83970855135296563  0.84300001628203824
  0.84621982854028766  0.84923613331596981  0.85226576472900017  0.85467972520752289
  0.85710367659045938  0.85965400217308219  0.86251316122719135  0.86537436761766318
  0.86795659328474406  0.87032847173433525  0.87272495750298906  0.87526981486831268
  0.87798081898952574  0.88061924158802729  0.88319944146845719  0.88556684736841451
  0.88781046507080086  0.89006537126606455  0.89246853291744133  0.89484647776406323
  0.89722371302594728  0.89952374413031633  0.90191146263707567  0.90426375559947192
  0.90657513675056356  0.90872789727188241  0.91084337392848647  0.91293988305190177
  0.91502429694332443  0.91701102296386783  0.91893868313626048  0.92090904621243164
  0.92289721490301579  0.92483782117593105  0.92670779297394135  0.92861200624275819
  0.93052076303358766  0.93243663650118003  0.93424041612000785  0.93593844613083910
  0.93762312303190942  0.93924572834198605  0.94086664807304055  0.94248751042978551
  0.94403875290622552  0.94561053781894777  0.94711043121258398  0.94856180283811387
  0.95008911720868083  0.95165823006626360  0.95320790489197338  0.95476536417863334
  0.95629389461761105  0.95779740975326222  0.95934858184425498  0.96098919511577363
  0.96268182141791359  0.96437855908944403  0.96614657042800145  0.96799030675269504
  0.96980995005735571  0.97160953863260180  0.97343078437006825  0.97533904105394920
  0.97726839918686237  0.97912232783932929  0.98089343573534238  0.98264494462764174
  0.98441885711632893  0.98627712959883929  0.98820568187111812  0.99018345340543501
  0.99222142513587430  0.99437101241424408  0.99685791509029964  1.00000000000000000
 -0.02302024769803653  0.13859756781496929  0.18141683727377586  0.21102208602624054
  0.23509811863163810  0.25584667015219636  0.27370108300418305  0.29087123249464319
  0.30605464328922810  0.32040286751185992  0.33389182986606519  0.34660298891361258
  0.35866695604662929  0.37060898938685838  0.38232318275591959  0.39344628846614216
  0.40385211684025235  0.41363218265750629  0.42324911041800822  0.43283067771371098
  0.44247187244313646  0.45196271582079095  0.46110585112388014  0.46984150947786835
  0.47792634615038565  0.48541819457910657  0.49284234611490263  0.50005779276932771
  0.50711075111950088  0.51437250236711296  0.52193614427795187  0.52945136067091636
  0.53654582059394440  0.54347914641285888  0.55018697236822611  0.55672390780559311
  0.56338705998201899  0.57015692257070305  0.57705354570642120  0.58391487884890836
  0.59079611962277356  0.59766048613159817  0.60428792163853562  0.61081163332313226
  0.61703000003471264  0.62310598169094911  0.62916308685599132  0.63524477933617751
  0.64209670052781964  0.64883307209315177  0.65525150028103962  0.66146163268893765
  0.66724171309579638  0.67280579258209328  0.67842793698323556  0.68421929066791742
  0.69027368919703325  0.69645922951734796  0.70208514857162729  0.70723119903891807
  0.71216627697370793  0.71705928200301217  0.72260691276362632  0.72804534094330853
  0.73339920419056293  0.73861728396531834  0.74416402617316302  0.74981611587025621
  0.75501852610092901  0.75980572687420056  0.76447327019288536  0.76914311966766791
  0.77385306045740809  0.77849824500953524  0.78310145076594240  0.78779541092119865
  0.79277898408400904  0.79809587873102783  0.80341594765903290  0.80871333263958800
  0.81372859833419919  0.81887674811796718  0.82469791876766896  0.83005082111617778
  0.83644808313529995  0.84202691917953865  0.84791215802401754  0.85483433676551512
  0.86186254407039997  0.87166165994332745  0.88022770881571855  0.88808469901870879
  0.89679211028443184  0.91002747310092857  0.94022535971199284  1.00000000000000000
   6.4012683609676568E-006  -1.0000000000000000     
 F F F F F F F F F F F F F F F F F F F F F F F F F F F F F F F F F F F F F F F F F F F F F F F F F F F F F F F F F F F F F F F F F F F F F F F F F F F F F F F F F F F F F F F F F F F F F F F F F F F F F F F F F F F F F F F F F F F F F F F F F F F F F F F F F F F F F F F F F F F F F F F F F F F F F F F F F F F F F F F F F F F F F F F F F F F F F F F F F F F F F F F F F F F F F F F F F F F F F F F F F F F F F F F F F F F F F F F F F F F F F F F F F F F F F F F F F F F F F F F F F F F F F F F F F F F F F F F F
  <DiscreteSampler_grid>
  grouped_processes
  1 # 1 for a reference and 2 for a running grid.
  10 # Attribute 'min_bin_probing_points' of the grid.
  1 # Attribute 'grid_mode' of the grid. 1=='default',2=='initialization'
  0.0000000000000000 # Attribute 'small_contrib_threshold' of the grid.
  0.5000000000000000 # Attribute 'damping_power' of the grid.
 # binID   n_entries weight   weight_sqr   abs_weight
    13   10   3.754488474881202E+000   3.372453774166716E+001   3.754488474881202E+000
    14   10   3.754488474881202E+000   3.372453774166711E+001   3.754488474881202E+000
    16   10   4.646694229727816E+000   5.140482859050486E+001   4.646694229727816E+000
    17   10   4.646694229727817E+000   5.140482859050488E+001   4.646694229727817E+000
  </DiscreteSampler_grid>
