  0.00000014635314395  0.00000015034490154  0.00000015405272042  0.00000015749803793
  0.00000016056480355  0.00000016453804559  0.00000016895660683  0.00000017296693005
  0.00000017638009369  0.00000017989379475  0.00000018387363258  0.00000018747081020
  0.00000019112169291  0.00000019489552448  0.00000019901919717  0.00000020513551105
  0.00000021131930041  0.00000021740930164  0.00000022339828627  0.00000022909198739
  0.00000023501496072  0.00000024151695866  0.00000025096640548  0.00000026064510718
  0.00000027061276701  0.00000028095489880  0.00000029196130449  0.00000030247554430
  0.00000031329689222  0.00000032430861747  0.00000033548480900  0.00000034717591227
  0.00000035980500836  0.00000037311757576  0.00000038623124261  0.00000039929102737
  0.00000041372869854  0.00000043026187076  0.00000044797594349  0.00000046321680362
  0.00000047680671371  0.00000049007435473  0.00000050341412212  0.00000052295789179
  0.00000054305397073  0.00000056356678382  0.00000058388498038  0.00000060239723548
  0.00000062138204164  0.00000064170854635  0.00000066175104345  0.00000068115673684
  0.00000070013086537  0.00000072024297025  0.00000074756788769  0.00000078927177255
  0.00000083985166880  0.00000089087794912  0.00000094431549501  0.00000100689715041
  0.00000107408577130  0.00000115585338628  0.00000123988333964  0.00000130911307560
  0.00000139249344651  0.00000148006495980  0.00000158252424498  0.00000171923770552
  0.00000185291968857  0.00000198989476292  0.00000212657559288  0.00000226654064542
  0.00000241353587109  0.00000257872481426  0.00000275394964607  0.00000294301251295
  0.00000314665188844  0.00000337639086548  0.00000368967202992  0.00000405638624497
  0.00000442498499464  0.00000482366491503  0.00000536532205506  0.00000620112036966
  0.00000726776873482  0.00000862342168860  0.00001038146588411  0.00001288528599654
  0.00001650410313725  0.00002228152102045  0.00003266631724322  0.00005318386290375
  0.00010410689025386  0.00032629992737735  0.06752566096276588  1.00000000000000000
  0.00000080142242772  0.00000086358728722  0.00000089722998964  0.00000092879066872
  0.00000095958974648  0.00000098882486342  0.00000101188562744  0.00000103893477775
  0.00000107228120190  0.00000111585498521  0.00000118005686130  0.00000124718037379
  0.00000130967283391  0.00000136570863811  0.00000141385865960  0.00000145716054817
  0.00000149796339687  0.00000153869165460  0.00000158691456204  0.00000166616687054
  0.00000175265488678  0.00000185550172296  0.00000195607127702  0.00000205204209882
  0.00000215221020564  0.00000225908204544  0.00000236406040488  0.00000246662991859
  0.00000257224982157  0.00000267538942299  0.00000277922877481  0.00000287337647677
  0.00000295860449582  0.00000304932580171  0.00000313974645675  0.00000322459912595
  0.00000330835503550  0.00000340214181197  0.00000349751761535  0.00000359641045612
  0.00000371806770394  0.00000384607945499  0.00000397556057871  0.00000409828608979
  0.00000423199600024  0.00000439000553913  0.00000454969425834  0.00000471868110576
  0.00000488808454114  0.00000505709392517  0.00000522753244232  0.00000536619576529
  0.00000551202292401  0.00000566121252693  0.00000582951181342  0.00000600528077666
  0.00000623441114566  0.00000649011169425  0.00000673258829490  0.00000697358257292
  0.00000724268812285  0.00000754473248739  0.00000793963659546  0.00000836612186197
  0.00000880235214322  0.00000929752280502  0.00000979539982899  0.00001041382661634
  0.00001104617662467  0.00001186957391648  0.00001281169474637  0.00001387269269819
  0.00001507272383321  0.00001631726416269  0.00001772109063708  0.00001948881878175
  0.00002169501901655  0.00002436460588286  0.00002776909241795  0.00003218493753987
  0.00003755031020788  0.00004403064706247  0.00005132474880116  0.00006097890679343
  0.00007107468517098  0.00008339364372521  0.00009906129627461  0.00012398005306780
  0.00016530628347656  0.00023704713306372  0.00035514055658051  0.00060295499010395
  0.00125036139796325  0.00451420251302444  0.08600025560904291  1.00000000000000000
  0.00000451392758949  0.00000499809026328  0.00000525262814476  0.00000551144207915
  0.00000576957459897  0.00000600230806944  0.00000622202751259  0.00000644360314421
  0.00000663964370138  0.00000679157445319  0.00000692472807925  0.00000706098103390
  0.00000721000163807  0.00000737824855166  0.00000761521513728  0.00000784460871497
  0.00000808724779358  0.00000833426920524  0.00000855656250318  0.00000877456670124
  0.00000900427923669  0.00000926365032898  0.00000958362488341  0.00000985944608402
  0.00001010964636887  0.00001036997333149  0.00001060298661012  0.00001098712334784
  0.00001159364233619  0.00001242667493821  0.00001289566036281  0.00001339148527009
  0.00001389645224032  0.00001433437524078  0.00001480612002793  0.00001525376806642
  0.00001575838068268  0.00001629567851160  0.00001686591833549  0.00001748560414187
  0.00001815681841878  0.00001886972925057  0.00001967375850864  0.00002049035167054
  0.00002124243059717  0.00002185180103400  0.00002236771995392  0.00002281841836926
  0.00002346299027299  0.00002427423665765  0.00002511261789955  0.00002592899427199
  0.00002673554494126  0.00002769300726385  0.00002880949035789  0.00003014056735654
  0.00003153322864303  0.00003292621749920  0.00003447094703341  0.00003621243559367
  0.00003810256629325  0.00004016198505979  0.00004247346423276  0.00004498445579488
  0.00004771547809601  0.00005070830188588  0.00005395008437611  0.00005753181355367
  0.00006150422820424  0.00006576875364730  0.00007026040791680  0.00007578679849938
  0.00008251122316556  0.00008988635750520  0.00009818776688881  0.00010762122251458
  0.00011948176565008  0.00013427150704013  0.00015351390928259  0.00017740646396994
  0.00020753715644188  0.00024248586006200  0.00028010023878676  0.00032539111311619
  0.00038801287579112  0.00048470567324888  0.00060465331602116  0.00075128569897309
  0.00095207687131428  0.00125012370497787  0.00168967846071483  0.00259071386788433
  0.00405895227159874  0.00748192756087006  0.09270202429339570  1.00000000000000000
 -0.00200642012021685  0.00741255136220071  0.01645249210458481  0.02441522527306164
  0.03154916164363872  0.03911714601754976  0.04601928175217632  0.05150869012952745
  0.05673787122764087  0.06182969166313321  0.06738624498065883  0.07492549175343813
  0.08368416255073001  0.09489423990525261  0.10653787459231816  0.11779954859775782
  0.12896020433055075  0.13971070565349317  0.15120103040176186  0.16354678066025705
  0.17707974004163410  0.19125099794026204  0.20529525417778369  0.21853424568039470
  0.23114204591857629  0.24367260546504182  0.25739533507914381  0.27012515124281922
  0.28255356392011355  0.29452579124538286  0.30750225772120426  0.31895771789506300
  0.33052899205851849  0.34247777988384098  0.35435042918712889  0.36572555953937974
  0.37680407339416938  0.38952155020088103  0.40426081426112009  0.41880893613211589
  0.43015087622831383  0.44086097668552005  0.45185546405029586  0.46235730716428070
  0.47220466695136853  0.48384250936891221  0.49455541636630845  0.50622262357903436
  0.51776307572827107  0.53007040229539026  0.54201202885203259  0.55273380826297025
  0.56344854188550619  0.57363227956370944  0.58300956655162339  0.59175513842841621
  0.60084461468539063  0.61084031255438376  0.62175384195274641  0.63334886150552283
  0.64556811613825393  0.65797807881485271  0.66984416284183457  0.68083880194018986
  0.69155316247654242  0.70162481338006966  0.71009942145022709  0.71696132333661211
  0.72363344642421212  0.73060699817197017  0.74078113315950389  0.75142452944242644
  0.76306474127705715  0.77552961256197228  0.78860709505398774  0.80046331115346403
  0.80921410949209982  0.81833929683741724  0.82816283488672426  0.83891550539810800
  0.85208121175488483  0.86414559318585948  0.87521548911730229  0.88603321052310613
  0.89725944419113157  0.91011142868385697  0.92320598028704770  0.93483094746245443
  0.94543075886857275  0.95566115855125899  0.96476063503187504  0.97294456020026099
  0.97984746469789996  0.98611533942494323  0.99247510293090258  1.00000000000000000
 -0.00300998921799767  0.01198767215167763  0.02497953378633827  0.03781508039396731
  0.04954765054984241  0.06025109526993014  0.07036226753753712  0.08073274736464672
  0.08823378195097439  0.09648429326510560  0.10527990648662451  0.11462080235573095
  0.12592468447927591  0.13619123180657022  0.14588599483441575  0.15638246566762376
  0.16615065198305437  0.17467091677164145  0.18419330750252103  0.19522715955131215
  0.20622797788162608  0.21675976220919230  0.22529115470040095  0.23348020920954773
  0.24214693911929075  0.25007127229411324  0.25970124759262297  0.26989829204178317
  0.28116298608822837  0.29375050550170628  0.30620480171343895  0.31926825493728611
  0.33200992251324546  0.34259010853070110  0.35282859224246599  0.36277036943538682
  0.37304695161598139  0.38263082274630517  0.39140548429163108  0.40011883387013297
  0.41004229954041432  0.42056197823213581  0.43046323980983453  0.43966092585437877
  0.44872006122140573  0.45789932119201576  0.46844402948643488  0.47954335981252078
  0.48987378263733661  0.49939714226120796  0.50950421731113371  0.52036507444174973
  0.53035565243116867  0.53918734808171886  0.54828842171436509  0.55839316071160805
  0.56874416208885181  0.57887901257826713  0.59131024728744042  0.60473495751237272
  0.61679415961479678  0.62769109741341622  0.63788695553650065  0.64737135217819353
  0.65675874284006841  0.66620574979760760  0.67698111538014294  0.68859593942352992
  0.70017539119148720  0.71237124291121046  0.72552726611698337  0.73886693492083511
  0.75083765770790090  0.76157256099258419  0.77172487010465207  0.78250412825221427
  0.79460317462115526  0.80682581584150326  0.81873080013304944  0.82843404039800272
  0.83881748958440960  0.84860514919957808  0.85969846511769377  0.87132732395737189
  0.88314086751474863  0.89539193628799552  0.90670294007922647  0.91670349330416090
  0.92593973865283508  0.93534067414763244  0.94669057434713977  0.95739599040332268
  0.96833138674581420  0.97867805899399507  0.98869076703608039  1.00000000000000000
 -0.00094736792547986  0.00471903960964488  0.01110140498607068  0.01892640017105062
  0.02661190912751403  0.03383525503340840  0.04070983490873768  0.05267769672763545
  0.06450515769631231  0.07522544021315089  0.08495419175777832  0.09635143469135807
  0.10843827559986044  0.12138756631288482  0.13301834482397920  0.14358161282475687
  0.15379417925810904  0.16406845246647334  0.17725167724223387  0.19010540377351690
  0.20340463413430479  0.21605593530272185  0.22842759351819084  0.24023705062022924
  0.25183846431896562  0.26420976212082947  0.27690465747997534  0.28985675671227801
  0.30337466599914548  0.31803097960309490  0.33319740922841729  0.34557774330855995
  0.35627754191942818  0.36509589538906578  0.37324043855536859  0.38166182023192086
  0.39024683266699672  0.39898364009750109  0.40651276696997712  0.41431967251335455
  0.42423469687747700  0.43637604108509442  0.44972734137330400  0.46299096670036249
  0.47706306076002136  0.49092265132250656  0.50387625363168542  0.51603956269380635
  0.52880240409211299  0.54141235759700290  0.55420220081841221  0.56649051047321264
  0.57858773969002564  0.58949209780600231  0.59883334245623010  0.60811209057229954
  0.61838316923195247  0.62864962626033316  0.64048117332119092  0.65286639937111857
  0.66345056382646816  0.67294571077977472  0.68198876686693510  0.69094766249824713
  0.70411201216617447  0.71472384391439570  0.72411038975675590  0.73334488939361542
  0.74183129263474656  0.74931569294888822  0.75594693279766312  0.76254550800918619
  0.77076541227361095  0.78275138918107767  0.79517446288507854  0.80691013110742715
  0.81822287859038145  0.82828267263769972  0.83739822824753962  0.84604491971623941
  0.85545224966005617  0.86435412345489115  0.87254226617133024  0.88070617499449200
  0.88843790900744357  0.89705083856461088  0.90739393181279959  0.91745469017350756
  0.92927295329113591  0.94021254234688656  0.95017586701857126  0.96017935858576853
  0.97049283224951644  0.98102426834925960  0.99102010070173319  1.00000000000000000
 -0.00194431732895407  0.00898756662547534  0.01735163643964947  0.02515441443095096
  0.03301717128085525  0.04124990637077477  0.04974582398292284  0.05816545043766249
  0.06741870127211340  0.07838814875367742  0.08957473443553070  0.10077317050764940
  0.11214676077221142  0.12314853393561594  0.13360786521708357  0.14373658421248900
  0.15361607322038467  0.16384015621374409  0.17471425043255448  0.18637850969866498
  0.19857060935533138  0.21093084163177625  0.22379832679744716  0.23730984713871672
  0.25178272882241870  0.26747945991472266  0.28349940680682589  0.29903026977562353
  0.31367621790325334  0.32679033308612099  0.33910590665365781  0.35010119366797937
  0.36006314332913086  0.36876992264100766  0.37693436748267911  0.38508271857915299
  0.39362415895008651  0.40350980421263916  0.41471075059268558  0.42623387024685755
  0.43669410094924005  0.44512045763863634  0.45301004850985238  0.46163713855724575
  0.47034159219695693  0.47952845186581339  0.48889956329543049  0.49645394430162909
  0.50427117280597999  0.51369497048086044  0.52427849479138167  0.53554851417539018
  0.54621306581367257  0.55650748520631654  0.56670261679379563  0.57594414335150645
  0.58512224872987262  0.59495860579706572  0.60594369605302212  0.61750314193303546
  0.62819585956426838  0.63846108726509876  0.64852836450206364  0.65904390433716997
  0.66935559591842952  0.67833155784329191  0.68720202120110474  0.69522224029184643
  0.70238087950639527  0.70938949094314696  0.71845498441255207  0.72686335780185851
  0.73712793647276487  0.74746240358478100  0.75911561694916097  0.77118399571457164
  0.78606047801850898  0.80054487193635915  0.81515620928859700  0.82883716127873508
  0.84172032695774779  0.85350119650305889  0.86368127120511196  0.87403486411348053
  0.88503830087695901  0.89457083808765447  0.90339264522196683  0.91255937638572082
  0.92214369762695259  0.93187052302747009  0.94356871682287613  0.95417906010840459
  0.96456974405428808  0.97482952611233453  0.98608733348490130  1.00000000000000000
 -0.00148716933390937  0.01344508896897513  0.02709808882329116  0.04139688308623876
  0.05575737372613807  0.06956321801414393  0.08178104807235946  0.09487087422353663
  0.10828467544875613  0.12120967409320579  0.13575849660598238  0.15166243962533699
  0.16619955345457191  0.18066838621068859  0.19365126721645928  0.20480582331789521
  0.21656803218298590  0.22908275106910217  0.24249107445994758  0.25724318873352331
  0.27265653034090370  0.28783733302638714  0.29970603689237868  0.31045759460151351
  0.32094297648066844  0.33132055032809044  0.34160068057354925  0.35132547212771159
  0.36227539599905401  0.37387235897769905  0.38580796480813334  0.39871473421571541
  0.41043064106109378  0.42021480133833100  0.42947770745254799  0.43932807400257085
  0.44965005514775019  0.46031357363739644  0.47167058678909152  0.48228553727456486
  0.49378074722078769  0.50486299273710433  0.51505744166599254  0.52524806784486322
  0.53582197463173398  0.54585220933505674  0.55580576027377748  0.56573682984272522
  0.57589424438373482  0.58681175872139202  0.59781260931510194  0.60886828218245392
  0.61950953343951976  0.63038680767766742  0.64214461117579191  0.65349903775976648
  0.66469004184029690  0.67684105166475117  0.68925562443654076  0.70117127971291593
  0.71200281877180083  0.72163982932406612  0.73081092424145822  0.73981477518671057
  0.74917746915249139  0.75954236762033678  0.76971230781834554  0.77998507567780295
  0.78824313073023433  0.79499772732851448  0.80053302297605655  0.80624308352283369
  0.81408676212658948  0.82333597896254218  0.83184521988894400  0.83949847927408416
  0.84775983675096478  0.85666789730553272  0.86560375076631024  0.87414177905576729
  0.88086243695396504  0.88736371938399705  0.89317878806540296  0.90106647171356069
  0.90824787915516703  0.91596351785456664  0.92417187137508616  0.93336602594904750
  0.94284300792327447  0.95339448542415073  0.96198986295908862  0.97164661682600162
  0.98063023535337956  0.98738911704673871  0.99375417631229557  1.00000000000000000
 -0.00352505134151982  0.01087799800446349  0.02215144709469825  0.03243608869711822
  0.04321901833036937  0.05358381501237912  0.06329755048043768  0.07074564097276971
  0.07927880661240495  0.08768698864420602  0.09728778620034619  0.10673809165271014
  0.11700025116445392  0.12741055941877666  0.13778657158822166  0.14686817850529355
  0.15458244622732981  0.16204258899728974  0.16994010819551886  0.17754888689525730
  0.18553192221543929  0.19256317270545464  0.20013564436088008  0.20825143038418098
  0.21863894404046416  0.22933931315127126  0.24007893838266661  0.25089518637699565
  0.26243847304764029  0.27331534730723850  0.28307057662084878  0.29140363382630474
  0.29891728904078191  0.30694557583593213  0.31602540084728842  0.32433316293191294
  0.33299392685640267  0.34439397663654481  0.35925606329800752  0.37416075137996990
  0.38924577337016592  0.40223201996719526  0.41288768769716871  0.42151006442427785
  0.42995994971126139  0.43841499014588386  0.44743611933425864  0.45757037576697546
  0.46862104899300866  0.47956018640752790  0.48990428648764167  0.50102765763187473
  0.51326536251143118  0.52681895221543451  0.54060477023736042  0.55368640939762492
  0.56535864531916913  0.57588386575136630  0.58535946613851964  0.59471648074239880
  0.60367643647695568  0.61289458434326760  0.62369721702901915  0.63432940025419304
  0.64742301481261066  0.66223298114656493  0.67579613845048803  0.68972648333388786
  0.70309038042884076  0.71705584491184671  0.72890882002580670  0.74079148384991178
  0.75008662620466116  0.76034110795981025  0.76965099781951496  0.77847405684941395
  0.78744181765505850  0.79661164871241397  0.80627490316308903  0.81670321310746852
  0.82855956871869507  0.84196105788689601  0.85538607515674814  0.86873058796005076
  0.88177829385200523  0.89191071307727310  0.90144119537072809  0.91059377115982165
  0.91834361866995007  0.92823603097215135  0.93899056981457063  0.95077572704522428
  0.96223495369804557  0.97301785955286091  0.98531293407321563  1.00000000000000000
 -0.00389315935089773  0.03515413194696586  0.06445399060422889  0.09307583078611108
  0.12203043807337093  0.14522142784101166  0.16464823635662865  0.18378210413456969
  0.20212173444524709  0.22035268664549232  0.23703849537605337  0.25435194842908271
  0.27167604851415778  0.28586130379318475  0.29870684293646882  0.31134872693758231
  0.32515514323679540  0.33823182465971124  0.35133389629347711  0.36467132924773610
  0.37747701374705950  0.38880690961404785  0.39924895163934021  0.40973884793958243
  0.41831990865988011  0.42692884188302699  0.43564430318787034  0.44701608659265774
  0.45781902634956839  0.46680445146145200  0.47561083368156909  0.48433220306338076
  0.49374353251632491  0.50293888228829331  0.51193428468277768  0.51983785861747145
  0.52676898743054046  0.53382029236887074  0.54038254748771430  0.54763314421367015
  0.55571615462813917  0.56481433456452135  0.57503093625587953  0.58439369978942146
  0.59266306576149541  0.60010302592288112  0.60674307110564074  0.61301550984935094
  0.61948833413367310  0.62559481725483468  0.63078968837848048  0.63617203285955981
  0.64176660088195647  0.64732448638886719  0.65289203908440097  0.65841579333233191
  0.66406235828232740  0.67090789707851617  0.67855672299353254  0.68549653029807600
  0.69264709428404714  0.70027235371291541  0.70765018980116912  0.71567757452814884
  0.72423979177054854  0.73279074517202125  0.74116101159305159  0.74942017429074970
  0.75736959458663633  0.76484065488441255  0.77221024191992627  0.78027081424849298
  0.78863425212886362  0.79604637312372750  0.80394342139111474  0.81238869549778614
  0.81899127018766371  0.82593911621298133  0.83297007148445579  0.83973626981677219
  0.84633597273412220  0.85289289188220041  0.85947254212025381  0.86606214634816958
  0.87308126585758483  0.88205317156550955  0.89275432437220681  0.90373942894886661
  0.91547690651797131  0.92709720957495279  0.93669034858184907  0.94774450409841826
  0.95901544227147351  0.97026267506700625  0.98642515098197514  1.00000000000000000
 -0.00245330495101500  0.01253517789889525  0.02230216053391437  0.02994069179946313
  0.03746601325212318  0.04564633391714228  0.05305085298600580  0.05960289245748283
  0.06559887114463112  0.07182178841704857  0.07868356510889414  0.08593056703985032
  0.09292917191553224  0.10031517077722682  0.10924279387055701  0.11852510516498657
  0.12756667110661549  0.13659353084448539  0.14515828216588111  0.15486615472381940
  0.16516919156444793  0.17631310528243910  0.18593725468008798  0.19509661050648403
  0.20522825064268901  0.21765779420583925  0.23206924429659787  0.24689340605003066
  0.25998585753512421  0.27299900042552538  0.28660431052931190  0.30066684021034401
  0.31473657592925430  0.32788702862424141  0.33811567204495441  0.34620402103659398
  0.35446807582929568  0.36311534966817555  0.37303648618838159  0.38290687885592523
  0.39278840440246809  0.40317151230275772  0.41467745672250961  0.42665095009208742
  0.43968664289673687  0.45330532395991080  0.46674950666072335  0.47923409594096944
  0.49038364455410771  0.50053005495150060  0.51120904689017066  0.52099629475505849
  0.53074958218874446  0.54067447909643152  0.54946961745900780  0.55819922472112005
  0.56761119362785273  0.57820608622402581  0.59073468698169807  0.60381516330156815
  0.61569686748553343  0.62714305038680440  0.63917324030141165  0.65090366553820755
  0.66241668977698343  0.67411369057703763  0.68553918161830774  0.69670588992200666
  0.70850380509875910  0.72100905810546467  0.73299396361602021  0.74432680072064716
  0.75611287898539148  0.76942941911761931  0.78137797280710986  0.79202408444710537
  0.80149451761000579  0.81013713175665902  0.81864248048422184  0.82673046437993025
  0.83454666922879683  0.84277899556559288  0.85193707635745053  0.86074934211899612
  0.86997422176900230  0.87957800530176022  0.88891547529600379  0.89899306783705291
  0.91037474978487598  0.92313590952677682  0.93593833076921407  0.94864154685299218
  0.96143409288948900  0.97407308175661123  0.98682991470985904  1.00000000000000000
  0.40700340909886851  0.55523156305800825  0.56175967837442786  0.57529433438889066
  0.58356262148223259  0.58898596594242225  0.59393575713206415  0.59996320587892926
  0.60554004945791362  0.61243686901538774  0.61818753378411251  0.62389681140840991
  0.62978531143407035  0.63651709653158495  0.64383327369640952  0.65075024935009751
  0.65634849868735290  0.66140304959249296  0.66597316992510924  0.67046009653151262
  0.67494315747830613  0.67966617237324989  0.68546383699269242  0.69117030360597753
  0.69610091664958540  0.70057241830873362  0.70489162628392033  0.70950678805263334
  0.71508315972535108  0.72098816173228153  0.72587295573456911  0.73049517097969441
  0.73508291959955230  0.73980515485159604  0.74427195201190177  0.74926089543425478
  0.75372020554104957  0.75793170606464866  0.76211224923124299  0.76596208905534269
  0.76962656416586517  0.77330859539767860  0.77675583968981177  0.78031331116800984
  0.78381907614634749  0.78764359782232951  0.79170918267842505  0.79595614739846721
  0.80011032124740511  0.80355206370710408  0.80678353001020398  0.80990318888530410
  0.81328708651833448  0.81647882159582719  0.81955429746473940  0.82264956449801563
  0.82594838439503959  0.82950413725237215  0.83319357816493356  0.83718481988953419
  0.84131171384830139  0.84543844347903319  0.84971560405100188  0.85411902180659416
  0.85847000327254896  0.86264557865321811  0.86645699905312845  0.87029265066564609
  0.87410921180886947  0.87811758649738614  0.88248885684943790  0.88680496278760734
  0.89104175500099347  0.89528288331130890  0.89930851407662660  0.90348882024834942
  0.90746463697143909  0.91173387908156645  0.91607372169179124  0.92061473197096932
  0.92532328695180477  0.92990282619949205  0.93428450157841625  0.93858263308317980
  0.94274630217460531  0.94669806902710230  0.95061181588697774  0.95450869386952730
  0.95877724790523655  0.96347324180061111  0.96850585394213118  0.97351964907546706
  0.97904724217462069  0.98520261020641176  0.99236334994837849  1.00000000000000000
  0.01104923782730093  0.07217373174942690  0.10088406132866468  0.11990471835675948
  0.13359124298906819  0.14554900747013633  0.15616218560394837  0.16630542886741537
  0.17626482490754652  0.18650997996768448  0.19497635683058051  0.20325946945313997
  0.21069481118742842  0.21777702982899408  0.22456580002841528  0.23056298199584424
  0.23451378604567505  0.23855389471430563  0.24200096991407036  0.24540199182301564
  0.24854212674122972  0.25168780204424424  0.25478099974125745  0.25793721410769649
  0.26143683576967802  0.26630920523881613  0.27147607645516314  0.27674843687292328
  0.28219256405376703  0.28803931718229503  0.29460737179643304  0.30111341086497301
  0.30670245710067917  0.31190521256839504  0.31661748031379161  0.32107168737480163
  0.32628817661474258  0.33231088607794224  0.33892861150256598  0.34633936895890333
  0.35355836496555504  0.36035413349570145  0.36669265916274058  0.37302115131542773
  0.37880587411567102  0.38391155305457658  0.38891914168124597  0.39386418585091176
  0.39889855713729683  0.40357249258502725  0.40845942426660253  0.41352439231167082
  0.41929080871744623  0.42511594669421338  0.43049516852222253  0.43581890952889007
  0.44200895791671752  0.44954198530859718  0.45739915125957387  0.46577746252117752
  0.47348581470274353  0.48126444373496502  0.48847252123117985  0.49606396086109650
  0.50390908654282873  0.51245211371917399  0.52052750156992067  0.52779954092395376
  0.53503421040623700  0.54273264779177621  0.55047623120077938  0.55827818272592855
  0.56639154158292426  0.57458050227309443  0.58229080944303946  0.59290764741176827
  0.60351557652524090  0.61354260730937615  0.62491139436535281  0.63652731777299587
  0.64811502629278961  0.65798324119227580  0.66722327366881573  0.67674730718765186
  0.68729050312159268  0.69918787735807741  0.71361387844663760  0.73068790255417515
  0.74972091581893419  0.76870347443375586  0.78902732789932273  0.80781639872497069
  0.82419461510473901  0.84285932138585018  0.87799939573878960  1.00000000000000000
   7.9888171978140709E-008  -1.0000000000000000     
 F F F F F F F F F F F F F F F F F F F F F F F F F F F F F F F F F F F F F F F F F F F F F F F F F F F F F F F F F F F F F F F F F F F F F F F F F F F F F F F F F F F F F F F F F F F F F F F F F F F F F F F F F F F F F F F F F F F F F F F F F F F F F F F F F F F F F F F F F F F F F F F F F F F F F F F F F F F F F F F F F F F F F F F F F F F F F F F F F F F F F F F F F F F F F F F F F F F F F F F F F F F F F F F F F F F F F F F F F F F F F F F F F F F F F F F F F F F F F F F F F F F F F F F F F F F F F F F F F F F F F F F F F F F F F F F F F F F F F F F F F F F F F F F F F F F F F F F F F F F F F F F F F F F F F F F F F F F F F F F F F F F F F F F F F F F F F F F F F F F F F F F F F F F F F F F F F F F F F F F F F F F F F F F F F F F F F F F F F F F F F F F F F F F F F F F F F F F F F F F F F F F F F F F F F F F F F F F F F F F F F F F F F F F F F F F F F F F F F F F F F F F F F F F F F F F F F F F F F F F F F F F F F F F F F F F F F F F F F F F F F F F F F F F F F F F F F F F F F F F F F F F F F F F F F F F F
  <DiscreteSampler_grid>
  grouped_processes
  1 # 1 for a reference and 2 for a running grid.
  10 # Attribute 'min_bin_probing_points' of the grid.
  1 # Attribute 'grid_mode' of the grid. 1=='default',2=='initialization'
  0.0000000000000000 # Attribute 'small_contrib_threshold' of the grid.
  0.5000000000000000 # Attribute 'damping_power' of the grid.
 # binID   n_entries weight   weight_sqr   abs_weight
    19   10   1.148083772426556E-007   5.424209529740526E-014   1.148083772426556E-007
    20   10   1.148083772426555E-007   5.424209529740524E-014   1.148083772426555E-007
    22   10   3.092557497831398E-008   3.866518997994201E-015   3.092557497831398E-008
    23   10   3.092557497831398E-008   3.866518997994203E-015   3.092557497831398E-008
    25   10   1.277643027902687E-007   5.700256751994315E-014   1.277643027902687E-007
    26   10   1.277643027902687E-007   5.700256751994312E-014   1.277643027902687E-007
    28   10   2.876389798301661E-008   2.878016213116061E-015   2.876389798301661E-008
    29   10   2.876389798301660E-008   2.878016213116058E-015   2.876389798301660E-008
    34   10   1.148083772426556E-007   5.424209529740526E-014   1.148083772426556E-007
    35   10   1.148083772426555E-007   5.424209529740523E-014   1.148083772426555E-007
    37   10   3.092557497831398E-008   3.866518997994203E-015   3.092557497831398E-008
    38   10   3.092557497831398E-008   3.866518997994203E-015   3.092557497831398E-008
    40   10   1.277643027902687E-007   5.700256751994318E-014   1.277643027902687E-007
    41   10   1.277643027902687E-007   5.700256751994312E-014   1.277643027902687E-007
    43   10   2.876389798301661E-008   2.878016213116061E-015   2.876389798301661E-008
    44   10   2.876389798301660E-008   2.878016213116058E-015   2.876389798301660E-008
  </DiscreteSampler_grid>
