  0.00000014813938065  0.00000015340310412  0.00000015742368474  0.00000016157754434
  0.00000016528367809  0.00000016858858205  0.00000017233092545  0.00000017629344050
  0.00000018028825186  0.00000018441493149  0.00000018879285626  0.00000019353494901
  0.00000019856422953  0.00000020339310326  0.00000020769377199  0.00000021089096980
  0.00000021428467035  0.00000021774732441  0.00000022117798099  0.00000022627782680
  0.00000023297272481  0.00000024026011441  0.00000024765364097  0.00000025438336786
  0.00000025959429793  0.00000026487839114  0.00000027020759580  0.00000027573314232
  0.00000028178955512  0.00000028893743894  0.00000029677845576  0.00000030458489738
  0.00000031197451908  0.00000031929110793  0.00000032732871084  0.00000033530368082
  0.00000034331124645  0.00000035430834329  0.00000036686647077  0.00000037982452555
  0.00000039159702587  0.00000040233185910  0.00000041213468415  0.00000042268692900
  0.00000043582415238  0.00000045091173164  0.00000046617420839  0.00000048070548266
  0.00000049579460332  0.00000051173692566  0.00000053052102641  0.00000054947823282
  0.00000056918005480  0.00000058902485656  0.00000060959399046  0.00000062960332025
  0.00000065093382457  0.00000067510454990  0.00000069940322885  0.00000072341786739
  0.00000074945272154  0.00000077962826334  0.00000081581691084  0.00000085446412115
  0.00000089640764585  0.00000094276228876  0.00000098997736307  0.00000103851621402
  0.00000109093273649  0.00000114665418959  0.00000120663327084  0.00000126736532777
  0.00000134661938063  0.00000144245176855  0.00000153823576822  0.00000164910255600
  0.00000177697244024  0.00000191859822498  0.00000208259699458  0.00000226226973600
  0.00000246227269858  0.00000267952275191  0.00000292912517093  0.00000323438242042
  0.00000361485116432  0.00000406761338073  0.00000462989813922  0.00000532371019990
  0.00000622604128876  0.00000770934330741  0.00001004540305994  0.00001480064773672
  0.00002533656173728  0.00008769626759699  0.08868349842215199  1.00000000000000000
  0.00000033061950385  0.00000043406033070  0.00000047530881853  0.00000052330911188
  0.00000057965836867  0.00000064110581873  0.00000070690190997  0.00000076880124918
  0.00000081503332595  0.00000085411058450  0.00000089591777709  0.00000093483764482
  0.00000097501317427  0.00000101737903321  0.00000106028342080  0.00000110319089718
  0.00000114521577711  0.00000118865524893  0.00000122129198326  0.00000125777513319
  0.00000129976267614  0.00000134698110614  0.00000139330638858  0.00000143799854406
  0.00000148600570540  0.00000154146713388  0.00000161304227298  0.00000169578514877
  0.00000175664340673  0.00000181325173551  0.00000186653058926  0.00000192070886821
  0.00000200100532301  0.00000207857839498  0.00000215485644862  0.00000222763171317
  0.00000229720572612  0.00000239236323296  0.00000250250632874  0.00000261463759360
  0.00000272211566183  0.00000282637848316  0.00000296093365399  0.00000309570431197
  0.00000323423177617  0.00000337552413328  0.00000352318018875  0.00000368920183806
  0.00000386621187058  0.00000402277877381  0.00000416851702295  0.00000433460192538
  0.00000450501546771  0.00000466178455387  0.00000481764058326  0.00000497720625515
  0.00000517729291535  0.00000538966323455  0.00000561864170688  0.00000586455125895
  0.00000610436598061  0.00000634142555968  0.00000657248145206  0.00000679293131053
  0.00000701822880948  0.00000726109669820  0.00000754252577351  0.00000785559277448
  0.00000819787745390  0.00000853136779005  0.00000885493938085  0.00000920069578106
  0.00000959111155146  0.00001000815640906  0.00001044032042991  0.00001095009727875
  0.00001157559690084  0.00001222766614291  0.00001298490819219  0.00001391189701457
  0.00001494230858967  0.00001610914180151  0.00001766603693455  0.00001950839614197
  0.00002177156597880  0.00002448650844929  0.00002776141976018  0.00003217410752935
  0.00003848297713815  0.00004890296189999  0.00006597304162526  0.00009800193564431
  0.00017995218812361  0.00058160567001655  0.16889992397372408  1.00000000000000000
  0.00000694133408128  0.00000707242410392  0.00000715341871439  0.00000721145449676
  0.00000726061845049  0.00000731134659147  0.00000739366674269  0.00000748684683841
  0.00000759405820839  0.00000768256169500  0.00000776622463794  0.00000784198426098
  0.00000790927862242  0.00000799327823049  0.00000808430647035  0.00000818252815354
  0.00000829557872789  0.00000839290149013  0.00000851849438642  0.00000864879995071
  0.00000878017855776  0.00000892825850449  0.00000907811848744  0.00000923129590705
  0.00000938774683452  0.00000955043354639  0.00000971459559467  0.00000986622788021
  0.00001001192363985  0.00001016815064216  0.00001032681007401  0.00001048770930400
  0.00001063632479724  0.00001078612119567  0.00001096518081319  0.00001115284951809
  0.00001134665682549  0.00001155836931574  0.00001175351771642  0.00001194150360075
  0.00001212589727902  0.00001231788425208  0.00001253066196171  0.00001275447556001
  0.00001298248750684  0.00001321666703668  0.00001346055167746  0.00001372200886012
  0.00001402285355262  0.00001432007731604  0.00001461362317105  0.00001492333784703
  0.00001524456701508  0.00001556033780408  0.00001594182452137  0.00001635772500475
  0.00001682090792553  0.00001730779808495  0.00001779338645931  0.00001826306953792
  0.00001872738971821  0.00001921798822790  0.00001976282324994  0.00002044567385482
  0.00002102413844381  0.00002164843852884  0.00002224335782779  0.00002292381060479
  0.00002377465330838  0.00002471206032039  0.00002566740608971  0.00002666319430377
  0.00002779843815859  0.00002920357172819  0.00003082815450666  0.00003237533251515
  0.00003405413828785  0.00003606957130399  0.00003839686207775  0.00004082808505908
  0.00004366666570962  0.00004684883407392  0.00005084501635853  0.00005618109863423
  0.00006327138127898  0.00007155435740746  0.00008319738097414  0.00009888661038173
  0.00012122051207157  0.00015309490964273  0.00021209861672733  0.00032444961937095
  0.00064352044451131  0.00207845265953630  0.20602838232704732  1.00000000000000000
 -0.00182306728131226  0.00673513042640506  0.01426996814049892  0.02234518923223370
  0.03118960221747653  0.03977769481676502  0.04939730501331055  0.06023327479768967
  0.07072618967230705  0.08026533264602814  0.08918129865524727  0.09776954967349014
  0.10655540292347226  0.11664824208678784  0.12763896176919984  0.13912124154066186
  0.15184527938457024  0.16323167186295712  0.17352539669504269  0.18405761350743502
  0.19431084018067432  0.20421961779568720  0.21254766650599247  0.22006203309528341
  0.22906768727420593  0.23966582480108251  0.24927883554433830  0.25820289070887947
  0.26701616264036260  0.27698870730596054  0.28660437623780172  0.29531245438972803
  0.30322865156265283  0.31110978090656094  0.32047885373376211  0.33020462394737859
  0.34135504513655535  0.35331495097335219  0.36705567396119682  0.38071941884390287
  0.39587591346135947  0.40891886315592307  0.42084735125343381  0.43174012872985218
  0.44380438629764113  0.45756310233903968  0.47123203435266031  0.48273163623876364
  0.49201046905783030  0.50049743677004366  0.50939692661051394  0.51999629605949427
  0.53349511271987404  0.54439482520315141  0.55448266765991427  0.56517971255417665
  0.57675607502890935  0.58822262282987559  0.59924059039260602  0.60928606242499139
  0.61843421912218766  0.62791864427493882  0.63792082890828905  0.64869759117676273
  0.66106604145626946  0.67612626304271606  0.68953430855767495  0.70028904521512525
  0.71089190796455648  0.72285053360824081  0.73442774663701138  0.74437436091437126
  0.75305901431823563  0.76162457754356649  0.77140467910717958  0.78045662321840847
  0.78866094576097079  0.79616619733748739  0.80327810204177563  0.81213115411555270
  0.82437441008859436  0.83893147089568387  0.85313876419474177  0.86647872712654483
  0.87908856939681979  0.89107533460932187  0.90194477814266605  0.91475280697296513
  0.92623893108345201  0.93751070111442747  0.95017424674435214  0.96136023517069003
  0.97154844610035229  0.98052589895230835  0.99010417322195454  1.00000000000000000
 -0.00227861078754077  0.00782777610741001  0.01825137311657486  0.02949655459873168
  0.04030177168655905  0.05134493274194023  0.06153436762693604  0.07085700323840580
  0.08144458562881644  0.09173498342289615  0.10175107306291629  0.11122144493531751
  0.12212250663951074  0.13271848128019628  0.14185018217886070  0.14973928365421521
  0.15661362243050045  0.16373696092617487  0.17061027053888472  0.17719614144770809
  0.18344550272535842  0.18983325960643518  0.19664135772055771  0.20362213140641269
  0.21154028625069352  0.22131967710487133  0.23104166146211844  0.23958210406947128
  0.24834179810589638  0.25660179019785589  0.26492641257844768  0.27244886107473376
  0.27996098156674365  0.28851580940164245  0.29821786672299755  0.30810969669963023
  0.31737391897012379  0.32666109930315923  0.33671546286280274  0.34716916846679824
  0.35678879362946131  0.36524655859770400  0.37431316136105031  0.38503167336456895
  0.39648497842312735  0.40904815252841475  0.42033938908597240  0.43091214405101591
  0.44279586678803262  0.45427756503210015  0.46510176404858378  0.47526183120244647
  0.48550840528576111  0.49594164144275971  0.50595613041588194  0.51541270077350632
  0.52501422428064581  0.53446766722237105  0.54334621146766682  0.55216646102223710
  0.56158192241968519  0.57245832641151850  0.58471475388161931  0.59778979194570026
  0.61021873333627175  0.61923616351456823  0.62901364118194747  0.63793056601992892
  0.64657598214967194  0.65630371977340007  0.66653216203636534  0.67956480643083472
  0.69223075728598327  0.70602434323107388  0.72050853163616668  0.73421867131840268
  0.74632622396387971  0.75697268257254413  0.76830411951282906  0.78026272067289082
  0.79271282968263812  0.80556627711332973  0.81798654766309742  0.83060691600234693
  0.84268212570177659  0.85460204756392144  0.86709175689697748  0.88053066871429453
  0.89460119236159608  0.90886097184920223  0.92193248797345828  0.93540647842596303
  0.94982585979477974  0.96517649232794867  0.98141385771634848  1.00000000000000000
 -0.00307358727599164  0.01068106594558257  0.02063640347714586  0.02915831441475426
  0.03703837060087491  0.04495531998665273  0.05298393395932153  0.06199596546498146
  0.07082894500172149  0.08010962297002996  0.09154675421165709  0.10347683813156441
  0.11338638428268664  0.12202100519845958  0.13014348815625712  0.13851881994293694
  0.14840710050250752  0.16067431417609435  0.17420593130066728  0.18723460882845802
  0.19989451292930885  0.21198296194595087  0.22389513799325014  0.23656538738073710
  0.24906339571548988  0.26004718018958251  0.27041137263317250  0.28243984141402090
  0.29562668352309074  0.30887120749947988  0.32485057936674272  0.33814073724963217
  0.34768987857842476  0.35680983094143015  0.36649327942681142  0.37722990999571482
  0.38652460796764959  0.39515417559930405  0.40346391170106888  0.41238217758264911
  0.42116246829996923  0.42895610226009451  0.43633647574971973  0.44459150900306771
  0.45519757450433107  0.46854156641840022  0.48057819455239642  0.49155171395461639
  0.50239301005853343  0.51400108801008215  0.52579522752447105  0.53711538828024774
  0.54938272456305892  0.56350038120471380  0.57881878456567715  0.59542841382486522
  0.61065513576822805  0.62446774231730640  0.63881573102586731  0.65152825831269245
  0.66498131129306004  0.67689136818275342  0.68860350289049155  0.69963356732988424
  0.71094217416402161  0.72150606738078293  0.73032130795499572  0.73997074268857299
  0.75000356759681852  0.76044362173999758  0.77039561731755057  0.77998826335286398
  0.78966645725825746  0.79948578043205709  0.81014452496074896  0.82187717838599461
  0.83336137841118263  0.84170970058700345  0.84996578578136772  0.85873923994107204
  0.86631468087843411  0.87347175429995749  0.88033570978090014  0.88811443105968335
  0.89601648553909441  0.90406825658246948  0.91175160391173848  0.91943965754831880
  0.92773470064015284  0.93694549264886795  0.94646831182312352  0.95579025698822750
  0.96589621782443658  0.97723176571198778  0.98871237666462519  1.00000000000000000
 -0.00385407100758131  0.01575223398969627  0.02922314669407419  0.04172667627072592
  0.05340254988391355  0.06464999860320371  0.07514621760916290  0.08458519207663197
  0.09314947849584923  0.10173813277193848  0.11202847285124455  0.12286416056736037
  0.13339922084071607  0.14234448450011519  0.15375379865002081  0.16594347528922848
  0.17755439550624003  0.18728348757857707  0.19642787636728673  0.20546243590862320
  0.21491730263106845  0.22471826392850749  0.23488405434752860  0.24585758016067902
  0.25659306066676263  0.26594718679220208  0.27372043966698001  0.28074535815556073
  0.28857093396175421  0.29699098147019493  0.30541526192482010  0.31396711028620744
  0.32338771263913801  0.33424627189678446  0.34578480549013663  0.35720169021810971
  0.36837006263394606  0.37944528108937137  0.39063326197285764  0.40267697381908413
  0.41654440470702431  0.42693267553392100  0.43681522257737354  0.44721509902854223
  0.45890124804376164  0.47266651912951108  0.48639032565961704  0.49885114714716078
  0.51025067778268018  0.52056790288446453  0.53106077913295868  0.54105026942810963
  0.55324885495735399  0.56495259343663817  0.57619443356966504  0.58597575582644690
  0.59520408526557966  0.60444470633685399  0.61510491725870642  0.62510208177684889
  0.63472079955492233  0.64469466850110868  0.65482542235921504  0.66535826544218846
  0.67551099147726912  0.68479324876749781  0.69668422552755715  0.70935279480167213
  0.72210154420107997  0.73440367335432866  0.74736136315333268  0.76052235646920985
  0.77288525984315948  0.78354075454661676  0.79283378942786753  0.80266908667322734
  0.81376886227265999  0.82332900319287561  0.83202614443993661  0.84013076305520273
  0.84830825808422705  0.85755230113027225  0.86677873455899235  0.87542908579690948
  0.88387393604997744  0.89269455479298354  0.90145010942917569  0.91090629930488887
  0.92034487828076617  0.93031996641615466  0.94244701969800848  0.95614847665830915
  0.96885172677626152  0.97995783670959946  0.99049996659028494  1.00000000000000000
 -0.00116641692696500  0.00647484913717662  0.01164979271241279  0.01629763044075168
  0.02116944977466403  0.02668440909219120  0.03248702496699559  0.03841030312353932
  0.04465065766148778  0.05111477403449667  0.05759629750553796  0.06432519248142077
  0.07141838221131940  0.07876105934826096  0.08693902562439862  0.09620861320860367
  0.10401676642081149  0.11208586156007824  0.12017410054608972  0.12865306729714954
  0.13814801269606836  0.14729117033778538  0.15482698850202498  0.16167792809373860
  0.16885400997855232  0.17646098393589651  0.18503314574405513  0.19479743233020680
  0.20521867553879386  0.21775773933245246  0.23308904612415959  0.24647047249136603
  0.26209592723626390  0.27889183941076051  0.29278226698077869  0.30765970020099404
  0.32029171621650943  0.33185375504248521  0.34559258644026142  0.35790231045159121
  0.36943436089393672  0.38209464486158384  0.39510238088463112  0.40661055929169859
  0.41851417985589867  0.43335456594204241  0.45024524321112525  0.46307771573593043
  0.47460259737524901  0.48585378444567751  0.49760446883240139  0.51071255193143650
  0.52555309225723590  0.53945876267201376  0.55406368443921028  0.56767012465510946
  0.58063344234310854  0.59478052980580531  0.60865449072942956  0.62150668099053930
  0.63476862498931796  0.64740251896958190  0.65838100948906353  0.66947268062689547
  0.68023257016029748  0.69114576630866809  0.70243709583418057  0.71514004943745491
  0.72898053202807656  0.74351179620065766  0.75675754376922544  0.76903497954545474
  0.78055717710062356  0.79284264287145223  0.80749516855144976  0.81930887740579583
  0.83077164566605854  0.84132377653666524  0.85024638475978032  0.85869677116287568
  0.86714885227376992  0.87595299901461854  0.88931032188396397  0.90214694316130839
  0.91424163645906398  0.92520898791118822  0.93501534710352519  0.94471233961470735
  0.95339150615907153  0.96069726350331730  0.96716186767907497  0.97345070185395310
  0.98052703434420529  0.98742719419512026  0.99402183167976610  1.00000000000000000
 -0.00459251291202161  0.01842820264392393  0.03462713266341514  0.04838696224076937
  0.06014639874092343  0.07041762926504025  0.08066293932114456  0.09220010713953425
  0.10407674204339071  0.11521007533347638  0.12564070285037940  0.13627054806497688
  0.14854702041918566  0.16279975156851056  0.17637396238937045  0.18930727949518247
  0.20112913594196166  0.21293838456778860  0.22395548623847655  0.23561062841755759
  0.24664268321130034  0.25610713902594040  0.26550291154960204  0.27525262360609182
  0.28408198208857632  0.29246478146100235  0.30082733931438843  0.30978012208393274
  0.31902701930773603  0.32909842602469108  0.33893565388956087  0.34850067340655971
  0.35803944577714064  0.36668298021261136  0.37452292487562605  0.38308950198934960
  0.39200964745687861  0.40269415536329212  0.41439501497263714  0.42449705620881517
  0.43331916876121357  0.44284817699781204  0.45313983667240459  0.46273848326406941
  0.47157999025609970  0.48101302231161236  0.49282734965898206  0.50303650602113581
  0.51355986494378436  0.52443140013355871  0.53702530432589501  0.54860418780883080
  0.55972106754716655  0.57026827205362096  0.58109637697507510  0.59238157303744055
  0.60373230966093239  0.61407833883814522  0.62331575375493498  0.63302279310023934
  0.64344352556895679  0.65394624648540389  0.66435573607734699  0.67423357739632328
  0.68346823533110224  0.69257162561278662  0.70160671656345386  0.71083881896177026
  0.72181295185200844  0.73468427346898624  0.74707118847147802  0.75904685559037355
  0.76897405263253249  0.77877772891410257  0.78782368415783732  0.79616601763455019
  0.80426276815654685  0.81254486362253464  0.82139296511805326  0.83119357840535502
  0.84078110276026241  0.85076605188915233  0.86126989301827539  0.87247349699326249
  0.88307469335721400  0.89382926598658352  0.90540336972437652  0.91660704207121158
  0.92661173390873319  0.93632793674787496  0.94610988728165590  0.95612521257323191
  0.96551631969185037  0.97528912490864572  0.98648106540959712  1.00000000000000000
  0.00436657044820231  0.02416184731471511  0.04074060757152517  0.05389341878853208
  0.06985023478981610  0.08387791747880660  0.10153934868923314  0.11656416465453974
  0.13038534013978226  0.14407809623236822  0.15582150522395852  0.16564476658271612
  0.17446737394131995  0.18364359785985879  0.19449705782766585  0.20522381116447327
  0.21667118197058871  0.22873587654026875  0.24086342561609125  0.25200487700807706
  0.26175070882846713  0.27058106169115964  0.28023208178998171  0.29002333245234058
  0.30079945732534508  0.31183662466968404  0.32299089152539767  0.33373487378773081
  0.34497222337469058  0.35538329141947472  0.36393709503458149  0.37249164171651156
  0.38058395690039809  0.38869883014911011  0.39718036459417183  0.40582377363688033
  0.41414720692350410  0.42220628265263305  0.43092102219078809  0.43959735682819667
  0.44802288143016689  0.45690132644420783  0.46678633529777042  0.47714876753629121
  0.48754865412620269  0.49788771413141081  0.50840797249368241  0.51880013028056748
  0.52804626048553782  0.53619407929676188  0.54378179752454148  0.55115119561212478
  0.55896285617124575  0.56657100942484684  0.57324438944388090  0.58002395756127367
  0.58792909584728137  0.59620235391673904  0.60336532984033731  0.61018144379349371
  0.61707660451327728  0.62469318642711547  0.63380605112619182  0.64243003063444526
  0.65037223662066812  0.65775961685621420  0.66604256608954415  0.67365659685005796
  0.68072390998324483  0.68774060734536491  0.69490533424726131  0.70247581418634630
  0.71079118949232689  0.71967798557955720  0.72801424623291588  0.73593510233574355
  0.74428855360590307  0.75380200605220737  0.76491436538743052  0.77503432642117898
  0.78419441192286832  0.79315820937731285  0.80170179441931744  0.81277649677301433
  0.82384962382638338  0.83388262754541498  0.84321220815045472  0.85230590322418520
  0.86170718327943729  0.87292758300250517  0.88498659616944608  0.89817768750495930
  0.91227359422999466  0.93330862001664050  0.96240686218265736  1.00000000000000000
 -0.00211193056744615  0.00885254770193549  0.01725793957311735  0.02570413176443124
  0.03486420759018988  0.04600340136995802  0.05915905777683971  0.07063337399281938
  0.08005187883054660  0.08990287955912542  0.10055921148231728  0.11101123479482183
  0.11967333791105482  0.12806587752696688  0.13761820289621979  0.14763690895852002
  0.15854652563635790  0.16923078287245955  0.17988998166200049  0.19096103785812485
  0.20304958958166067  0.21519228616689115  0.22689100512342916  0.23837603972283486
  0.24924820240610027  0.26028534258033131  0.26989774241425851  0.27887691094102651
  0.28639702176245985  0.29414874192830992  0.30160794641172095  0.30970418020134677
  0.31961921902907059  0.33033447157140139  0.34116874965605848  0.35234691736552726
  0.36361336123426441  0.37431823403871395  0.38377301705436651  0.39378586161284523
  0.40625539013008866  0.42168195840711903  0.43642781003098646  0.45079373935441497
  0.46451325127544768  0.47774815341269133  0.49047621289929660  0.50243484315540199
  0.51330003478799902  0.52327511135299132  0.53339728100980421  0.54372001670046444
  0.55304705486992334  0.56161582396703069  0.57034635198761197  0.57963001577881479
  0.58967869394250538  0.59909958318633116  0.60850619757204982  0.61893117434343670
  0.63094304488125685  0.64417031200557762  0.65606407040883574  0.66796559050153981
  0.68098507976870237  0.69531938882985522  0.70885715624251044  0.72042382620275613
  0.73126498463670087  0.74179921647570091  0.75219450586912529  0.76353954016301984
  0.77485251567731850  0.78592627298619810  0.79631112754891087  0.80598914460986171
  0.81621507871632726  0.82710648557346633  0.83761354743088223  0.84818842976602582
  0.85814560204252488  0.86813054327963990  0.87686765728259741  0.88372032423432068
  0.89048921447156215  0.89716500345661598  0.90665623243132754  0.91624362547235461
  0.93070856344098807  0.94439845298619529  0.95478830174898499  0.96303133404101338
  0.97120042029852849  0.97958973924293713  0.98929276808983302  1.00000000000000000
  0.50778650744092546  0.57432743987742985  0.58599404963985113  0.59699013343747676
  0.60965150965051484  0.62193478626479770  0.63087907865071646  0.63967624120876021
  0.64895688541113117  0.65892102370477368  0.66607713782522815  0.67127346576098013
  0.67686214059821315  0.68350466886932959  0.69068205797832694  0.69619619902443874
  0.69986895925653037  0.70366291883279963  0.70817127127857027  0.71339261024217848
  0.71874974303261818  0.72402087566945084  0.72860270314250108  0.73240845717031711
  0.73671839900083258  0.74078615442048568  0.74497074910190553  0.74946488160265179
  0.75397052194497460  0.75773719696570840  0.76042101430152509  0.76347457245262296
  0.76676397752328196  0.77073422235915856  0.77573849452620647  0.78065499355650225
  0.78564925384921169  0.79086371774821906  0.79626201310889644  0.80252201842126947
  0.80932084713353114  0.81517761593319915  0.81999874392415839  0.82416724800464602
  0.82852452127158471  0.83268983282710229  0.83678374809441536  0.84084821359998363
  0.84503839308871831  0.84933204964151188  0.85313908765190460  0.85680037284298638
  0.86016477722509987  0.86353884904694700  0.86685168230426657  0.87019370504615690
  0.87389964901309136  0.87717662076719538  0.88018366079597354  0.88307041147083098
  0.88615468059868907  0.88933615123167697  0.89276770703900887  0.89612156769432683
  0.89898138667352290  0.90174981710822111  0.90429026945551727  0.90713366520187810
  0.91000844116186830  0.91263344694150705  0.91513764960893917  0.91770299451298210
  0.92046226805219500  0.92344245714050766  0.92650879257317043  0.92945297452103903
  0.93243456708779149  0.93528753140675625  0.93823022072722151  0.94110882625467174
  0.94386327100216205  0.94673673605041686  0.94984566822615402  0.95298660309468963
  0.95609132705702449  0.95936329701531453  0.96290131110656874  0.96666424636277926
  0.97031184845648644  0.97374984513510709  0.97724381756755074  0.98083851314836512
  0.98457823559729174  0.98889190751813161  0.99403010836903916  1.00000000000000000
 -0.02650027947808700  0.12815134476677051  0.15431432988844962  0.16761874209678690
  0.17973522693495936  0.19149617689912618  0.20240839134896696  0.21507361193705715
  0.22921956267040458  0.24481408647564376  0.25516420484959451  0.26362865201428443
  0.27167226233327973  0.27919109028959743  0.28601153866277051  0.29236857384674303
  0.29813008824284287  0.30389597464241747  0.30966041307607417  0.31696187238350393
  0.32508185131951706  0.33332387674186398  0.34150496938609048  0.34955961387662632
  0.35810123466353189  0.36545351756633254  0.37190604835636654  0.37848339348356014
  0.38552955718663695  0.39243214432781132  0.39800311968518853  0.40298348607385903
  0.40804992993086781  0.41352501337859748  0.41908976930686759  0.42432898349102144
  0.42970855617020332  0.43488364363739501  0.44035557040639733  0.44566250917317984
  0.45167070984971885  0.45797072697254965  0.46367790662070518  0.46902449976172339
  0.47459724660446423  0.48077968187848252  0.48732215438180748  0.49371623897843164
  0.49965980839342566  0.50537238772677351  0.51088446378249319  0.51641530393903334
  0.52168265944284042  0.52682169736094764  0.53183885871446268  0.53698948813250302
  0.54201602372363622  0.54701310289173477  0.55186585736406446  0.55687155966921764
  0.56234675962745717  0.56829425204876627  0.57442041594989568  0.58034989818811511
  0.58620263530944550  0.59194348905695837  0.59787033306395909  0.60404613285398701
  0.61099283760488510  0.61824599696998339  0.62523265956054430  0.63155228193238300
  0.63766275942122208  0.64381913657527468  0.65069352854351303  0.65876116894188974
  0.66752182243371405  0.67642368021255594  0.68451403358313978  0.69097519273465013
  0.69736877754709337  0.70483873818480447  0.71268911767419385  0.72013226720734247
  0.72744446654966899  0.73563670019407479  0.74407149569081132  0.75277997171690569
  0.76218347435510103  0.77206674413678011  0.78263771355702627  0.79643137059591718
  0.81392413369492633  0.83374490353644803  0.86305411418520039  1.00000000000000000
   1.2930976047350800E-007  -1.0000000000000000     
 F F F F F F F F F F F F F F F F F F F F F F F F F F F F F F F F F F F F F F F F F F F F F F F F F F F F F F F F F F F F F F F F F F F F F F F F F F F F F F F F F F F F F F F F F F F F F F F F F F F F F F F F F F F F F F F F F F F F F F F F F F F F F F F F F F F F F F F F F F F F F F F F F F F F F F F F F F F F F F F F F F F F F F F F F F F F F F F F F F F F F F F F F F F F F F F F F F F F F F F F F F F F F F F F F F F F F F F F F F F F F F F F F F F F F F F F F F F F F F F F F F F F F F F F F F F F F F F F
  <DiscreteSampler_grid>
  grouped_processes
  1 # 1 for a reference and 2 for a running grid.
  10 # Attribute 'min_bin_probing_points' of the grid.
  1 # Attribute 'grid_mode' of the grid. 1=='default',2=='initialization'
  0.0000000000000000 # Attribute 'small_contrib_threshold' of the grid.
  0.5000000000000000 # Attribute 'damping_power' of the grid.
 # binID   n_entries weight   weight_sqr   abs_weight
    13   10   3.810992897613055E-003   1.439973244633031E-004   3.810992897613055E-003
    16   10   9.563072669342545E-004   9.067701711330015E-006   9.563072669342545E-004
    22   10   3.773634415199475E-003   1.411897353969503E-004   3.773634415199475E-003
    25   10   9.376687688292080E-004   8.717779579509116E-006   9.376687688292080E-004
  </DiscreteSampler_grid>
