  0.00000139204285904  0.00000141797978243  0.00000148126124324  0.00000154205819683
  0.00000159964977880  0.00000165719013885  0.00000171279533155  0.00000176893690062
  0.00000182739499541  0.00000189151292493  0.00000195940161398  0.00000202625172379
  0.00000209086759691  0.00000215590228740  0.00000222793317322  0.00000230202195170
  0.00000237920220142  0.00000245682143180  0.00000253359411204  0.00000261219725463
  0.00000269526123376  0.00000278016797359  0.00000286772427619  0.00000296047662491
  0.00000305730371460  0.00000316003191903  0.00000326261787404  0.00000336625454813
  0.00000347437450389  0.00000358802193018  0.00000370371738385  0.00000381781361550
  0.00000393347734585  0.00000406167010497  0.00000420378090980  0.00000435035387240
  0.00000450068470258  0.00000464721310640  0.00000481035689587  0.00000498869662395
  0.00000516813450992  0.00000535023319091  0.00000553810941931  0.00000572798765277
  0.00000592960589979  0.00000612572146524  0.00000632593913520  0.00000656380743291
  0.00000680802969215  0.00000706267050638  0.00000733500277455  0.00000765722495330
  0.00000801668402116  0.00000837453097765  0.00000874316555391  0.00000912941696311
  0.00000953085257389  0.00000993709415992  0.00001036629411605  0.00001083253936475
  0.00001139343519228  0.00001194802543138  0.00001256033867077  0.00001316944605604
  0.00001380263685668  0.00001451504746481  0.00001528773726107  0.00001607427524816
  0.00001695805176207  0.00001798855368854  0.00001915726575118  0.00002057907787198
  0.00002219480126029  0.00002405158332928  0.00002617388825657  0.00002855014125436
  0.00003129563066071  0.00003438807416075  0.00003787028591118  0.00004179672734236
  0.00004611208984781  0.00005147207140914  0.00005845552257732  0.00006725367296766
  0.00007872537414529  0.00009408461743287  0.00011281796402569  0.00013610268822397
  0.00017350392898707  0.00024075635839893  0.00035655543149837  0.00054497977982054
  0.00090525179025737  0.00168431092802722  0.33767461268973076  1.00000000000000000
  0.00000992825099865  0.00001018986520892  0.00001045226344652  0.00001077791945662
  0.00001109101497069  0.00001141161650156  0.00001173893395820  0.00001207906593922
  0.00001242746218530  0.00001277715176291  0.00001312370593454  0.00001346635535190
  0.00001381312332179  0.00001418840560204  0.00001460060534436  0.00001501492623661
  0.00001542439271855  0.00001582072747639  0.00001622350193423  0.00001664261928534
  0.00001724222213722  0.00001782027488309  0.00001837108519314  0.00001890879196427
  0.00001947953480416  0.00002010943540882  0.00002077124714026  0.00002143026110811
  0.00002214859050132  0.00002299278046015  0.00002393354259470  0.00002495632730256
  0.00002599585923346  0.00002705611987236  0.00002817986029286  0.00002932900624938
  0.00003052963752813  0.00003197915208766  0.00003351783309520  0.00003508757624232
  0.00003675172604086  0.00003855448123346  0.00004040555848129  0.00004223513721354
  0.00004421090832305  0.00004628639842080  0.00004855725546152  0.00005124818559919
  0.00005420361458954  0.00005702883266833  0.00005997006733280  0.00006307335879171
  0.00006636241426043  0.00007003952133174  0.00007415738183850  0.00007841692561952
  0.00008343388343082  0.00008927012267960  0.00009570522329365  0.00010310576593923
  0.00011068585737978  0.00011943273103721  0.00012818648107789  0.00013761959484359
  0.00014793006399680  0.00015933065964917  0.00017227955463803  0.00018718439521522
  0.00020348886499299  0.00022155935025951  0.00024217841523151  0.00026723968029395
  0.00029714397943939  0.00032578799726282  0.00035429067440606  0.00038655573929691
  0.00042744159595537  0.00047610832968860  0.00052820264585491  0.00058574486311175
  0.00066237249507557  0.00077022907380435  0.00088818701345644  0.00100119242096156
  0.00113099333277945  0.00129921963371636  0.00153943865669656  0.00183632085765343
  0.00216584040997154  0.00267944479893817  0.00347286500446672  0.00485251841241074
  0.00714981099721192  0.01124487893579979  0.44074921795716737  1.00000000000000000
  0.00000011213274489  0.00000015026386040  0.00000017634588978  0.00000019932198734
  0.00000022192356578  0.00000024626491473  0.00000027101881298  0.00000029852940250
  0.00000033034831371  0.00000036195910361  0.00000039879221460  0.00000043584313473
  0.00000047487482265  0.00000051396969784  0.00000055464617642  0.00000059791047996
  0.00000064603920501  0.00000070169961001  0.00000075943857242  0.00000082335232776
  0.00000088861302753  0.00000095958235386  0.00000103806920129  0.00000112068764846
  0.00000120992594271  0.00000130556585079  0.00000140963193060  0.00000152111247872
  0.00000163708492658  0.00000176628787928  0.00000189879161002  0.00000203996761995
  0.00000219715483592  0.00000235905781710  0.00000255765509402  0.00000277637135482
  0.00000301665364397  0.00000327664851505  0.00000357250535427  0.00000388306048955
  0.00000423597578103  0.00000464605984245  0.00000510598830785  0.00000561107238804
  0.00000617564895092  0.00000680998048309  0.00000752873893472  0.00000834425302324
  0.00000923410718291  0.00001019053154956  0.00001124099488835  0.00001246462745545
  0.00001373376968576  0.00001513328315147  0.00001666868918391  0.00001867703094739
  0.00002119397722042  0.00002400442929718  0.00002728926993614  0.00003111252484065
  0.00003522790781298  0.00003935673527914  0.00004347823879971  0.00004782246398534
  0.00005271068417972  0.00005818578659440  0.00006455624348603  0.00007234710913497
  0.00008274735643641  0.00009443021001400  0.00010623170107642  0.00011903024921564
  0.00013368861585192  0.00015267732847695  0.00017732259252579  0.00020727730380534
  0.00023396283826678  0.00025850906950373  0.00028525393834692  0.00031581714856345
  0.00035943607690054  0.00041548726443900  0.00048336267121042  0.00056612672605257
  0.00068126347330783  0.00084202787556120  0.00105895830864894  0.00135270011600654
  0.00168605024295527  0.00213249251736811  0.00274009012688111  0.00322875078729117
  0.00377370762088228  0.00446465955155916  0.34639981022287181  1.00000000000000000
  0.00000218303260798  0.00000247369398618  0.00000270816617573  0.00000292201714626
  0.00000315414449428  0.00000344885248888  0.00000379460700178  0.00000418410434033
  0.00000459774245322  0.00000502806148104  0.00000548390921822  0.00000596497949996
  0.00000652290353755  0.00000718697628294  0.00000796973885488  0.00000884474799468
  0.00000982817805566  0.00001093890030306  0.00001222401889950  0.00001359361743351
  0.00001497197733341  0.00001642886817446  0.00001807321628112  0.00001988104829461
  0.00002182817617345  0.00002389123741395  0.00002609105354943  0.00002842951653652
  0.00003102184419754  0.00003383740766077  0.00003687371804899  0.00004023995480065
  0.00004395926000193  0.00004810000041345  0.00005225208162186  0.00005650734894813
  0.00006109880619251  0.00006585041176721  0.00007126973039202  0.00007711204032441
  0.00008336027650990  0.00008969812146362  0.00009627719306236  0.00010364490851811
  0.00011171844460728  0.00011988293066591  0.00012819772185645  0.00013690762946674
  0.00014703512022242  0.00015850645927923  0.00017012989592820  0.00018148005265509
  0.00019361489291908  0.00020668221153493  0.00022061884112731  0.00023494342331043
  0.00024935819349570  0.00026434672832687  0.00028092232485143  0.00029809467231392
  0.00031747904413034  0.00033974542928341  0.00036231596928667  0.00038877741950418
  0.00041866017616820  0.00045276602383626  0.00049006952239306  0.00052601801309140
  0.00056541174806481  0.00060324263076569  0.00063950080021717  0.00067574089504045
  0.00071481528178160  0.00076408242204163  0.00082342238938071  0.00087414434349800
  0.00092268672564957  0.00096878285932728  0.00103071079893828  0.00110009650840045
  0.00118428255068502  0.00126341364602765  0.00133576755361649  0.00141017827636348
  0.00148487255989841  0.00158502504074040  0.00170512992536590  0.00184370210233858
  0.00205988252692052  0.00233749099077313  0.00280207274424640  0.00402199542081125
  0.00558852440117954  0.00731033040884910  0.08067130490875446  1.00000000000000000
 -0.00181118280221847  0.00620988687030576  0.01286471547558599  0.01975680426875135
  0.02656271584370745  0.03378355522738557  0.04133252119160081  0.04850411973420517
  0.05548737093314166  0.06200830830331451  0.06894593467364182  0.07657690155270458
  0.08504877481252927  0.09314930550570617  0.10054098855080754  0.10735338900498903
  0.11443222473164982  0.12222142590393260  0.13104875560486037  0.14044561958174934
  0.14965576014602053  0.15931265631571565  0.16886634256598612  0.17809256533557966
  0.18711281683549746  0.19600955245221477  0.20511634414835175  0.21491460593750106
  0.22522774011575519  0.23654680980264114  0.24819641332803180  0.25882313366932064
  0.26902447683350073  0.27941649131770407  0.28962043405148963  0.29963908126157063
  0.30984649321175889  0.32055606880103288  0.33187404147382177  0.34259746310870165
  0.35336122769736616  0.36368790632315928  0.37444490456227997  0.38565841503508680
  0.39720242128729111  0.40886212276088008  0.42085941906687774  0.43345278603178566
  0.44552333563144186  0.45679133721108500  0.46800780516567247  0.47926894429389316
  0.49017279057753094  0.50115811934960530  0.51265507682734879  0.52488300813380273
  0.53690492376101362  0.54884723055420270  0.56074510892863738  0.57183155447232781
  0.58254232787350679  0.59353485012462304  0.60484727097672975  0.61661721427950944
  0.62914559799310743  0.64237117061466231  0.65401628328495909  0.66524427973414269
  0.67617890429713912  0.68713184672642413  0.69804448823840826  0.71002326458026077
  0.72328203865313034  0.73535142964021627  0.74631560041004241  0.75713220485223631
  0.76857605181306987  0.78071353485687323  0.79308908298134262  0.80694637006209202
  0.82003410232484619  0.83248634406111699  0.84478262471867860  0.85696919409360561
  0.86866785575095473  0.87974205075193745  0.89042926366971353  0.90089095062646696
  0.91137380084352093  0.92266430363868213  0.93479457267592136  0.94696777631206186
  0.96007198496495882  0.97374754792338292  0.98683598698378916  1.00000000000000000
 -0.00162799383183673  0.01034291991304105  0.02116066296121642  0.03187532546520702
  0.04232952745739548  0.05249917670689509  0.06263431195655964  0.07241820111820570
  0.08234024804978236  0.09179241529590326  0.10056923847640235  0.10935323959157014
  0.11845498338293792  0.12919214042350841  0.14140465657357182  0.15321543840279506
  0.16436735577148151  0.17581048972994281  0.18771749388296649  0.20011467791064425
  0.21293580976650339  0.22542907879356358  0.23794794834870187  0.24915796849298608
  0.25934116927917383  0.26946636221670167  0.28008693200312879  0.29068287268136678
  0.30026173085708358  0.30985636893214957  0.31984520861313992  0.32975719086158811
  0.34037183805787591  0.35055286579154837  0.36155251072401368  0.37226133924074412
  0.38375798742135042  0.39457011474097020  0.40434152384193367  0.41313656307145585
  0.42204580048790269  0.43162460547434600  0.44168619703949902  0.45213607943145012
  0.46216018493479111  0.47304031618676584  0.48328300832030519  0.49300810607047463
  0.50306964370771579  0.51324255927660722  0.52348602579061820  0.53355451412819166
  0.54373022188392095  0.55446345137538955  0.56537804092083133  0.57654134666027113
  0.58727052043827677  0.59692462829763671  0.60625799771997180  0.61610569143804983
  0.62709902009499208  0.63921874515894128  0.65142009844910465  0.66323719963997096
  0.67453181953796149  0.68585863092523092  0.69671332141625730  0.70798286680214340
  0.71858978581427191  0.72910093406222587  0.73904877725176876  0.74901794440266767
  0.75902168414697890  0.76896353638053527  0.77917279753326862  0.78893385804193406
  0.79879385790048330  0.80891881160253176  0.81880240484122657  0.82836663711571346
  0.83808378024093477  0.84715244249303501  0.85715128093407433  0.86682385441165144
  0.87813177554066124  0.88903097095426631  0.90028537257560837  0.91120077276598643
  0.92166796947130925  0.93272726075640700  0.94428846896487906  0.95696057020027903
  0.96875027872243413  0.97983520364721710  0.99022689166716449  1.00000000000000000
 -0.00135442450350996  0.00761901970233645  0.01514979888736166  0.02338794035394639
  0.03243549869508687  0.04094787908092132  0.04926135242616300  0.05718914475678336
  0.06568375206319210  0.07524562196585904  0.08512828497594913  0.09573099913993358
  0.10707116737170143  0.11831782557562963  0.13020859653207983  0.14302440308931888
  0.15619321560089861  0.16882456375069263  0.18101712039703893  0.19292804762742499
  0.20486716989179660  0.21626292451338930  0.22731673929236390  0.23854015764594985
  0.24993612296891873  0.26182905468566420  0.27384378985671365  0.28579482364884290
  0.29718577333151602  0.30841374125440363  0.31949652274100471  0.33093464168488462
  0.34304062370228183  0.35515618142706706  0.36689196003058405  0.37874586788300141
  0.39046320481585012  0.40166689011409634  0.41252406676935149  0.42281459831619100
  0.43292157715563090  0.44300815159216744  0.45286310728396761  0.46280475620798078
  0.47288561743277768  0.48418820577343330  0.49609811484306138  0.50819869240150306
  0.52013007100122233  0.53060191054598571  0.54111621758424899  0.55105862697057539
  0.56058127732097074  0.56992018061797189  0.57980756838868175  0.59091831777610948
  0.60230971077553330  0.61302439142743659  0.62353248270480455  0.63402630433760221
  0.64407780422485417  0.65356377358969941  0.66278217549439133  0.67279808316481005
  0.68297381365777809  0.69309223518358243  0.70372369519838174  0.71515462076817571
  0.72662533965529974  0.73771513903990282  0.74873419347284098  0.75937931930226532
  0.76926451675804719  0.77846737522627552  0.78717879745779706  0.79573636250594704
  0.80455373771822392  0.81424041825292248  0.82495523826621608  0.83512329630052728
  0.84449710864420735  0.85363093389679923  0.86396747933981732  0.87576023862981878
  0.88697248911088078  0.89791034148387727  0.90801103828785312  0.91855643615996052
  0.92875981709816369  0.93740568452893724  0.94633780469489359  0.95644718953241759
  0.96702898643459501  0.97825698143257511  0.98924169475719448  1.00000000000000000
 -0.00243957161436886  0.00880785183146341  0.01891869067112143  0.02930632239496762
  0.04046048088126823  0.05181754429270121  0.06305939913002519  0.07353633869875158
  0.08361554079323068  0.09364781907237688  0.10399259119999724  0.11534457466500296
  0.12670352281880429  0.13747499448536787  0.14777880568232354  0.15785562480622659
  0.16793204982989765  0.17760149444483969  0.18749292969844825  0.19877938122817579
  0.21172558080894191  0.22393584302819142  0.23495976805582225  0.24536390814562278
  0.25563857973151172  0.26670269661513840  0.27721565234462264  0.28774665736578470
  0.29854697281192633  0.30916061094011005  0.31938029313293359  0.33002378043735781
  0.34058614545630922  0.35176459254842363  0.36253588853896335  0.37302878461526667
  0.38285306455105389  0.39262747227547928  0.40280637008952275  0.41363976076871856
  0.42502230473273589  0.43627435842801082  0.44693788578742211  0.45719005533265783
  0.46769539908526991  0.47838289995647221  0.48858044797164396  0.49878435596401793
  0.50834496112122918  0.51790395684068791  0.52743388763624199  0.53669736454386474
  0.54623945478114699  0.55706657508437118  0.56861184787598806  0.57996936581890612
  0.59006733044526682  0.60026303685627913  0.61103742058850052  0.62160097437964879
  0.63107124404066572  0.64030523453685240  0.65015756643768619  0.66027187965257494
  0.67046839913540757  0.67998835406982894  0.68976604831369304  0.69962910847243864
  0.70961592843172716  0.71890619117153243  0.72793358178660872  0.73745455040707719
  0.74742965124330230  0.75741295938501563  0.76775803254292774  0.77905542449563747
  0.79139132832309156  0.80391498023302788  0.81684844455377992  0.82911162048824749
  0.84056091491856821  0.85141516645767357  0.86199232100239220  0.87261467543776594
  0.88284501979658458  0.89360609389241330  0.90555760845451794  0.91781614626084174
  0.92910458666071138  0.93944718584393383  0.94884034183120669  0.95822099050042242
  0.96856155401472410  0.97920746130480196  0.98990946092521848  1.00000000000000000
 -0.00250473158741032  0.01065324084233171  0.02118499480475244  0.03064885805730914
  0.03965642612790829  0.04809919305859067  0.05627625012754837  0.06569684773175485
  0.07445200984445936  0.08373057699865585  0.09214793984039177  0.09983671277037404
  0.10754045143560570  0.11570142307662401  0.12386058786801986  0.13237182703281133
  0.14171724466574873  0.15233154737330537  0.16337400755908987  0.17507001790321250
  0.18629750965252376  0.19776560689855208  0.20870019962711675  0.21971180764360770
  0.23098722847629249  0.24259852213041802  0.25371029544475288  0.26391681225831132
  0.27438268804747984  0.28516451695720457  0.29642409338072123  0.30769478254929389
  0.31899058394226293  0.33003358883755279  0.34147280847242389  0.35241879660735087
  0.36371808193803945  0.37429508017086349  0.38479983671283285  0.39544024086743634
  0.40624211974590185  0.41700602079787030  0.42733889521135160  0.43758196662865467
  0.44811889374872388  0.45881281758863968  0.46965990303850885  0.48059341587632698
  0.49166797773260551  0.50333420487332703  0.51540082678429833  0.52761222017506881
  0.53952136207538626  0.55099983649796380  0.56275622909406930  0.57434269162936802
  0.58623808709626735  0.59809167181289780  0.60983031729792025  0.62120631009082972
  0.63217443105233251  0.64392198641600340  0.65572744394286453  0.66685262094425135
  0.67700962382559782  0.68690032436693782  0.69712331119199988  0.70819375035814958
  0.72007538232616242  0.73202972191339155  0.74346378399055635  0.75366676443442526
  0.76319895129449422  0.77269686420166916  0.78277224436641801  0.79306984199319064
  0.80380663407070585  0.81501373748872274  0.82626620194055067  0.83712591410950776
  0.84742046184028486  0.85748213172857712  0.86722760334252325  0.87692827307493648
  0.88721896491549579  0.89779078753372465  0.90826138767707831  0.91806248643448052
  0.92718056907122304  0.93650209342651169  0.94667228376736157  0.95711444243320287
  0.96738153442417418  0.97771093164662171  0.98849948936286314  1.00000000000000000
 -0.00234180545896701  0.00931643136910070  0.01934275352692833  0.02993268088712896
  0.04074158485615789  0.05061475237996937  0.06099394727691228  0.07157727980339551
  0.08241474079379182  0.09318712670976956  0.10373988290137040  0.11451674490266546
  0.12469260555220546  0.13468331615272755  0.14434204859511207  0.15433803386698736
  0.16438889294165787  0.17532183788276171  0.18649485756321230  0.19763446241654042
  0.20862097916454064  0.21891359872499896  0.22944915767934651  0.24026476862607143
  0.25142895743883747  0.26216696466429557  0.27230753957135190  0.28271725447802748
  0.29367765516536171  0.30523444922152831  0.31706630211051601  0.32848051707121700
  0.33975486284065615  0.35108601337422635  0.36165130250881905  0.37207359660742562
  0.38251759836105109  0.39301401117462836  0.40246489067370311  0.41052285910857311
  0.41944813820459920  0.42960120410029684  0.44014538864746133  0.45074500442712573
  0.46069017253086086  0.47075774205889526  0.48054558734200326  0.49068547229864073
  0.50055036612511428  0.51069812707765494  0.52167087244945343  0.53426840190563252
  0.54737002259886125  0.56029426817260020  0.57230448319176441  0.58394124251658330
  0.59411573250018757  0.60519485940775908  0.61671783074666064  0.62807935016484207
  0.63892769168499375  0.64916880759307671  0.65921960046391848  0.66917234085158073
  0.67849830524053723  0.68731804491120041  0.69631208549024082  0.70569516965318124
  0.71668734584413163  0.72893212945488695  0.74097373279814172  0.75236932280159941
  0.76385167521886699  0.77421769093174708  0.78418925910479564  0.79387447237136632
  0.80275921396593719  0.81152538517819417  0.82045199531787927  0.82933792456609523
  0.83841577714265603  0.84814626273533167  0.85838219919328540  0.87010087222275645
  0.88132590630790042  0.89205368519549177  0.90285597344674307  0.91433742876831681
  0.92585167504978805  0.93668063665508206  0.94678654542772012  0.95681656473673982
  0.96744538206102182  0.97802223062919125  0.98922199369670294  1.00000000000000000
 -0.00212359278601096  0.00923993601583001  0.01934225435057192  0.02963644984659188
  0.04035445720839554  0.05206569432339301  0.06349052819886966  0.07352968092816266
  0.08307840032757226  0.09336774066327322  0.10397768069768425  0.11424925006013531
  0.12486127302302071  0.13577258197445519  0.14640964368094736  0.15662623567041473
  0.16700844390175532  0.17796501119451219  0.18925574424706659  0.20106888459321218
  0.21307046321792708  0.22454264582056188  0.23513398785062001  0.24542625274700389
  0.25576635556851546  0.26623354990448572  0.27714119099271789  0.28829972232370465
  0.29897260259145436  0.30891521491973661  0.31859157332123045  0.32852335632242785
  0.33902918887436673  0.34925781025625163  0.35945767271131918  0.36931656786064293
  0.37895423522942989  0.38834700773000447  0.39738034986828957  0.40754879469667538
  0.41711902767976422  0.42767491465026347  0.43796325288854554  0.44905239913668643
  0.46097515616678680  0.47257794269018411  0.48355992608673853  0.49363062434142446
  0.50324434411806251  0.51161368375906036  0.52077677947764911  0.53022825028018528
  0.54098828980436164  0.55162049973220417  0.56247826949693058  0.57235483993478886
  0.58106075731258733  0.58922061652279367  0.59707389511698483  0.60676469162694302
  0.61759787288829870  0.62913866070485291  0.64048223666765214  0.65151400239429424
  0.66230346312938992  0.67365931281147706  0.68529937846248579  0.69715424101230550
  0.70830709482039922  0.71858838719444962  0.72919829637503353  0.73999049768895020
  0.75072502426008791  0.76054444088291584  0.77132017910980433  0.78176120117190528
  0.79131414028417146  0.80072341782080858  0.81086383422590658  0.82195927350937392
  0.83302546022712698  0.84412770247112234  0.85576541803201522  0.86777797626473130
  0.87965154880149765  0.89134904887959865  0.90278831518696656  0.91397236643210267
  0.92529925212418762  0.93647942522286454  0.94757343134145378  0.95746939023503630
  0.96708360788592307  0.97716810922703445  0.98835860524237773  1.00000000000000000
  0.39432736038784927  0.54490130435174666  0.55453596968485064  0.56509818296223968
  0.57325194304969052  0.57967707428899695  0.58634569160687011  0.59366190738888114
  0.60073053804661447  0.60632605810989071  0.61137946831531598  0.61676197401913879
  0.62261266136886295  0.62808238684064688  0.63280643369101341  0.63747316196357384
  0.64170310907890893  0.64570115259832894  0.64959911914971380  0.65458364688106008
  0.66082509310464244  0.66734868526357016  0.67357181602035154  0.67912112037849626
  0.68422436838886491  0.68927079617211440  0.69489529971501662  0.70057943823211488
  0.70596661239210778  0.71105068490414491  0.71619752108413304  0.72151968040066228
  0.72711533453371047  0.73261876623225453  0.73801191512722297  0.74320511492701069
  0.74801457675376470  0.75271986276898151  0.75767042808400042  0.76320701542979852
  0.76871907056623345  0.77346633834270873  0.77801808726746347  0.78273395540777202
  0.78775388633242938  0.79243623152130493  0.79678692636577819  0.80116592592369851
  0.80567335437604837  0.80994900579296547  0.81398617074494917  0.81780636785142913
  0.82177297989870035  0.82621156213968194  0.83057019774378327  0.83508983021105687
  0.83949366741576503  0.84369694391667538  0.84768870805746666  0.85171363913373377
  0.85588516969552597  0.86024695648320415  0.86467139934387893  0.86906560012889644
  0.87354107304340800  0.87813871455869297  0.88273821120632301  0.88723445464250517
  0.89155486054527500  0.89561078711557451  0.89954874546982888  0.90361852857648151
  0.90763570518399128  0.91174916452793153  0.91564011970316206  0.91936285195845235
  0.92306744494508219  0.92678843808448697  0.93044061577982096  0.93406639850004813
  0.93768053159436737  0.94126285472945748  0.94490085208606245  0.94851657008184243
  0.95227696256008798  0.95607389874065307  0.95987316762903163  0.96391906018101747
  0.96792625874825478  0.97204179371403532  0.97621316335665220  0.98039677506441769
  0.98472392195610314  0.98932600494535450  0.99420181566997945  1.00000000000000000
  0.00066002830539045  0.06250742174559037  0.08706112075967896  0.09821482892795041
  0.10804720077856952  0.11777426285997129  0.12555987414029277  0.13279017701601395
  0.13958926731441465  0.14529015158938188  0.15263684003377054  0.16135628407532990
  0.16726060919021407  0.17255641422893048  0.17782947656075498  0.18335866710436785
  0.18857525811658377  0.19365558952902445  0.19873568831081309  0.20407795806678525
  0.20928925454619363  0.21478727061484917  0.22060297745332760  0.22667657970773905
  0.23288699148740458  0.23947340445050394  0.24575363920754234  0.25138755481260489
  0.25721913425281812  0.26291228248046411  0.26882239460421642  0.27467024298692760
  0.28033265154587234  0.28635850632903553  0.29270755988049441  0.29913002872716332
  0.30534850013189985  0.31116796649882478  0.31666632974453984  0.32197385427094755
  0.32739617107939534  0.33300792253454375  0.33862926499867596  0.34424465825846473
  0.34943601603099567  0.35448112787424391  0.35961997980292409  0.36503798768829154
  0.37079322020018279  0.37701867686686052  0.38388629688684722  0.39074764232251269
  0.39733426327710580  0.40404509610310768  0.41081540041197889  0.41780265284721213
  0.42521301330307848  0.43290718544450518  0.44078221995077027  0.44881392579069057
  0.45655007020458849  0.46367742188213629  0.47102044562117590  0.47861378865589826
  0.48679103157236026  0.49490481017904353  0.50292840489933299  0.51075844648597390
  0.51883432785270700  0.52680957882763901  0.53471247294665036  0.54262618712946498
  0.55075727304702315  0.55957288962076257  0.56871049542447383  0.57816998462854452
  0.58770095247767862  0.59749253661457591  0.60771652795530051  0.61891146476835246
  0.63004596589586781  0.64100222722962363  0.65173223318658391  0.66260476162932125
  0.67410882015475260  0.68685736358368177  0.70060778360355469  0.71544379112121315
  0.73105863046220576  0.74691215429163649  0.76330451528750287  0.78240920041113304
  0.80446629406279080  0.83166124336249514  0.87666991283498474  1.00000000000000000
   4.0065277264288135E-006  -1.0000000000000000     
 F F F F F F F F F F F F F F F F F F F F F F F F F F F F F F F F F F F F F F F F F F F F F F F F F F F F F F F F F F F F F F F F F F F F F F F F F F F F F F F F F F F F F F F F F F F F F F F F F F F F F F F F F F F F F F F F F F F F F F F F F F F F F F F F F F F F F F F F F F F F F F F F F F F F F F F F F F F F F F F F F F F F F F F F F F F F F F F F F F F F F F F F F F F F F F F F F F F F F F F F F F F F F F F F F F F F F F F F F F F F F F F F F F F F F F F F F F F F F F F F F F F F F F F F F F F F F F F F F F F F F F F F F F F F F F F F F F F F F F F F F F F F F F F F F F F F F F F F F F F F F F F F F F F F F F F F F F F F F F F F F F F F F F F F F F F F F F F F F F F F F F F F F F F F F F F F F F F F F F F F F F F F F F F F F F F F F F F F F F F F F F F F F F F F F F F F F F F F F F F F F F F F F F F F F F F F F F F F F F F F F F F F F F F F F F F F F F F F F F F F F F F F F F F F F F F F F F F F F F F F F F F F F F F F F F F F F F F F F F F F F F F F F F F F F F F F F F F F F F F F F F F F F F F F F F F F
  <DiscreteSampler_grid>
  grouped_processes
  1 # 1 for a reference and 2 for a running grid.
  10 # Attribute 'min_bin_probing_points' of the grid.
  1 # Attribute 'grid_mode' of the grid. 1=='default',2=='initialization'
  0.0000000000000000 # Attribute 'small_contrib_threshold' of the grid.
  0.5000000000000000 # Attribute 'damping_power' of the grid.
 # binID   n_entries weight   weight_sqr   abs_weight
    19   10   2.085518312247565E-001   3.083587192281741E-001   2.085518312247565E-001
    20   10   2.085518312247569E-001   3.083587192281756E-001   2.085518312247569E-001
    22   10   5.194602057026439E-002   1.923150783965143E-002   5.194602057026439E-002
    23   10   5.194602057026454E-002   1.923150783965156E-002   5.194602057026454E-002
    25   10   2.093777296911059E-001   3.085931798087703E-001   2.093777296911059E-001
    26   10   2.093777296911062E-001   3.085931798087713E-001   2.093777296911062E-001
    28   10   5.226435236407741E-002   1.925887746428589E-002   5.226435236407741E-002
    29   10   5.226435236407741E-002   1.925887746428589E-002   5.226435236407741E-002
    34   10   2.085518312247563E-001   3.083587192281737E-001   2.085518312247563E-001
    35   10   2.085518312247569E-001   3.083587192281756E-001   2.085518312247569E-001
    37   10   5.194602057026439E-002   1.923150783965143E-002   5.194602057026439E-002
    38   10   5.194602057026454E-002   1.923150783965156E-002   5.194602057026454E-002
    40   10   2.093777296911060E-001   3.085931798087707E-001   2.093777296911060E-001
    41   10   2.093777296911062E-001   3.085931798087712E-001   2.093777296911062E-001
    43   10   5.226435236407741E-002   1.925887746428589E-002   5.226435236407741E-002
    44   10   5.226435236407741E-002   1.925887746428589E-002   5.226435236407741E-002
  </DiscreteSampler_grid>
