  0.00000138414098589  0.00000141497420976  0.00000144279415151  0.00000146659021217
  0.00000149290257109  0.00000152171536849  0.00000155450372843  0.00000159316493179
  0.00000164163492528  0.00000168774155035  0.00000173133525196  0.00000177424123692
  0.00000181995941510  0.00000187349995597  0.00000192947685538  0.00000198324278581
  0.00000203601709736  0.00000208668416230  0.00000215089833619  0.00000222314844424
  0.00000230195076771  0.00000236631450159  0.00000242272273101  0.00000248825165045
  0.00000255899097981  0.00000262944301380  0.00000270118959891  0.00000277417414357
  0.00000285272784076  0.00000293819229147  0.00000301213834918  0.00000309013894840
  0.00000316694911643  0.00000325283391810  0.00000334696742200  0.00000344752197591
  0.00000354875422350  0.00000364908826824  0.00000375200820276  0.00000385539997676
  0.00000395305471008  0.00000405679852862  0.00000416057317530  0.00000426874166089
  0.00000438509449505  0.00000450619704882  0.00000462822122304  0.00000476440519818
  0.00000491952645208  0.00000507720392462  0.00000522029470403  0.00000535367667198
  0.00000550773755348  0.00000568762083081  0.00000589531822834  0.00000608959870256
  0.00000630280663063  0.00000654530378809  0.00000681716926607  0.00000710830166642
  0.00000740715461542  0.00000771361056821  0.00000809577461073  0.00000845081820889
  0.00000883283388472  0.00000925046877711  0.00000969881841196  0.00001019280284647
  0.00001082090603895  0.00001138544951208  0.00001201485175453  0.00001285828358235
  0.00001396227274928  0.00001526062532726  0.00001656147149012  0.00001788083513624
  0.00001936206965056  0.00002104319695072  0.00002314461172563  0.00002570723695676
  0.00002930411706746  0.00003427562233069  0.00004047413700084  0.00004758521026299
  0.00005457788888824  0.00006337018874414  0.00007574153069551  0.00009658447365496
  0.00013931754414133  0.00021480757170625  0.00032305012199470  0.00053185519639132
  0.00090813291362243  0.00181420863831752  0.47813621617468982  1.00000000000000000
  0.00000011987013032  0.00000022187860671  0.00000028105201824  0.00000032389351365
  0.00000036225523873  0.00000039562019537  0.00000042520415979  0.00000045414880524
  0.00000048563841345  0.00000051931185316  0.00000055846914815  0.00000060215045855
  0.00000064682377953  0.00000069123241376  0.00000072757500236  0.00000076028899840
  0.00000079801199959  0.00000083986189350  0.00000089208067551  0.00000096445687503
  0.00000104683759395  0.00000111366456376  0.00000119396379559  0.00000128111436246
  0.00000138312338159  0.00000151224975595  0.00000166030894504  0.00000180200133026
  0.00000194401996697  0.00000210514666329  0.00000228117966101  0.00000250171331316
  0.00000276371184395  0.00000303762770956  0.00000328899155620  0.00000350706513641
  0.00000371293488717  0.00000392376998428  0.00000415819168069  0.00000446650615709
  0.00000479267475076  0.00000520082850772  0.00000569125705689  0.00000632657667511
  0.00000705392095460  0.00000789543386755  0.00000883148639334  0.00000986388459150
  0.00001098066915637  0.00001214864782726  0.00001342462217507  0.00001500956024298
  0.00001661456411330  0.00001828913177503  0.00001988620244164  0.00002156301462915
  0.00002354324691008  0.00002586396506379  0.00002853624867303  0.00003137050451216
  0.00003441578466330  0.00003856267138497  0.00004339475817617  0.00004910858075716
  0.00005553942205466  0.00006288319943738  0.00007141342550023  0.00008055998209844
  0.00009222507254188  0.00010825199426574  0.00012874391923134  0.00015418213314582
  0.00018306446553516  0.00021447579940697  0.00024819061745237  0.00028855137367902
  0.00033593131712638  0.00038104767256392  0.00043095243779415  0.00048986578238503
  0.00056234220920637  0.00064859351974721  0.00075544453951817  0.00089367850919588
  0.00105686319652412  0.00125870048840421  0.00155861981812389  0.00225311762160439
  0.00296154333453836  0.00366554524908417  0.00473431970136542  0.00649060674232882
  0.00903177494506937  0.01263776889907720  0.61448430581859970  1.00000000000000000
  0.00000263508236445  0.00000282365263387  0.00000300917735091  0.00000317929290959
  0.00000334462527457  0.00000353329376313  0.00000376509084553  0.00000402172249602
  0.00000431213716042  0.00000459745687617  0.00000493006929949  0.00000531649607856
  0.00000568697725492  0.00000603085226342  0.00000631029073394  0.00000659098188010
  0.00000686658113877  0.00000715854334850  0.00000745767808659  0.00000782852437471
  0.00000823416144926  0.00000869866217820  0.00000922264122444  0.00000979444371714
  0.00001036116561988  0.00001094116056202  0.00001149001014336  0.00001199119641879
  0.00001249660965692  0.00001301560664585  0.00001355462460707  0.00001410871886768
  0.00001477039650459  0.00001556947057754  0.00001643066869708  0.00001740779625089
  0.00001846701507826  0.00001970336713894  0.00002101339491993  0.00002250833734098
  0.00002413184105541  0.00002574900410821  0.00002736326787760  0.00002910110169069
  0.00003068077240921  0.00003254281577606  0.00003458430246319  0.00003671980136617
  0.00003895336379487  0.00004132269535463  0.00004383651706263  0.00004646588636988
  0.00004941057407556  0.00005303608542908  0.00005706233953076  0.00006162760759850
  0.00006669312400724  0.00007279961342118  0.00007992655009953  0.00008822286666804
  0.00009721922636630  0.00010639333150579  0.00011602893375563  0.00012611409645813
  0.00013691402132891  0.00014794309253429  0.00016230115780466  0.00017784913879610
  0.00019723431106150  0.00021978884592828  0.00024626590295340  0.00027796336104357
  0.00031534159500988  0.00035500750188599  0.00039818123871007  0.00044819748534999
  0.00050882447206483  0.00058704926773039  0.00066485084086075  0.00074872329613416
  0.00084129617748250  0.00092686314143333  0.00106512454000677  0.00127728253243603
  0.00157324429405725  0.00182449542519125  0.00199860382329276  0.00220712372909604
  0.00248146450022507  0.00281130350142109  0.00306053833817840  0.00392047160592972
  0.00485674988030489  0.00593136772687846  0.15023315863349929  1.00000000000000000
  0.00000235019819290  0.00000269238258665  0.00000300455964485  0.00000339400472048
  0.00000388587075849  0.00000448417721155  0.00000515917242985  0.00000586653759264
  0.00000652576755224  0.00000722121518672  0.00000793560089982  0.00000880695536642
  0.00000975796060146  0.00001080345333388  0.00001198471332562  0.00001336252076092
  0.00001508382960757  0.00001700382895659  0.00001886849396083  0.00002088885216627
  0.00002300796606295  0.00002522730159405  0.00002756550889478  0.00003006406532070
  0.00003293585947698  0.00003591054003384  0.00003906384697239  0.00004239479671876
  0.00004583741867551  0.00004960920088309  0.00005391069548480  0.00005841895300228
  0.00006298628485145  0.00006824138103958  0.00007361414132808  0.00007905993327257
  0.00008461883477601  0.00009043837840954  0.00009688699515388  0.00010340145393795
  0.00010972627543645  0.00011650756853550  0.00012434994308968  0.00013339244046192
  0.00014217395496766  0.00014934488841477  0.00015641227675639  0.00016448368867561
  0.00017511041098332  0.00018821149593524  0.00020098534262938  0.00021113218783471
  0.00022290398012985  0.00023537431516125  0.00024941893652010  0.00026802788586705
  0.00029177910724976  0.00031417350121159  0.00033864388537325  0.00036438690004678
  0.00039001793389669  0.00041593994066311  0.00044327872097610  0.00047418598352874
  0.00051310047389826  0.00055401037416687  0.00059523576387625  0.00063868737199162
  0.00068920952814649  0.00074400188339284  0.00080155088042817  0.00085523971914866
  0.00091160009125141  0.00097259788192860  0.00104621714555268  0.00113439841559528
  0.00125954540459201  0.00141318359234537  0.00155998718237941  0.00165957133961666
  0.00175767802568115  0.00186501397855154  0.00197018741963153  0.00208344028514803
  0.00220505908481822  0.00238420616608817  0.00278739282861492  0.00325500141016990
  0.00410575083612580  0.00498252945661869  0.00541312410022559  0.00583799958521851
  0.00632722417345398  0.00719984861803854  0.14943709935514760  1.00000000000000000
 -0.00261339053278381  0.00924764813286219  0.01948992764452223  0.03008013434043253
  0.04120245890850206  0.05126101490243930  0.05976909113361932  0.06773362115387815
  0.07563461774868213  0.08439327118202142  0.09502772159877085  0.10632714209804639
  0.11684830802821142  0.12674877689365674  0.13796677639949803  0.14897190723585380
  0.15800161906401036  0.16585049008369437  0.17306561595086753  0.17955554489536832
  0.18585752487926679  0.19233538521795318  0.19972717618982483  0.20970867456469078
  0.22199833595150828  0.23283348467550630  0.24421635907133435  0.25605881324540342
  0.26970957005072821  0.28433071854666570  0.29938092115515064  0.31484820324336704
  0.32879404992935707  0.33884515388190012  0.34763686064375482  0.35678915530239730
  0.36680713612931504  0.37788709320626063  0.38953545203224393  0.40328741880214558
  0.41928573387285339  0.43464909238137628  0.44999028648650458  0.46518345806526534
  0.47938748299056982  0.49129141015482042  0.50229652552267889  0.51364494074331968
  0.52624841109726150  0.53951339484493899  0.55387918482445908  0.56820890786491074
  0.58285236313524136  0.59858876258704707  0.61274150619498802  0.62439570416429435
  0.63564124703059899  0.64708309887287374  0.65932930709976290  0.67085116555055069
  0.68346775046878094  0.69798682484745944  0.71363541802110420  0.72811039282446843
  0.74153234252278388  0.75307318164510983  0.76229775494239782  0.77200468374321252
  0.78172245437084664  0.79123166443683079  0.79944826524560209  0.80779199608643260
  0.81685333144831007  0.82596848958271751  0.83470746440488641  0.84319500448220597
  0.85171823377295774  0.86038581054897567  0.86995995857491382  0.87773755906937045
  0.88566039311297828  0.89404134777464317  0.90293284645269190  0.91184724033215570
  0.92071917740873821  0.92886571523489825  0.93613191892912873  0.94436951024337734
  0.95085715800943138  0.95677854181702704  0.96316924156168138  0.96980214918831475
  0.97695408170905429  0.98463431352419584  0.99257102762619875  1.00000000000000000
 -0.00269635873450206  0.01126845107957792  0.02302371740443729  0.03530931175053382
  0.04744859773340322  0.05966132253072300  0.06943823679024920  0.07935660637523377
  0.08903679548136965  0.09953396531527071  0.11283485976903379  0.12832085585390846
  0.14260426209344731  0.15312666259781069  0.16187632145310496  0.17063181756835571
  0.17984156197775011  0.18928605496335138  0.19799821918088989  0.20623478177726989
  0.21558425229192496  0.22650848975711921  0.23802483901768981  0.24981509016603132
  0.26163616465751127  0.27297820682349239  0.28318888248836921  0.29326726502903799
  0.30426125203567578  0.31649799569173254  0.32998749219058393  0.34302048013085751
  0.35561237341387680  0.36683692660843570  0.37733115917216947  0.38721473545724028
  0.39688172518729670  0.40648369935399625  0.41724694293902642  0.42656387729717704
  0.43672961178326841  0.44714461000455974  0.45661090463677589  0.46673050385907544
  0.47677554956578949  0.48867280442020328  0.50133404434430118  0.51551203882053886
  0.52770941066927690  0.53781118608598266  0.54767973388629410  0.55780886012227682
  0.56879088106405906  0.58142982122344034  0.59499820949139914  0.61051483069942880
  0.62466224346159027  0.63851627870397643  0.64912134831419099  0.65858512963001148
  0.66758413961423890  0.67692008244785529  0.68709380074884019  0.69677195989422935
  0.70719536428045060  0.71838566192486242  0.72928086152139437  0.73951704209380487
  0.74931346008132071  0.75963044518635903  0.77009368159103186  0.77876629157351251
  0.78653010394480705  0.79428561369676765  0.80285627125737768  0.81263697321310979
  0.82257192454986749  0.83191030068064420  0.83948880707981299  0.84763172145820020
  0.85517778910409659  0.86491941971159525  0.87366396382729417  0.88216855703877517
  0.89081752991691077  0.89997863321518567  0.91050106386645913  0.92014099939714855
  0.92847269262209220  0.93525270686360706  0.94311252979535454  0.95164585253209788
  0.96211088859716232  0.97403944153130406  0.98666645939222197  1.00000000000000000
 -0.00212085280608655  0.00965816151559401  0.01757978916694727  0.02563437064609773
  0.03271739306395499  0.04006944045546877  0.04873850006564209  0.05867711704393826
  0.07063908448065481  0.08150192751686534  0.09312296299843709  0.10446060918217623
  0.11470726237788241  0.12675805420275282  0.13946591019491439  0.15218318932899313
  0.16396863611512674  0.17588350805440120  0.18796918761598355  0.19986787231034850
  0.21164724231649876  0.22383089633840644  0.23491983151774085  0.24513134525295191
  0.25475812739392462  0.26322799624242182  0.27126543021386818  0.27929918303033446
  0.28750046373858923  0.29533405162052057  0.30485025254695031  0.31359443117909852
  0.32236851618716394  0.33104054148595419  0.33996348523547421  0.34867385208939661
  0.35696826677609161  0.36510614449964429  0.37347153594086835  0.38305501954047494
  0.39357659411197127  0.40431180598193545  0.41496286950639144  0.42805610012111084
  0.44116405927019842  0.45328369250241340  0.46452293762455621  0.47431407837662332
  0.48257435241405228  0.49018087645960917  0.49832255208689419  0.50770380843023444
  0.51790944914990167  0.53112518175302581  0.54394309666865570  0.55814013356333847
  0.57234317799198420  0.58577385151469996  0.59758518606496647  0.60941632368490350
  0.62203828984009468  0.63354497419762978  0.64562267582464361  0.65856497360528710
  0.67151887985530512  0.68441290904599317  0.69743862552677027  0.70937537941758955
  0.71925549392252419  0.72952843316537697  0.74051293632893489  0.75216069852500222
  0.76335097146744080  0.77367567491710854  0.78346162790890539  0.79348266814748647
  0.80383644103572527  0.81521283363508090  0.82653480107742905  0.83805180005613600
  0.84936723851436224  0.85994557138029748  0.87007688953461360  0.88039402546161405
  0.89113731299280352  0.90219314540820272  0.91339558250658370  0.92436974770385283
  0.93557960575096932  0.94713188273829085  0.95866821289792881  0.96908823083328677
  0.97825156371189914  0.98601137133334593  0.99325882690956502  1.00000000000000000
 -0.00195653895813272  0.00974009186275827  0.01994274413426224  0.03081085749900767
  0.04401652422516865  0.05510294684493922  0.06660022512294995  0.07703271476168472
  0.08588886420820363  0.09415635791834252  0.10153747214402722  0.10935863429106615
  0.11713131315126295  0.12493937101904302  0.13258863204633137  0.14106757843264225
  0.15046438549408914  0.16017311370587037  0.17002627799673878  0.17972901947270928
  0.19111806987606786  0.20352473735423957  0.21552114964066532  0.22692063831016682
  0.23899475029971506  0.25004548462587095  0.26076500106132983  0.27166147545834873
  0.28280487685193118  0.29427448730473271  0.30582545531794580  0.31980388816346689
  0.33380741970353944  0.34452414527831160  0.35385718301268115  0.36335726099147858
  0.37414136449226493  0.38666239218349990  0.40002557341491940  0.41162061142323669
  0.42192655035447468  0.43132244672137104  0.43977511826864119  0.44746151632460757
  0.45526117781216369  0.46332757692803322  0.47188688870962503  0.48091157859749939
  0.49077246907667621  0.50066607586385570  0.51134100669968086  0.52175554961041559
  0.53187626605503824  0.54251193075711557  0.55440817461586800  0.56739354717254653
  0.57949308560450563  0.58946373487572645  0.59864732533528864  0.60795237604193941
  0.61838608201985945  0.62873509318841947  0.63933202965229818  0.65108945434273380
  0.66204210545215447  0.67220376890416222  0.68265012670753178  0.69501567734649006
  0.71015688778358343  0.72396823681888944  0.73511486473615772  0.74559733819807994
  0.75512424732909211  0.76584320958034235  0.77638519775868942  0.78855141201683066
  0.80174100160722672  0.81324084120399542  0.82432769828886843  0.83524529760851907
  0.84675283995425243  0.85986718433347409  0.87345036215280569  0.88509413999611819
  0.89598706799073047  0.90708791400735278  0.91916905480165823  0.93153616689259633
  0.94291600073043669  0.95303080499895487  0.96207401551023075  0.96890061445255471
  0.97577763615329505  0.98284437846209272  0.99132275398329650  1.00000000000000000
 -0.00315069832269814  0.01241277409873068  0.02384468522535252  0.03389241184616430
  0.04416395690197066  0.05437881993416800  0.06458996243060255  0.07475121305236851
  0.08537518365749767  0.09641986315922953  0.10749129474200354  0.11786370559788475
  0.12748278910371263  0.13668745081163036  0.14475850737507653  0.15295919706920919
  0.16184947991155640  0.16951086188891754  0.17883635505793266  0.18898762603910846
  0.19920334049589583  0.20947970396271692  0.21952566534751236  0.23001311989186102
  0.24116727955225298  0.25267154800362873  0.26285848953928487  0.27228776572883834
  0.28237196492096800  0.29338958740324406  0.30604073558262207  0.31909220012931744
  0.33169089610273683  0.34437953977241126  0.35630886791208055  0.36598877464951785
  0.37498939364259037  0.38432606313744183  0.39425563875017161  0.40520049358504462
  0.41403481987596197  0.42126140915282745  0.43055256540214287  0.43927225373081213
  0.44774498361160919  0.45825767589691924  0.46994950068725339  0.48228168312065101
  0.49260487355416521  0.50387082851827225  0.51442823710567354  0.52362879133694329
  0.53156003136598129  0.53894638654665239  0.54757039639468652  0.55683528291572992
  0.56612531646365538  0.57513403012346043  0.58353060238993693  0.59237149561102032
  0.60115783001517020  0.61012312122676426  0.61977588141417084  0.62974900127045419
  0.64006939270722985  0.65219130171717310  0.66627585064687622  0.68050753220344307
  0.69268935158330724  0.70216714307811867  0.71156865290492866  0.72116644272535302
  0.73091611510292998  0.74035111860622849  0.74959847976437777  0.75917306891622782
  0.76955148073823632  0.78044656131263590  0.79364457296437541  0.80711963815384313
  0.82035115859100483  0.83334673465143072  0.84596738598620369  0.85877028580652204
  0.87086540844061122  0.88400899810499434  0.89735260770250513  0.90991959087098118
  0.92172139089965710  0.93290241570270005  0.94384602457585021  0.95423413662254597
  0.96461313642488222  0.97570497081255159  0.98790184372816880  1.00000000000000000
 -0.00010713564880859  0.00000452604610075  0.00012163136500605  0.00040543563690070
  0.00067251806831881  0.00081551784745234  0.00095671804023778  0.00109385225219445
  0.00123066025880585  0.00136728412734162  0.00152883611961363  0.00169395019421393
  0.00186301660974572  0.00203672647426175  0.00220999701703284  0.00238130976359910
  0.00254795048115418  0.00271615494906595  0.00289925838804192  0.00309578817181305
  0.00330324836879271  0.00351925040079328  0.00374808972074618  0.00398787174194445
  0.00418306604901004  0.00438234734790092  0.00459519727149143  0.00479353782271963
  0.00496978764065846  0.00511471339193675  0.00524314442854016  0.00537705841541514
  0.00550908548076280  0.00564808993267207  0.00579775457034497  0.00591800804720923
  0.00602884400512310  0.00613787815838086  0.00624897201176303  0.00636595079316091
  0.00649401904124223  0.00662480973467118  0.00674637647519148  0.00686343561794770
  0.00698501093961238  0.00712076091438929  0.00726933200613789  0.00739958064709911
  0.00753410393812666  0.00766049916761275  0.00778388432385237  0.00791634201544981
  0.00804783582356648  0.00816456038057046  0.00826820143869928  0.00836983949278487
  0.00847219748220895  0.00859189272511821  0.00871572471056659  0.00884401304109397
  0.00897252126604615  0.00910143366667967  0.00928630381298071  0.00964759657368307
  0.00989473125547345  0.01008438752814908  0.01026892595831366  0.01046102574467920
  0.01072357573636464  0.01108163754796272  0.01145290932114050  0.01181561016284272
  0.01225580859756512  0.01270790690482654  0.01320254898607691  0.01367506057295381
  0.01411739706175919  0.01456616393807324  0.01501127994682091  0.01544860971151009
  0.01589326317516750  0.01684882348809561  0.01900199187350527  0.02047824329071216
  0.02140413256371989  0.02256983913229815  0.02319550087504442  0.02381816781930694
  0.02422676908654730  0.02463638217918698  0.02523271363119139  0.02589153434333790
  0.02917975294876505  0.03929457923389790  0.66678357514304865  1.00000000000000000
 -0.00203258087711653  0.00772455021013224  0.01613030931066985  0.02485320430554312
  0.03468488914506697  0.04603674638946433  0.05882342405200347  0.07053171337127154
  0.07994365217102080  0.08805799395196459  0.09661009052038183  0.10470006572556985
  0.11247893113538826  0.12134879777144829  0.13041544385581685  0.13961186834255532
  0.14909588478705368  0.15850511500809353  0.16932589957379238  0.18202913604368021
  0.19393237432853536  0.20474982868357419  0.21566526099344832  0.22773385688257225
  0.23953890186130158  0.25196589540906777  0.26363530176962013  0.27614141388188107
  0.28811890054560024  0.30177365228518060  0.31478873999995605  0.32864525965853597
  0.34284486542355658  0.35594647481222907  0.36705058678694819  0.37808091621669010
  0.38800194154698331  0.39838185094021983  0.40916551101513560  0.42080222962730163
  0.43365753907611787  0.44730982615471121  0.46125734597663393  0.47394305553498833
  0.48702899576037145  0.49996200579966310  0.51247639655502719  0.52317365956195594
  0.53312660654874133  0.54283268388592076  0.55367301869572638  0.56625719694207410
  0.57883046805070404  0.59184294972125362  0.60400839233065362  0.61578980502392067
  0.62687073942943827  0.63750257889951711  0.64803479507721906  0.65829256921818891
  0.66868422412531514  0.68008594366785313  0.69268858417221402  0.70502185326907207
  0.71734305016427535  0.73178429370206632  0.74933697612247818  0.76455002682103701
  0.77764028202110591  0.78969968886495312  0.80119137180855204  0.81306453461234574
  0.82439165121222990  0.83508610344001988  0.84381143239464607  0.85165715235121298
  0.85971469574588533  0.86846091927526203  0.87784398976420053  0.88672616176526076
  0.89533375999521203  0.90299922880737304  0.90973267558757742  0.91652330948625593
  0.92377614399843688  0.93207619087449134  0.94046932247615977  0.94879550655119671
  0.95717524832690570  0.96456411276179810  0.97178160772253652  0.97923256701541461
  0.98574866687347573  0.99118644484473706  0.99577691810141855  1.00000000000000000
  0.50834365416392546  0.52017551052830280  0.54159745093915623  0.57804298350548800
  0.59955178247818763  0.61122050236427905  0.62244202925751979  0.63810052267541850
  0.65400529174668187  0.66585459067203456  0.67423905151589547  0.68065680353143343
  0.68764702711933434  0.69457969591681601  0.70193498332098903  0.70964765230707438
  0.71839552428064535  0.72629372768911715  0.73295782752867045  0.73976311007353857
  0.74725275407878367  0.75462386395493219  0.76121174751059129  0.76673572496173203
  0.77219381380394336  0.77792477097577439  0.78449163599177207  0.79059964323387621
  0.79665391813053110  0.80293381667352459  0.80939071135328855  0.81525557917775149
  0.82079762253386845  0.82608996671214174  0.83111274800527934  0.83562340522684453
  0.84000068228420599  0.84472750978475364  0.84937594653820203  0.85334759976354091
  0.85742114743490361  0.86175031540466540  0.86628222022560586  0.87086139023519904
  0.87499834464497939  0.87874998263376858  0.88241926341778532  0.88610096391240989
  0.88989704969575001  0.89378218957015421  0.89749906237408417  0.90101973661677903
  0.90431446936762139  0.90751905305541691  0.91059323472354081  0.91349926171730833
  0.91628760583656721  0.91903266462013156  0.92195874067430883  0.92497312227189155
  0.92787543615060086  0.93085784128311444  0.93385501348029054  0.93668148906811699
  0.93918355482350779  0.94150500211152321  0.94357663795650049  0.94574455949660929
  0.94787466683370247  0.94998696987879971  0.95219373442893773  0.95468873612195793
  0.95710935654669038  0.95931086106106100  0.96137959082749536  0.96332626643825980
  0.96521838788475200  0.96711331425694336  0.96900998476280642  0.97104671839567924
  0.97280399742115153  0.97448180990776345  0.97614894810268615  0.97784437514018330
  0.97956306906661972  0.98124225059468928  0.98291836243621955  0.98453872951448074
  0.98620027719743220  0.98799221755450106  0.98992738063489927  0.99181047165350300
  0.99357432950060720  0.99541268810300909  0.99739443219290025  1.00000000000000000
  0.01078331201151122  0.12612236440449437  0.14909450118854339  0.17374905539187180
  0.19889536624499235  0.22258740295103596  0.24157251551817682  0.25977835397142268
  0.27859197634290239  0.29639223391343306  0.31398038268045897  0.32956129657823269
  0.34358510194573338  0.35583694031243301  0.36703235627549380  0.37691651848401786
  0.38643663998828226  0.39626393391653747  0.40585657679600962  0.41471395542138084
  0.42334005557464627  0.43214769324165547  0.44105719669667498  0.44939945649204133
  0.45716806886161471  0.46482125855513146  0.47282306300473953  0.48067950947488997
  0.48829763293443967  0.49570880447878407  0.50297644194150293  0.51028845506689346
  0.51713209420566930  0.52291334493145003  0.52809382844816344  0.53341584347393789
  0.54005971131441877  0.54725555430379236  0.55416641423615598  0.56057208086243515
  0.56707569881873132  0.57392096704763484  0.58100089539297306  0.58902141879009629
  0.59745984209489555  0.60509981682173564  0.61212450919691930  0.61860210050608699
  0.62431342955169711  0.62926492636138842  0.63458721965367615  0.64057019717628294
  0.64685811094496293  0.65217554697596491  0.65708219445524862  0.66211933977120763
  0.66755578342516209  0.67291951455151056  0.67791418671688586  0.68276058641616511
  0.68764061942547283  0.69288216191931662  0.69843482976441917  0.70366518017428203
  0.70919077597476254  0.71494098478323531  0.72049981633997073  0.72611322460441385
  0.73191645513075454  0.73802043467909995  0.74459964907549270  0.75009358588972841
  0.75549754647648781  0.76081960693911110  0.76612420760135413  0.77177171343131679
  0.77772862414429822  0.78340564633687382  0.78902582065713800  0.79475475786945804
  0.80103893416092553  0.80780548829065468  0.81487184070056151  0.82196703366562429
  0.82876343577396938  0.83597619468973128  0.84391316549087592  0.85129818228599596
  0.85936303275623660  0.86621493314175868  0.87180675601921021  0.88083162610516841
  0.89108771027709022  0.90720178937273532  0.93801169666181416  1.00000000000000000
   3.8551463471059366E-007  -1.0000000000000000     
 F F F F F F F F F F F F F F F F F F F F F F F F F F F F F F F F F F F F F F F F F F F F F F F F F F F F F F F F F F F F F F F F F F F F F F F F F F F F F F F F F F F F F F F F F F F F F F F F F F F F F F F F F F F F F F F F F F F F F F F F F F F F F F F F F F F F F F F F F F F F F F F F F F F F F F F F F F F F F F F F F F F F F F F F F F F F F F F F F F F F F F F F F F F F F F F F F F F F F F F F F F F F F F F F F F F F F F F F F F F F F F F F F F F F F F F F F F F F F F F F F F F F F F F F F F F F F F F F
  <DiscreteSampler_grid>
  grouped_processes
  1 # 1 for a reference and 2 for a running grid.
  10 # Attribute 'min_bin_probing_points' of the grid.
  1 # Attribute 'grid_mode' of the grid. 1=='default',2=='initialization'
  0.0000000000000000 # Attribute 'small_contrib_threshold' of the grid.
  0.5000000000000000 # Attribute 'damping_power' of the grid.
 # binID   n_entries weight   weight_sqr   abs_weight
    13   10   2.543018862454250E-003   1.633801951239975E-005   2.543018862454250E-003
    14   10   2.543018862454249E-003   1.633801951239975E-005   2.543018862454249E-003
    16   10   6.331290052801041E-004   9.985584082330039E-007   6.331290052801041E-004
    17   10   6.331290052801041E-004   9.985584082330043E-007   6.331290052801041E-004
    22   10   2.543018862454248E-003   1.633801951239975E-005   2.543018862454248E-003
    23   10   2.543018862454249E-003   1.633801951239975E-005   2.543018862454249E-003
    25   10   6.331290052801041E-004   9.985584082330039E-007   6.331290052801041E-004
    26   10   6.331290052801043E-004   9.985584082330043E-007   6.331290052801043E-004
    31   10   2.543018862454249E-003   1.633801951239976E-005   2.543018862454249E-003
    32   10   2.543018862454250E-003   1.633801951239976E-005   2.543018862454250E-003
    34   10   6.331290052801044E-004   9.985584082330050E-007   6.331290052801044E-004
    35   10   6.331290052801047E-004   9.985584082330056E-007   6.331290052801047E-004
  </DiscreteSampler_grid>
