  0.00000010858548433  0.00000011492859766  0.00000011887883089  0.00000012282906412
  0.00000012677929735  0.00000013072953058  0.00000013467976381  0.00000013862999703
  0.00000014258023026  0.00000014653046349  0.00000015048069672  0.00000015345851407
  0.00000015621927533  0.00000015898003659  0.00000016174079786  0.00000016450155912
  0.00000016726232038  0.00000017002308165  0.00000017278384291  0.00000019553767217
  0.00000021001801191  0.00000022297285587  0.00000023479893284  0.00000024757192966
  0.00000025960007826  0.00000027313754065  0.00000028543086320  0.00000029800577817
  0.00000031167871429  0.00000032667030087  0.00000034912442631  0.00000037960648309
  0.00000041243621932  0.00000044655445164  0.00000048346430207  0.00000052353855609
  0.00000056826338025  0.00000061635807924  0.00000066713692175  0.00000071973923247
  0.00000077841464199  0.00000084304720385  0.00000091628710542  0.00000099777532669
  0.00000108180313181  0.00000117610657418  0.00000127781632914  0.00000138918773184
  0.00000151123213159  0.00000164995057112  0.00000180547402410  0.00000196943204089
  0.00000212745097314  0.00000228910086427  0.00000249610726586  0.00000273768487600
  0.00000302452950971  0.00000333272145561  0.00000369493187729  0.00000407892605122
  0.00000450274759432  0.00000499698517238  0.00000556236839320  0.00000622136205173
  0.00000699636712127  0.00000798077294409  0.00000907091658344  0.00001027601632951
  0.00001163394125893  0.00001316290967577  0.00001503269795034  0.00001691718846042
  0.00001900352193758  0.00002141022314396  0.00002478543216000  0.00002887708881083
  0.00003358278990965  0.00003903080543843  0.00004632574275876  0.00005592830049007
  0.00006704734527208  0.00007920271328944  0.00009355247248577  0.00011305740377320
  0.00014013076289154  0.00017222560460820  0.00020825605972251  0.00025690322909440
  0.00033171344492303  0.00044751311621289  0.00059481963596764  0.00084028107511841
  0.00134238694628370  0.00250710969368672  0.10629873248379118  1.00000000000000000
  0.00000136175837994  0.00000147293410614  0.00000154266373808  0.00000161097849684
  0.00000167623606232  0.00000173651014216  0.00000179577400445  0.00000185836192061
  0.00000192665063416  0.00000200585357189  0.00000209500118820  0.00000219280065560
  0.00000229372289627  0.00000239538618348  0.00000249991810793  0.00000260889912306
  0.00000272292821832  0.00000282900876069  0.00000293151874659  0.00000304867879865
  0.00000317402634971  0.00000330563484341  0.00000345193294371  0.00000361251577915
  0.00000378123295138  0.00000396061794848  0.00000415438811056  0.00000436883799945
  0.00000456798794643  0.00000477932245303  0.00000500557145824  0.00000523564796498
  0.00000547338589390  0.00000573229687073  0.00000601602697387  0.00000631379314294
  0.00000662022527551  0.00000693469714097  0.00000725341073028  0.00000758388176561
  0.00000794824595978  0.00000831298668943  0.00000864293488953  0.00000902546792605
  0.00000945650707395  0.00000997865721876  0.00001036375345642  0.00001069477890413
  0.00001106464922514  0.00001144467797716  0.00001182960773123  0.00001221559226905
  0.00001291944305460  0.00001367482520539  0.00001446688475181  0.00001536334780295
  0.00001634238816856  0.00001733153951219  0.00001832903984076  0.00001932667554743
  0.00002053041556932  0.00002183080886674  0.00002336875398093  0.00002520682771578
  0.00002721802421634  0.00002940008948767  0.00003185611304762  0.00003476145314067
  0.00003816621440446  0.00004190073323067  0.00004574498557571  0.00004977099193788
  0.00005437132502314  0.00005993764765986  0.00006675595323955  0.00007465183082526
  0.00008248475061629  0.00009125205695600  0.00010112909997512  0.00011327290296073
  0.00012816581096615  0.00014874975526995  0.00017199068344072  0.00019703057611708
  0.00022291893430814  0.00025057821370912  0.00028901777829059  0.00035461518511970
  0.00044907657446247  0.00058326280997869  0.00077969308093294  0.00109536105062848
  0.00178794640928235  0.00339773869818333  0.03642202795259095  1.00000000000000000
  0.00000150128813634  0.00000185405845992  0.00000190961940511  0.00000196743292904
  0.00000202064403711  0.00000206556525589  0.00000211129282141  0.00000216015755968
  0.00000220943063313  0.00000225834558528  0.00000230461100823  0.00000237367110032
  0.00000245596904657  0.00000254555379722  0.00000263808384154  0.00000271993085599
  0.00000279633957847  0.00000287631225115  0.00000295964733729  0.00000304674392077
  0.00000314865172640  0.00000326581778386  0.00000339354965037  0.00000353779435987
  0.00000369780725162  0.00000386676277833  0.00000404970155720  0.00000423388633437
  0.00000442891301502  0.00000462323209849  0.00000486278807500  0.00000510764657933
  0.00000527362927086  0.00000538487918079  0.00000549763664028  0.00000561314326375
  0.00000572954636873  0.00000585104427441  0.00000597254218009  0.00000626807304531
  0.00000660664875165  0.00000698398454715  0.00000738342495191  0.00000783362795632
  0.00000828850131643  0.00000873782743615  0.00000924015691943  0.00000974823485161
  0.00001027136690458  0.00001087237291592  0.00001146885057265  0.00001209244843181
  0.00001269398942557  0.00001331828386219  0.00001404381387387  0.00001493019978206
  0.00001589106752787  0.00001706140558985  0.00001830829058963  0.00001965325295427
  0.00002111474312208  0.00002276617983792  0.00002467528638021  0.00002677159571976
  0.00002900471178360  0.00003136983338397  0.00003427457906819  0.00003770489977213
  0.00004147594132586  0.00004586996158875  0.00005034471184373  0.00005550196557544
  0.00006113787293486  0.00006740823432994  0.00007443929022992  0.00008218552672003
  0.00009113047953551  0.00010183823272940  0.00011494656164818  0.00013118362966987
  0.00014879241062441  0.00016908387584564  0.00019374248724131  0.00022393219041190
  0.00025767298147337  0.00029621566272187  0.00034018053999414  0.00039110815984447
  0.00046139225549407  0.00057060172951761  0.00073843491623943  0.00095466876523628
  0.00129633355052860  0.00193931117945061  0.03599025315514803  1.00000000000000000
  0.00000241927311308  0.00000250514917369  0.00000263115420356  0.00000278585340398
  0.00000293158224873  0.00000312385078480  0.00000334721343765  0.00000355844636582
  0.00000377203964879  0.00000399605087608  0.00000424463190813  0.00000450167407708
  0.00000477103000486  0.00000503269170585  0.00000535212086553  0.00000568475869792
  0.00000604611877011  0.00000644633726585  0.00000688422294402  0.00000732543928752
  0.00000770502061348  0.00000808371868535  0.00000848255410947  0.00000891367404750
  0.00000940779670232  0.00000993151715842  0.00001047393063902  0.00001103150887413
  0.00001164887802765  0.00001234958408431  0.00001318104319233  0.00001407821127865
  0.00001506522376808  0.00001602562190275  0.00001705885605736  0.00001812350738230
  0.00001919029638621  0.00002034966063627  0.00002155697120134  0.00002287671840575
  0.00002442989998725  0.00002574068229189  0.00002663316936156  0.00002757656120561
  0.00002854101569269  0.00002953302529016  0.00003092751848935  0.00003316890652045
  0.00003563135246756  0.00003831150981265  0.00004103783827667  0.00004392897893459
  0.00004693585511886  0.00005039536991400  0.00005408018471204  0.00005804882997206
  0.00006227415867854  0.00006677385539152  0.00007209751723072  0.00007777972372774
  0.00008452561475215  0.00009209411334965  0.00010037960100059  0.00010949974295976
  0.00011927261828994  0.00013016840341966  0.00014279455373144  0.00015648000676034
  0.00017142892917084  0.00018657982805926  0.00020191062314236  0.00021955525696417
  0.00024169395138538  0.00027116809757179  0.00030385443640441  0.00034101670805049
  0.00038549207365410  0.00043896382643563  0.00050633075552481  0.00058375450748030
  0.00066269829418608  0.00074947169163112  0.00085334168523332  0.00098940396851362
  0.00118587313427946  0.00153634415201405  0.00204050775516656  0.00272207484491901
  0.00344138382897894  0.00376725186208525  0.00409311989519157  0.00448758480446936
  0.00497512611346417  0.00546266742245897  0.02491037266739492  1.00000000000000000
 -0.00199495482990828  0.01078508807003889  0.02148681239591424  0.03307464412545129
  0.04450527031338140  0.05630722257717605  0.06717456805283514  0.07776290056866872
  0.08836710299343283  0.09969235436496876  0.11144799316290228  0.12257960279573926
  0.13300620774347097  0.14340500686746255  0.15420304308702837  0.16606115951184960
  0.17845705267314085  0.19095495783464855  0.20287287302230164  0.21404383719044420
  0.22481947866936328  0.23599043977641943  0.24786123969296139  0.26095870636734109
  0.27386982534406340  0.28628378644627817  0.29832549891424553  0.31051552962141926
  0.32288343952742954  0.33494254210716734  0.34680255107630636  0.35782579058536401
  0.36790109311501190  0.37723881974429185  0.38631878296767641  0.39587650903882937
  0.40605796106347192  0.41653162955210310  0.42780594266957378  0.43904743091929932
  0.44909197458800110  0.45860603251754406  0.46878636815960323  0.48112032950986749
  0.49352725210101356  0.50670725710272435  0.52048443533556654  0.53453503428525440
  0.54808779868355850  0.56053167188291253  0.57244375449742968  0.58466729315616450
  0.59717571261983049  0.60952304314457173  0.62096982645214571  0.63262741717606208
  0.64438856373958719  0.65489754452976934  0.66440350864332531  0.67397872731165231
  0.68374492772344786  0.69320271442261239  0.70282604186977626  0.71315778243470673
  0.72517448507956594  0.73822284345003653  0.75095965446470903  0.76332798774031219
  0.77507434286088495  0.78523400353417872  0.79488400891596145  0.80441923407075344
  0.81509009874870930  0.82656267996982102  0.83797542936590730  0.84896394739459535
  0.85677205047448735  0.86041148487419783  0.86405091927390831  0.86785974842874436
  0.87171569415975803  0.87562705997743062  0.87994466297224838  0.88426226596706614
  0.89229400847969043  0.90389232827780142  0.91424696014060902  0.92358569198287543
  0.93321655688410532  0.94248817682308694  0.95140818776587621  0.96096976477732210
  0.97069687367295809  0.98015929803349255  0.98964940391740408  1.00000000000000000
 -0.00230885374661967  0.00982736216684020  0.01992589720781677  0.03069208370778940
  0.04159207698757455  0.05262874195873894  0.06423986319313765  0.07548173775534039
  0.08639676101838023  0.09663365843942778  0.10657876031159089  0.11691165012545111
  0.12785640465554038  0.13987650550144573  0.15140010361336462  0.16215095796459650
  0.17220521854734791  0.18181600558023678  0.19045562816625022  0.19902951420187548
  0.20810622764660949  0.21833728822522294  0.23030325562059747  0.24120411544217155
  0.25132659538857383  0.26069604917782935  0.27061786962076628  0.27842488595704290
  0.28823843931452159  0.29799918206500225  0.30789820355538877  0.31894435726501508
  0.33049847865961990  0.34281366237062194  0.35448859132304306  0.36553266186464295
  0.37556607760539573  0.38475642651667386  0.39462243090547161  0.40491658798460095
  0.41645605896963961  0.42715290358337876  0.43759713806998585  0.44833287540316324
  0.45951354642527076  0.47068677609656961  0.48213150407782118  0.49423701573408840
  0.50663930675602531  0.51863854945293619  0.53036090930129842  0.54224268045528268
  0.55380943423679763  0.56536152813495189  0.57760837764464046  0.59028595507759962
  0.60326968426396543  0.61495063530522365  0.62680836742369650  0.63825021273037152
  0.64878171384258321  0.65875393787111713  0.66871719960120302  0.67925105784892859
  0.69026678292096610  0.70105125356223175  0.71113961749734944  0.72141134304849663
  0.73258786295775724  0.74531740315216766  0.75866504815447189  0.76549503989747480
  0.77081536178103038  0.77602400339681443  0.78112871630456571  0.78625213026859386
  0.79144074811306708  0.79662936595754030  0.81018407126021530  0.82184732089408097
  0.83329976026159713  0.84398102344850234  0.85412403686312133  0.86392119844917614
  0.87387634575346085  0.88444301379230794  0.89576702658624840  0.90730822770418718
  0.91896730199005483  0.93008328007036600  0.94097116959885041  0.95229344314709041
  0.96399943506705665  0.97613228008031683  0.98809195671540728  1.00000000000000000
 -0.00145281444668372  0.00558246022047826  0.01369276316848837  0.02109859836348145
  0.02809118316431010  0.03448414088004220  0.04346825148657085  0.05185326126702864
  0.06025965917498039  0.06889536411013392  0.07787021234090381  0.08706555390876926
  0.09627695053290268  0.10554007754046055  0.11465131055153911  0.12327492887347698
  0.13164714337427805  0.13963620010452529  0.14825356476752957  0.15715299089079365
  0.16670291587505676  0.17598605828962402  0.18552863341574086  0.19525070769062153
  0.20523703610186883  0.21504285174201410  0.22396609308349283  0.23312437973085440
  0.24328727243640375  0.25356538665526435  0.26305775887508048  0.27296988451233428
  0.28340606553557718  0.29349321663108158  0.30301872431331961  0.31359591217246269
  0.32560783384206238  0.33732367670839247  0.34842389032823345  0.35939120312427042
  0.37089410173091919  0.38316131818131483  0.39574024973582489  0.40805391170969701
  0.42024115617708419  0.43198132331993172  0.44010920332095343  0.44522020976453563
  0.45035991624946609  0.45553620231228725  0.46074797435565873  0.46602427788329909
  0.47263773512028656  0.48445014442039863  0.49629468050683312  0.50959984408487324
  0.52300474686390841  0.53487196578188723  0.54648673760173749  0.55864500392507443
  0.57113913997846633  0.58219955223514974  0.59230124257456607  0.60199018384311398
  0.61291489771499308  0.62554620239884795  0.63876050749838875  0.65097645950388761
  0.66346490391581125  0.67650482068925089  0.68849162526324592  0.69926966173194116
  0.70986853558873997  0.72161451508419305  0.73477629537582223  0.74891427157855750
  0.76033678467912635  0.77131614393785941  0.78208907175254061  0.79493502856642129
  0.80813564880369337  0.82141060670373289  0.83470843211904477  0.84673825237659772
  0.85877214397592150  0.87050323525680795  0.88273206076965227  0.89576235732053699
  0.90923096249408630  0.92234065003906707  0.93527050853514915  0.94781205926369494
  0.96054798025304400  0.97378848427854392  0.98707392672498506  1.00000000000000000
 -0.00192205529661064  0.01037483297254998  0.02102352791268581  0.03131478215323432
  0.04251948312110897  0.05439061936895363  0.06657805155179215  0.07835573039956895
  0.09044368949512432  0.10297813269617188  0.11465030591692857  0.12481868612821138
  0.13425947739452881  0.14417974747573992  0.15583334096762072  0.16784154196494550
  0.17935711632157300  0.19105116936342159  0.20297193099644892  0.21453604367630238
  0.22600070097777081  0.23779933483760116  0.24934940268897426  0.26168244235016558
  0.27311354232326007  0.28420799915683653  0.29520184910224606  0.30710254977261886
  0.31892849328633660  0.33054493137716934  0.34240210561124340  0.35422998170894876
  0.36621040591734966  0.37491570013117498  0.38006080468191911  0.38511060247157974
  0.38969792007365406  0.39428523767572837  0.39869930724597663  0.40308799098973974
  0.41115772091027986  0.42261799304873621  0.43489416491358540  0.44730545735993543
  0.45932323927540791  0.47064837272248300  0.48167511582028899  0.49218691539202164
  0.50256742106692576  0.51215908123146492  0.52253823104958574  0.53386721533568116
  0.54384037976635446  0.55271955910636161  0.56278864187981137  0.57391146336457566
  0.58441264155353512  0.59412460582117654  0.60263563242997287  0.61220404353944813
  0.62226148678327320  0.63288791514291631  0.64203896364050361  0.65065472184845530
  0.65989080645134968  0.67048554805129967  0.68158357589471041  0.69377776312225292
  0.70608330948916909  0.71751137604945359  0.72804710678642925  0.73879255247406805
  0.74838497251183544  0.75896168351077509  0.76941555827305141  0.78081579457021744
  0.79274427449447404  0.80475778680979271  0.81590213829234259  0.82671901287797633
  0.83854053711041010  0.85078556350115264  0.86127302959801011  0.87091124625096239
  0.88026380583397601  0.89013891607799123  0.90061983589893380  0.91191824259185572
  0.92396169068746514  0.93641541549974461  0.94649601999554034  0.95580375529314321
  0.96548726027663301  0.97623262332934968  0.98804754195343980  1.00000000000000000
 -0.00209823583104283  0.00901794991974567  0.01811325956069262  0.02789217534684045
  0.03882211074299188  0.05019495171361293  0.06239805250205412  0.07550609436826393
  0.08786462232652016  0.09909357641985320  0.10998012001191562  0.12076414913093743
  0.13111727907628642  0.14179646088320194  0.15196831851891507  0.16256594464482130
  0.17275743871272700  0.18294799484501811  0.19367663750715669  0.20488497727056265
  0.21632227113549876  0.22801888486383273  0.24015450484277251  0.25231488979824346
  0.26454458235935230  0.27680735757619551  0.28771531568022252  0.29851773611738752
  0.30870332493839808  0.31947705987719088  0.32999650422471122  0.33979931775983596
  0.34949717619150406  0.35900400198717741  0.36875284506569772  0.37864026348519220
  0.38867640893580607  0.39986562459529079  0.41056512600944756  0.42136888795965810
  0.43261335374192733  0.44452201009363701  0.45696619505038205  0.46891634524865661
  0.48103587704530121  0.49274298582337234  0.50337649559876219  0.50789938066884888
  0.51242226573893557  0.51694679543506261  0.52147278473177106  0.52599877402847950
  0.53045511080340824  0.53490165143218737  0.54098836080180235  0.55293700394189438
  0.56448806247766425  0.57577881542755638  0.58691668353863569  0.59806198200082561
  0.60835603058271859  0.61773376646514366  0.62731655819841403  0.63688602780507975
  0.64866585895336493  0.66005061654288633  0.67113480551286409  0.68180168554517806
  0.69307519802627349  0.70465323869363461  0.71609605495720230  0.72749851499434692
  0.73979963042070462  0.75273481178398660  0.76546594357416142  0.77813202375237978
  0.79016852853826247  0.80235278711706282  0.81377627249386064  0.82599051443128502
  0.83812059815688456  0.84883051531107812  0.85860130582954797  0.86837043704073025
  0.87947736183294511  0.89108986396336176  0.90232186754295673  0.91342651059074353
  0.92568738088823788  0.93767228341765807  0.94919474611556853  0.96027612392765882
  0.97149660203171695  0.98209357349065141  0.99139283663585442  1.00000000000000000
 -0.00004569243170453  0.00002777716507221  0.00010931684603136  0.00025138457620220
  0.00038862435039046  0.00051573155269212  0.00059409239388342  0.00065949678149518
  0.00072693753299755  0.00079278101159522  0.00085970497750576  0.00092838776283352
  0.00099471529608917  0.00107064708359082  0.00115364793603802  0.00123379142669415
  0.00131697924916146  0.00140120342521848  0.00148342384782606  0.00157159150506729
  0.00166261632138547  0.00175598051435247  0.00185526877441439  0.00196207520941403
  0.00208438404131548  0.00222551811390234  0.00236336661330134  0.00248235285386874
  0.00260435942215833  0.00271672825291708  0.00282961859595709  0.00294779499602683
  0.00306499627344271  0.00319449967137465  0.00334200964602529  0.00349307041942470
  0.00361645974606784  0.00372276984435131  0.00382393768249319  0.00392275738774430
  0.00402790095092057  0.00414420229695999  0.00430936071103204  0.00452786287842488
  0.00473340975629012  0.00490440261052295  0.00506876710060805  0.00522020518668867
  0.00537474090766012  0.00552495994278770  0.00563868038393604  0.00575143050876232
  0.00587125680737765  0.00598671617137932  0.00609917119771386  0.00624702066424506
  0.00639753045096936  0.00656545145961446  0.00669497433929622  0.00674064538441288
  0.00678631642952955  0.00683198747464622  0.00687765851976289  0.00692335957690242
  0.00696909826822808  0.00701483695955374  0.00706057565087941  0.00710631434220507
  0.00715280130100916  0.00720016137556501  0.00724752145012086  0.00729488152467671
  0.00734224159923256  0.00749276710302529  0.00784091519882773  0.00818871233312811
  0.00847702354707595  0.00873278135063429  0.00893310250319784  0.00914234077211171
  0.00945556370638763  0.00995856219998574  0.01040216364578060  0.01057716742343273
  0.01076422988960564  0.01097516679709063  0.01116907594350805  0.01135362203628184
  0.01266915027934393  0.01361109873588420  0.01423843797736798  0.01477391269302472
  0.01548232701059956  0.02105857653235208  0.11882513871776378  1.00000000000000000
 -0.00202927820532809  0.01377586543616458  0.02599157610502171  0.03918967993287892
  0.05093232102821247  0.06426827857425753  0.07716275604511012  0.09032461853914114
  0.10397918647367871  0.11968432587675723  0.13280105430751543  0.14378103829550951
  0.15468014264096083  0.16652559036078338  0.18021616123879833  0.19420551453270296
  0.20858380381660913  0.22337307460238121  0.23661030750107459  0.24740939608096280
  0.25766385614400000  0.26773537755092763  0.27894657320769073  0.28943736149435390
  0.30006418960876807  0.31024185695417222  0.31976705888153567  0.32920271842849463
  0.33947527267758226  0.35111101528367550  0.36358981970028675  0.37599609034433035
  0.38718589358329525  0.39731575431190996  0.40748249889469407  0.41759641822119714
  0.42782742515430117  0.43749005414062181  0.44631390995159032  0.45460132823117949
  0.46285089645606287  0.47092412168220199  0.47870905093508365  0.48650019089420232
  0.49409726519242836  0.50147908131797569  0.50950939061394807  0.51762733857632426
  0.52498210842406690  0.53196152677521247  0.53902858662825570  0.54598773638984366
  0.55348045539083168  0.56106254868708028  0.56888251978337301  0.57745998668140064
  0.58673364889119917  0.59650758582436425  0.60645489007587605  0.61612102588407935
  0.62566888203628623  0.63080181631382026  0.63447721393681222  0.63792534357727437
  0.64099606791892094  0.64406889753713070  0.64726572972478547  0.65046256191244023
  0.65719451289381459  0.66558814749967721  0.67667614696246381  0.68824048859745723
  0.69992625191988322  0.71116266286256247  0.72208932419081995  0.73368860835700223
  0.74576371675132935  0.75847362969848819  0.77140226504200160  0.78407238499744936
  0.79689072887460732  0.80938294205744166  0.82079071964466355  0.83154770455841021
  0.84311947507522267  0.85635603276176953  0.87077385631802440  0.88563449009554085
  0.89923711149157870  0.91128025299068149  0.92300514745938189  0.93578789552063368
  0.95079018503710289  0.96699595109535808  0.98342357963314164  1.00000000000000000
  0.57783530267738537  0.58236408991661948  0.58689287715585359  0.59142166439508759
  0.59595045163432170  0.60047923887355581  0.60500802611278992  0.60953681335202403
  0.61406560059125803  0.61859438783049214  0.61950766199029950  0.61980587735465464
  0.62010409271900990  0.62040230808336505  0.62070052344772031  0.62099873881207557
  0.62129695417643072  0.62346374286504325  0.62745527215803765  0.63396614567368748
  0.64047314558802204  0.64681724816513375  0.65429267702564675  0.66273468480669040
  0.67090592293852525  0.67778293678324208  0.68360753568937560  0.68863086339017265
  0.69291025523554806  0.69781532901704302  0.70276396989937417  0.70749901135997473
  0.71133803100262993  0.71495425490479858  0.71890177968273961  0.72309225282014034
  0.72709212372658427  0.73083452725036147  0.73467053178986208  0.73881290305538483
  0.74306584996977521  0.74722740048442515  0.75141854355114235  0.75643418339959911
  0.76165519126145376  0.76696028480322875  0.77212381717134126  0.77723812160963435
  0.78239385690156060  0.78750956260903338  0.79258865726680772  0.79768521806647108
  0.80275813842404109  0.80773406973882544  0.81263863178568507  0.81765647649517637
  0.82282142372665457  0.82817578032529759  0.83347631618949680  0.83835525632942431
  0.84287204893994261  0.84719941673563715  0.85149378326847835  0.85590668052148022
  0.86033263266392890  0.86472406541454816  0.86896831674806974  0.87329424423348545
  0.87777001851809822  0.88244464837615755  0.88697442367919976  0.89139063722933765
  0.89596034045122619  0.90078589363699146  0.90567875425977529  0.91044668819527796
  0.91502933173413437  0.91968530650664371  0.92438442835898427  0.92902918616734820
  0.93357289887905515  0.93807038617874039  0.94253385296132441  0.94699963659213471
  0.95130068467235807  0.95505797390853508  0.95853294936475064  0.96204732499607271
  0.96558077018149147  0.96913301756919046  0.97304758553205206  0.97710231310556983
  0.98156374353646192  0.98657520791613296  0.99273249827593213  1.00000000000000000
 -0.02078728022775349  0.10863029753389468  0.13452230677701826  0.15344366069453627
  0.17025884561977495  0.18712231210851066  0.20475123490549280  0.22025815641628482
  0.23431189767514143  0.24633600593866370  0.25852662746604976  0.26980052879943545
  0.28054056554469137  0.29107546820446012  0.30070340495982389  0.30908181728782225
  0.31652146019665994  0.32360128221483686  0.33047033447922569  0.33713511317235900
  0.34386383396445230  0.35092444056805339  0.35797901184775921  0.36456853853370497
  0.37079957930698826  0.37710874751585083  0.38366402493025575  0.38999508385245280
  0.39616563733054883  0.40229749598937009  0.40873894509545827  0.41574594531417025
  0.42280517781865246  0.42961260457348599  0.43610991012532768  0.44251766836519496
  0.44902659204623463  0.45548549824698065  0.46176203177051317  0.46784466625329441
  0.47374722993538232  0.47990028108012728  0.48625477875030687  0.49284810289368775
  0.49981390440678053  0.50681801577793373  0.51362973321869188  0.51994552692414597
  0.52558941741816168  0.53124775817157877  0.53701437743170355  0.54313973498123846
  0.54934274350173751  0.55534488289683626  0.56142497814849890  0.56729755854970354
  0.57279835660502731  0.57852013180836070  0.58412193413427327  0.59012909819570614
  0.59646100779598887  0.60269571640006525  0.60857928225012714  0.61418059726730279
  0.61979105418201663  0.62561562090126288  0.63206771837881082  0.63903154171839904
  0.64607102858615539  0.65314552240238810  0.66025962766960489  0.66776010256267726
  0.67586832586670798  0.68416867366264833  0.69231521699714149  0.70029371503955284
  0.70345353685791900  0.70661335867628516  0.71006086538061797  0.71361183923877802
  0.71724298891643601  0.72099946788330838  0.72491159067377320  0.73524696348435559
  0.74578136327625100  0.75705797667359664  0.76773664741292857  0.77861419678789878
  0.79043147677367809  0.80375923481099865  0.81693331116590773  0.83030395614860864
  0.84507881563620080  0.86324506497971232  0.88982901211713050  1.00000000000000000
   7.0838633838720017E-006  -1.0000000000000000     
 F F F F F F F F F F F F F F F F F F F F F F F F F F F F F F F F F F F F F F F F F F F F F F F F F F F F F F F F F F F F F F F F F F F F F F F F F F F F F F F F F F F F F F F F F F F F F F F F F F F F F F F F F F F F F F F F F F F F F F F F F F F F F F F F F F F F F F F F F F F F F F F F F F F F F F F F F F F F F F F F F F F F F F F F F F F F F F F F F F F F F F F F F F F F F F F F F F F F F F F F F F F F F F F F F F F F F F F F F F F F F F F F F F F F F F F F F F F F F F F F F F F F F F F F F F F F F F F F
  <DiscreteSampler_grid>
  grouped_processes
  1 # 1 for a reference and 2 for a running grid.
  10 # Attribute 'min_bin_probing_points' of the grid.
  1 # Attribute 'grid_mode' of the grid. 1=='default',2=='initialization'
  0.0000000000000000 # Attribute 'small_contrib_threshold' of the grid.
  0.5000000000000000 # Attribute 'damping_power' of the grid.
 # binID   n_entries weight   weight_sqr   abs_weight
    13   10   2.429984519016489E-002   2.209245029575961E-003   2.429984519016489E-002
    16   10   6.358814903656950E-003   1.589287898437692E-004   6.358814903656950E-003
    22   10   1.965242012001610E-002   1.334066290684722E-003   1.965242012001610E-002
    25   10   4.403337959164466E-003   6.246100438384481E-005   4.403337959164466E-003
  </DiscreteSampler_grid>
