 -0.00315692525336648  0.01464231458420412  0.02713655596041616  0.03925515540919267
  0.05073337645418916  0.06361415274046298  0.07651748011602945  0.08835398332100743
  0.09920758211720333  0.10947536809600496  0.11950649823915357  0.12958774838409443
  0.13967528889286829  0.14967999501692364  0.15924683107415788  0.16908170925795751
  0.18021819919053514  0.19218337571209207  0.20484580478743192  0.21756001854069190
  0.23054704120759725  0.24293442233822402  0.25447043054669183  0.26473117873348473
  0.27430874992432452  0.28327337854101481  0.29253088473620847  0.30179488595104004
  0.31207424995557975  0.32254663494119917  0.33326697588420856  0.34430115821850471
  0.35581953041475850  0.36760947581757991  0.37913903908432578  0.39058883947432121
  0.40180883353473212  0.41368387955143365  0.42494147677136240  0.43598461242586883
  0.44688530017116407  0.45825648046708706  0.46940106893124361  0.48014900512861158
  0.49033386549750119  0.50106846369464209  0.51210231832104458  0.52285231130320753
  0.53339668618081548  0.54413423661800275  0.55354906347312449  0.56217541414708505
  0.57113813455689733  0.58053355996244849  0.59139718392999518  0.60266278761995773
  0.61279879965621598  0.62013133348631011  0.62753953008752894  0.63493562992194574
  0.64221739692704360  0.65313482582979276  0.66368348567616986  0.67483618560105729
  0.68592098797292855  0.69648806551881959  0.70694653039192634  0.71813612336755339
  0.73017844467980619  0.74175845932146267  0.75263256740460016  0.76278509943268824
  0.77241960476869775  0.78191247592062585  0.79203486658857403  0.80226336854626090
  0.81234072012058101  0.82233174530527664  0.83256949173470640  0.84407697914905333
  0.85541672540735647  0.86601929574625869  0.87628959949547502  0.88673736126043867
  0.89654266360334645  0.90588900850176013  0.91521485894990173  0.92534947092901776
  0.93607097988374166  0.94633326997263811  0.95653476661794401  0.96621546062290231
  0.97492822676712199  0.98302420965583737  0.99075481546659150  1.00000000000000000
  0.00000162394297727  0.00000173555853019  0.00000184717408310  0.00000196502476780
  0.00000211568313293  0.00000226634149805  0.00000235006928020  0.00000242482972861
  0.00000252390807547  0.00000264586822772  0.00000276839250691  0.00000288667684676
  0.00000300336260183  0.00000312215703100  0.00000324693837986  0.00000338794251730
  0.00000355541969193  0.00000373537407474  0.00000390420157306  0.00000407152884401
  0.00000423776442652  0.00000441281324834  0.00000459678361784  0.00000479910336362
  0.00000505005818737  0.00000530560438438  0.00000557644287816  0.00000586108961394
  0.00000614888384145  0.00000645311101942  0.00000679166197816  0.00000714866247822
  0.00000751710076235  0.00000791092206754  0.00000831412773281  0.00000873258512268
  0.00000917292913174  0.00000964078723359  0.00001011665780263  0.00001062993408305
  0.00001120458622482  0.00001181585679506  0.00001248453363691  0.00001321368378881
  0.00001393758572721  0.00001473038502018  0.00001555221593466  0.00001643639437187
  0.00001741546560249  0.00001848160737847  0.00001963108013136  0.00002082308503593
  0.00002203969038750  0.00002333858580877  0.00002475559905363  0.00002628791694235
  0.00002797559577772  0.00002975031917423  0.00003134250387240  0.00003286571400437
  0.00003447372644689  0.00003606216301781  0.00003840304146646  0.00004077914706603
  0.00004350435897013  0.00004654799556380  0.00004996988018692  0.00005400854592167
  0.00005859177268351  0.00006364405325515  0.00006892343135822  0.00007464495169936
  0.00008064874497811  0.00008795846690081  0.00009685164088026  0.00010717302084143
  0.00011758400866045  0.00012846285927391  0.00014109419704883  0.00015754225050018
  0.00017813445101349  0.00020244837025919  0.00022769517495946  0.00025729558557290
  0.00029477943177327  0.00033284731739387  0.00038477759709128  0.00045715104667604
  0.00056249758313563  0.00071040034948946  0.00092207409800282  0.00123147238116859
  0.00164507598540885  0.00237974554098625  0.04546329578803288  1.00000000000000000
  0.00000165637912700  0.00000175912749631  0.00000184263473838  0.00000188052640429
  0.00000190660380288  0.00000193780983005  0.00000197256975060  0.00000202710003386
  0.00000207592443375  0.00000212593307513  0.00000218174197506  0.00000224357453801
  0.00000230618923107  0.00000237529670219  0.00000244812452861  0.00000252565481621
  0.00000260729657648  0.00000269541275881  0.00000278464151111  0.00000287800290272
  0.00000298427313402  0.00000309613723356  0.00000320739401470  0.00000332653141309
  0.00000346234297740  0.00000360939160680  0.00000374788130387  0.00000388003242577
  0.00000401649531685  0.00000416694286692  0.00000434338543454  0.00000453509017527
  0.00000469544955529  0.00000487150992918  0.00000505398251159  0.00000524419725440
  0.00000547778736813  0.00000575192427900  0.00000602579919921  0.00000629784361489
  0.00000658269075711  0.00000688944476863  0.00000719144193194  0.00000753014563776
  0.00000790978164231  0.00000832083815096  0.00000867104398435  0.00000902075205947
  0.00000938614913663  0.00000976612085027  0.00001022407458763  0.00001078622458123
  0.00001139063162159  0.00001202506651058  0.00001271970015536  0.00001342589208667
  0.00001416595178859  0.00001502611704842  0.00001594152295778  0.00001701832581748
  0.00001809153391075  0.00001919249436425  0.00002039325332979  0.00002167269253781
  0.00002331508225772  0.00002499569862380  0.00002691197149887  0.00002918433316298
  0.00003197749997673  0.00003525848242987  0.00003903592340706  0.00004305026208256
  0.00004754694080842  0.00005223927354143  0.00005770930984306  0.00006380181832827
  0.00007065355331064  0.00007852618748571  0.00008892701802112  0.00010280768512611
  0.00011850313679457  0.00013902839002171  0.00016737178387171  0.00020122262171231
  0.00024396808014807  0.00031505233055749  0.00039921562807659  0.00049057221047906
  0.00062281383219791  0.00081606567383175  0.00107997897498969  0.00132367344201193
  0.00163295035981933  0.00249486165798993  0.01458487937039114  1.00000000000000000
  0.00000209580638084  0.00000271754593152  0.00000304998299294  0.00000334160396719
  0.00000366795180037  0.00000389779805566  0.00000412538480446  0.00000434326544476
  0.00000455860861590  0.00000485296079441  0.00000517096505034  0.00000546071977716
  0.00000574457079229  0.00000606146275415  0.00000645053895770  0.00000693722210862
  0.00000738813907575  0.00000786306245037  0.00000838497794121  0.00000899610638551
  0.00000964079224475  0.00001030563581128  0.00001094969510010  0.00001157898025289
  0.00001222878743974  0.00001290678283378  0.00001367331609123  0.00001462521888820
  0.00001572494502131  0.00001691265068791  0.00001819123731319  0.00001959178041028
  0.00002122246214588  0.00002297231562980  0.00002482279994666  0.00002680210181640
  0.00002890637909228  0.00003126103775726  0.00003371704942904  0.00003629000230728
  0.00003898393919007  0.00004172466482204  0.00004481126703238  0.00004793486780034
  0.00005141772435362  0.00005523495979653  0.00005944066249431  0.00006410093489034
  0.00006905793401628  0.00007429496285592  0.00007987621067273  0.00008583210239440
  0.00009201906569624  0.00009821954979206  0.00010451236796101  0.00011126084229911
  0.00011879077454970  0.00012700755448917  0.00013622593289455  0.00014463766412659
  0.00015398887727353  0.00016381887463987  0.00017246658136724  0.00018154573109406
  0.00019114591024527  0.00020076212236095  0.00021463530583324  0.00023084984400302
  0.00024972307137926  0.00026955989852218  0.00028911083547495  0.00030699783290481
  0.00032561775648902  0.00034612269412454  0.00037010834891694  0.00040019927412128
  0.00043679405204784  0.00047973591744460  0.00053393088993577  0.00059207385246690
  0.00065111481027042  0.00070857514465722  0.00077263439511944  0.00084671588681146
  0.00092142779388790  0.00099967436676854  0.00110735355467920  0.00121841268780799
  0.00137604604112502  0.00156314273850180  0.00175761973751594  0.00201735347833355
  0.00231230863285627  0.00268844959051492  0.05366147531194647  1.00000000000000000
 -0.00248314609682415  0.01130950314501505  0.02120687427686494  0.03034822602394711
  0.03930435800630410  0.04914282009033700  0.05912954117796691  0.06842935981967148
  0.07783813540748347  0.08750361171767079  0.09786354808768921  0.10837171941383641
  0.11847577233357910  0.12831467958588552  0.13810267140293869  0.14840539102479092
  0.15917706433765388  0.16930717821498559  0.17811758435085356  0.18671679913664244
  0.19514462609723010  0.20390234127007661  0.21359661078251777  0.22327020826561295
  0.23518173570197984  0.24681100716388416  0.25934053780853328  0.27207775060244482
  0.28404965756722217  0.29587641232185136  0.30706168639781034  0.31796411902593030
  0.32800793779071769  0.33828977493326046  0.34919156157995468  0.36143577823889406
  0.37360446268355296  0.38505182473245664  0.39622705387587148  0.40740323964265712
  0.41886230379701589  0.43006464300931485  0.44118921637609182  0.45232026141468051
  0.46185211492190681  0.47096807358058568  0.47995823364645279  0.48935323202216430
  0.50081490660934136  0.51348206007550112  0.52543088407579475  0.53740024806869757
  0.54995814137447996  0.56299519982940549  0.57616803297957075  0.58878482443431546
  0.60092211246564531  0.61160114924373621  0.62180848054574056  0.63178798121886015
  0.64220833509277309  0.65187689258335380  0.66163212802187277  0.67199977711093672
  0.68285182751906026  0.69357106036795968  0.70403489884990611  0.71479897307140283
  0.72518390841947955  0.73470945659974729  0.74370393914394040  0.75258988885369249
  0.76218944568904601  0.77242176850971112  0.78329913559829134  0.79438621062339199
  0.80485372525800969  0.81520664031878742  0.82592724964770137  0.83681160992602488
  0.84754984286797963  0.85831127721454792  0.86881245875983770  0.87892607827029678
  0.88873996870694405  0.89926081244137257  0.91013030191211663  0.92066975270340956
  0.93012289639753210  0.93914038039470216  0.94900467981017023  0.95946680023846265
  0.96938036698302332  0.97935461261914980  0.98926097870265395  1.00000000000000000
 -0.00204820455772189  0.01043899226404210  0.01798341443401089  0.02542878749089400
  0.03293933226614060  0.04106239310901399  0.05130210646722321  0.06359204127303829
  0.07597057902620172  0.08776651433079911  0.09908249141012646  0.11032530473511976
  0.12149606079829570  0.13157956954608852  0.14048084518528856  0.14912866544619363
  0.15795023869109182  0.16787728273118263  0.17802387943696035  0.18823539602279910
  0.19875331222043524  0.20920450347402486  0.21865251732763855  0.22776113785034796
  0.23722846640320860  0.24787154533656322  0.25901737214616355  0.27008856126992670
  0.28064009463376588  0.29126981541277669  0.30169215698834978  0.31247242247923174
  0.32373255437096760  0.33516381427304043  0.34679431469451860  0.35842947125183511
  0.36998854226583389  0.38151688138987577  0.39335077954329234  0.40375733886185045
  0.41371925919663627  0.42398221185739898  0.43410828397024809  0.44696485696996940
  0.45932278778672447  0.47089032235127798  0.48071584690493263  0.49056581786253606
  0.49998423397308633  0.51006319453536586  0.52061518825608744  0.53193349178820626
  0.54266918506439965  0.55265330847974437  0.56270595469424256  0.57311877092257146
  0.58359061975242099  0.59339111718559545  0.60307090091163917  0.61282070470843553
  0.62346390978800015  0.63555918990706195  0.64781847515849589  0.65953384794433378
  0.67078128655023483  0.68182346059435728  0.69270737104178326  0.70342606727772239
  0.71446667921482587  0.72598234826998365  0.73778748980748654  0.74982954439949878
  0.76192129862830160  0.77347559970020907  0.78443467666274813  0.79498455147820879
  0.80556263131246519  0.81648589084919132  0.82801661916841007  0.83961876278117420
  0.85082969616988591  0.86089875364777235  0.87048496899925221  0.88024153357909318
  0.88975648700184262  0.89969926067004813  0.90973178798609244  0.92055720734510205
  0.93154629619958063  0.94210660726456386  0.95244053147073648  0.96294548415657066
  0.97342942000400223  0.98293991896372535  0.99201731677031579  1.00000000000000000
 -0.00244141816830753  0.01021369568955265  0.02088853241211531  0.03127229611282723
  0.04156761271379105  0.05238774237674911  0.06320093989833923  0.07248012565348266
  0.08165757770837666  0.09041705783737222  0.10022674999273012  0.11131843416616098
  0.12235325369194669  0.13374582102728841  0.14512071272367993  0.15665133988361066
  0.16816640552448597  0.17848449687406195  0.18896701807546873  0.20004829063372348
  0.21234583846884045  0.22455567273178462  0.23671000116656032  0.24824597867139550
  0.25971521756303262  0.27130440892457669  0.28242901027775696  0.29287034809718765
  0.30303407397352766  0.31349182097218065  0.32356356631344396  0.33341508872153136
  0.34018190260728376  0.34706736276014727  0.35397273327212464  0.36081229143430882
  0.37031409601287540  0.37920937397154786  0.38798316277874212  0.39756597575257585
  0.40754005225151640  0.41878503555152652  0.42968340441077635  0.43998176265400862
  0.45042204767415528  0.46119997516625127  0.47279277191799418  0.48460117515969425
  0.49613909086504476  0.50708638008112272  0.51752430800348670  0.52778338822748272
  0.53814297995640248  0.54799470395722927  0.55821421562496121  0.56871089170248723
  0.57954987591269214  0.59028846666083346  0.60009358669835811  0.60993834620817711
  0.62044402132639731  0.63149950442684921  0.64251829525839388  0.65420915794533752
  0.66632272397292369  0.67777757746469380  0.68841127813089120  0.69789132316258817
  0.70795446217274005  0.71835587856725891  0.72926086088814868  0.73960651844954495
  0.74990426871000027  0.76056872510678619  0.77152921510018135  0.78212373582314121
  0.79233666266639124  0.80231381003334201  0.81207620624164301  0.82261128642296832
  0.83414600394261351  0.84643852982116163  0.85812698582243396  0.86884678088005207
  0.87866055175541913  0.88816265752219570  0.89759826819336463  0.90784012492198962
  0.91861256033733607  0.93065505379284297  0.94237310423163401  0.95342838777531314
  0.96483805567326153  0.97627539846858424  0.98853360162558024  1.00000000000000000
 -0.00000817980656171  0.00022691311683373  0.00043275912060536  0.00058675695789676
  0.00069352916084754  0.00077710837442625  0.00085823153500058  0.00093825029601761
  0.00101974289160758  0.00110213554639778  0.00119089766037170  0.00128388051901570
  0.00138626850495354  0.00149029189059743  0.00159120456999720  0.00168291093442896
  0.00176823305591310  0.00185067553038750  0.00193321250439515  0.00201585400135821
  0.00210687098502364  0.00220305332098147  0.00230508088526450  0.00241320056082494
  0.00251540997677824  0.00261229154618757  0.00270850765280134  0.00281359035134208
  0.00291286800671578  0.00301238996956572  0.00311323010306888  0.00321427928348800
  0.00333898069117187  0.00348608490809218  0.00363298675519574  0.00377800156627648
  0.00392188857087116  0.00406838309237296  0.00421196150169194  0.00435234559421684
  0.00449025215025822  0.00462572612504628  0.00476390976262489  0.00490959556199339
  0.00506855369819293  0.00522750525507365  0.00541281564230007  0.00559337603012613
  0.00578059203531253  0.00597340060901855  0.00617329561038256  0.00634227936680207
  0.00647650877568198  0.00659591936937385  0.00671666370469258  0.00683934115250184
  0.00702590465211908  0.00726983460643151  0.00752143971175420  0.00775078701251613
  0.00795472597442268  0.00814157301459505  0.00832201879045622  0.00850663804351559
  0.00869937787455827  0.00891627966542996  0.00923388668375353  0.00962834430173404
  0.01001472549925819  0.01042135627306573  0.01087620050731319  0.01137193780515931
  0.01187642199443131  0.01239209386595817  0.01302820932895756  0.01367732113037600
  0.01408745210849339  0.01427695127226526  0.01444813972748945  0.01461581870479942
  0.01480910428071734  0.01508458915638818  0.01538693428747080  0.01582697064703126
  0.01650844382419094  0.01723575855941699  0.01793552659178279  0.01870565587044064
  0.01972958105578180  0.02123000907646650  0.02231155828797576  0.02526061867214627
  0.03502902005851940  0.03745822344751016  0.09735052455658658  1.00000000000000000
 -0.00213826003194389  0.01219523095427925  0.02357514387384882  0.03471902185918810
  0.04498648225334026  0.05510095332726039  0.06508575397773718  0.07602379345835775
  0.08675157837426370  0.09751537430787866  0.10882237334211284  0.12104959666990066
  0.13282677762132017  0.14346959995295067  0.15359951593102777  0.16368076361664732
  0.17355905408588651  0.18369586569450885  0.19486098648151801  0.20589819204810092
  0.21695411447272611  0.22748849610078009  0.23848962226515927  0.24927766332048942
  0.26031851884101326  0.27165295347181911  0.28343126347770387  0.29497432866350648
  0.30610154863044875  0.31679856426830783  0.32685680786133992  0.33690561648211476
  0.34786850808174224  0.36004175332953303  0.37345741337754923  0.38727963364105278
  0.40084893234127239  0.41398268450881698  0.42634422801169253  0.43828741757621592
  0.44970761457886010  0.46155138922931888  0.47309562659329796  0.48486052410631059
  0.49438364877269114  0.50400903887158910  0.51423296961225429  0.52579391891455285
  0.53530945929102725  0.54399304959673633  0.55273203643366520  0.56226168454766923
  0.57263377784502645  0.58290825443703131  0.59353878554599304  0.60421325305228324
  0.61512759292200958  0.62674699358526575  0.63913105664388214  0.65164107300556418
  0.66295547368207031  0.67312220437390291  0.68180094647436440  0.69130313806933352
  0.70123857936708012  0.71081341445210067  0.72019167581158838  0.73000700114743178
  0.74060567713058623  0.75189895236973125  0.76319854614795746  0.77510705077845909
  0.78679207688778896  0.79689179926668219  0.80639847867908554  0.81579315188959090
  0.82639060895163108  0.83716044229771058  0.84768540878792809  0.85801390537268674
  0.86846980175944133  0.87822435194009663  0.88828325626783011  0.89856889026160625
  0.90882735865388586  0.91847172015713396  0.92745080279509950  0.93576271691351842
  0.94443694600706796  0.95361559997814815  0.96385997745305318  0.97204234100174636
  0.97944941103135508  0.98685836742846578  0.99356385801409364  1.00000000000000000
 -0.00003483161216915  0.00008301753088341  0.00015714847490989  0.00023290000102007
  0.00031044870382035  0.00038693403005146  0.00044665578067300  0.00050637753129455
  0.00054837982521133  0.00058616992725160  0.00062786553425235  0.00067006413516599
  0.00071293168490319  0.00075563492729440  0.00079822233284114  0.00083991741462497
  0.00088091945929014  0.00091968963237727  0.00096143986280828  0.00100791585844030
  0.00105804771161604  0.00111103901460262  0.00116755077263646  0.00122527373447996
  0.00128448521348739  0.00134456873208349  0.00140531953454869  0.00146657607798593
  0.00152140365904587  0.00157090802821248  0.00162141810167048  0.00167207101991570
  0.00172176962930607  0.00177599960276177  0.00183823885355146  0.00189989844760658
  0.00195944990537121  0.00201743376867423  0.00207253077684707  0.00212734594818646
  0.00218157692524731  0.00223996094314925  0.00230148310429828  0.00236691062931355
  0.00243430679227405  0.00249995136318190  0.00255191803061769  0.00260370165408257
  0.00265262603331557  0.00270155041254857  0.00275177633024758  0.00280228396044184
  0.00286841589901676  0.00294561614853473  0.00304201127277374  0.00313577381865034
  0.00322850813844846  0.00332192410904483  0.00343324991731520  0.00357358669343871
  0.00374093503495441  0.00386803558211861  0.00397677186560698  0.00408169478045701
  0.00418626760839000  0.00428448712140254  0.00437762123334896  0.00447326204348570
  0.00456984804484284  0.00466779077841723  0.00479926476358523  0.00496819510243902
  0.00515466989638506  0.00541341528623784  0.00575057899193043  0.00618057312795155
  0.00652195355285460  0.00679115620083321  0.00707544664050020  0.00737942633676516
  0.00768976979253543  0.00795447828687109  0.00812149230953023  0.00830428656970926
  0.00849517896251139  0.00871133351967273  0.01137932083591302  0.01177430559086580
  0.01217596778994169  0.01320183837998711  0.01375325886266453  0.01517690385046872
  0.01915778909204425  0.02637919730305622  0.04189633059372078  1.00000000000000000
 -0.00223747946972951  0.01034887397182930  0.02002726431265756  0.03012557639137283
  0.04055219078100565  0.05335638175101310  0.06492440809550525  0.07446542710732497
  0.08389232500832516  0.09349571081222213  0.10350892529983709  0.11348028095625759
  0.12069293710981842  0.12775115392257946  0.13479315279061052  0.14187507372222627
  0.15151455936093267  0.16131205276660759  0.17096139326233448  0.18074452200869001
  0.19106454160970124  0.20245395741549135  0.21455708336055737  0.22633781782779838
  0.23804083863495465  0.24973103001079450  0.26109847204935482  0.27216842371627675
  0.28350294641558843  0.29516643656676833  0.30611540380992730  0.31710865769262780
  0.32776345345166030  0.33850824066748869  0.34842077284157535  0.35928634671743070
  0.37072794403437814  0.38264200170289486  0.39422154870899423  0.40528754767394171
  0.41549145329409276  0.42565383233567816  0.43634375669372932  0.44729442623333976
  0.45777299730572091  0.46883914615293310  0.47996503850148042  0.48993963730333856
  0.50019464497343236  0.50984546016107002  0.52137415533399489  0.53214075314926179
  0.54308508484804530  0.55435436318944031  0.56567924728556307  0.57713359183277879
  0.58839990931115471  0.59979714084002811  0.61077805085395331  0.62089569433803482
  0.63150948553861874  0.64250444528367145  0.65401619315336113  0.66553507450918759
  0.67701172643551077  0.68818595839614705  0.69910140327341241  0.70991877034836071
  0.71995944245588572  0.73035775209900178  0.74118917997015799  0.75200780329631967
  0.76205358297675907  0.77228062370965145  0.78296343609336649  0.79365090795237336
  0.80430678530084054  0.81482269057543799  0.82471833934519934  0.83402970825178446
  0.84354404410126105  0.85400409882583572  0.86508837221341361  0.87601580762876752
  0.88679789732931902  0.89789976636872837  0.90869128685297806  0.91829989912820087
  0.92702801336291596  0.93587496409841686  0.94528334872914110  0.95675262837111741
  0.96729303091204755  0.97747822009719298  0.98771800608275040  1.00000000000000000
  0.68896474908877992  0.77875305330245537  0.78368827493602466  0.78870606287274980
  0.79263930797475957  0.79579639110756784  0.79905650775141979  0.80224671265216652
  0.80517829814734820  0.80789709730006365  0.81059066588874384  0.81338349153163980
  0.81605646972837620  0.81878073045249633  0.82164081584879212  0.82457002016298786
  0.82751545299490759  0.83039979038387235  0.83336325834080649  0.83640611258253283
  0.83938772023294428  0.84215493901947736  0.84481144249415052  0.84751640527462258
  0.85031063645462479  0.85320600912977929  0.85612813900949813  0.85886112904477463
  0.86138574333236795  0.86385797872908643  0.86642135342361848  0.86909427800924433
  0.87172163965554350  0.87422237674579673  0.87666636398724263  0.87910751277964216
  0.88161730688868467  0.88399958088036890  0.88626290586568435  0.88853434279148336
  0.89079947531240689  0.89320866588975056  0.89564865112919778  0.89810644630508851
  0.90055917845773936  0.90303060466489204  0.90550525929326486  0.90794424826675302
  0.91031685963317677  0.91260419235706081  0.91482369456162915  0.91699832034541595
  0.91912384521345503  0.92120463288336685  0.92323618647315542  0.92533791038216118
  0.92749901939759483  0.92961906687596763  0.93168253580384874  0.93371910744664854
  0.93576584358455328  0.93775021032216499  0.93961384520539482  0.94143501029485166
  0.94321605214691184  0.94493686064377003  0.94664291291582314  0.94837428161673232
  0.95018453557196980  0.95199666785187598  0.95377843522973449  0.95550715445172996
  0.95723085491300974  0.95895961123516804  0.96047324543692314  0.96182479417961997
  0.96319123688602482  0.96455893675664639  0.96600157695480571  0.96772428440272451
  0.96946724942038576  0.97122811292212641  0.97300607670694972  0.97479909633109174
  0.97660332078666756  0.97841613856601295  0.98025792809900913  0.98221448613090334
  0.98420007690057665  0.98613624570577973  0.98807699614116129  0.99006321187848623
  0.99215377705450014  0.99444517398756038  0.99711698300461582  1.00000000000000000
 -0.01832749278257461  0.11832979557541540  0.14908167739137776  0.17023429877987320
  0.18775140653562961  0.20323209853471541  0.21606254034714609  0.22765272277853560
  0.23672775858107048  0.24588132317002087  0.25509972943019943  0.26415792359541140
  0.27357275004525800  0.28136835072134364  0.28967257255474055  0.29825825817836477
  0.30771339715134621  0.31341136147740817  0.31871739042377867  0.32375574254975187
  0.32797155500227104  0.33358347007682676  0.33954409909938810  0.34527498383010002
  0.35133612979340834  0.35755765770796361  0.36376531621511704  0.37042245220303732
  0.37762768947417230  0.38527609408664193  0.39305382174736442  0.40058150005261317
  0.40788332189417037  0.41482445271192164  0.42159373847879938  0.42838515153279411
  0.43502756118890007  0.44167458802738352  0.44827956917446504  0.45506950760438952
  0.46143225089059897  0.46724479867394941  0.47271806550163042  0.47797252184456240
  0.48340186483300512  0.48907213313108061  0.49465312942915990  0.50025088486292169
  0.50572934465001596  0.51122085284673568  0.51696130765359138  0.52310138331253064
  0.52954977068535980  0.53599262718778073  0.54235844699618507  0.54864592824620906
  0.55463879411927475  0.56064726027562861  0.56663226682516332  0.57292778467596461
  0.57942360262409154  0.58637266052746861  0.59343196898269934  0.60017665117823016
  0.60649092933140170  0.61241893198542807  0.61835782823906849  0.62463426322858895
  0.63135239223526518  0.63869298018893517  0.64648837938834514  0.65405823608504132
  0.66093272691773819  0.66756791365328172  0.67431906684472298  0.68147215619889190
  0.68941550311060762  0.69739600633119792  0.70524271916046932  0.71255065913490800
  0.71934457155204712  0.72610611476830400  0.73301976379262879  0.74049256878958514
  0.74880398282010996  0.75724287315823802  0.76559984925870683  0.77433164075112648
  0.78346508067424048  0.79351176814825419  0.80535142620089062  0.81677080444393180
  0.82894745680982973  0.84097652435455095  0.85938960966098643  1.00000000000000000
   1.1429490032281084E-004  -1.0000000000000000     
 F F F F F F F F F F F F F F F F F F F F F F F F F F F F F F F F F F F F F F F F F F F F F F F F F F F F F F F F F F F F F F F F F F F F F F F F F F F F F F F F F F F F F F F F F F F F F F F F F F F F F F F F F F F F F F F F F F F F F F F F F F F F F F F F F F F F F F F F F F F F F F F F F F F F F F F F F F F F F F F F F F F F F F F F F F F F F F F F F F F F F F F F F F F F F F F F F F F F F F F F F F F F F F F F F F F F F F F F F F F F F F F F F F F F F F F F F F F F F F F F F F F F F F F F F F F F F F F F
  <DiscreteSampler_grid>
  grouped_processes
  1 # 1 for a reference and 2 for a running grid.
  10 # Attribute 'min_bin_probing_points' of the grid.
  1 # Attribute 'grid_mode' of the grid. 1=='default',2=='initialization'
  0.0000000000000000 # Attribute 'small_contrib_threshold' of the grid.
  0.5000000000000000 # Attribute 'damping_power' of the grid.
 # binID   n_entries weight   weight_sqr   abs_weight
    13   10   4.908167093548855E+000   1.611861573611834E+002   4.908167093548855E+000
    16   10   6.187201821438173E+000   2.564478220992642E+002   6.187201821438173E+000
    22   10   3.681406975586018E+000   8.235226178399193E+001   3.681406975586018E+000
    25   10   4.823278782654315E+000   1.408096792593154E+002   4.823278782654315E+000
  </DiscreteSampler_grid>
