  0.00000142615836612  0.00000149335046958  0.00000154551781547  0.00000158728338126
  0.00000163150120490  0.00000167675913433  0.00000171978177084  0.00000176598386173
  0.00000181063078863  0.00000185253104703  0.00000189305892705  0.00000193176133920
  0.00000197100649856  0.00000201370018536  0.00000206032729981  0.00000210905184522
  0.00000216047464331  0.00000221297955437  0.00000226533414177  0.00000231728691985
  0.00000236745761397  0.00000242153903979  0.00000248028302923  0.00000254257142444
  0.00000260642889250  0.00000267073301122  0.00000273651721730  0.00000280383319140
  0.00000287369421241  0.00000295598163049  0.00000305020859567  0.00000315062375992
  0.00000325347584740  0.00000336413411503  0.00000346578327244  0.00000356834729116
  0.00000367177297870  0.00000377291594162  0.00000388535035294  0.00000400398994200
  0.00000412663094744  0.00000425380194855  0.00000437980805134  0.00000449442379324
  0.00000461295500236  0.00000473629845395  0.00000487975430273  0.00000502860825684
  0.00000519180072831  0.00000535322052855  0.00000553696465508  0.00000574306200768
  0.00000595121730648  0.00000616041471336  0.00000638671434898  0.00000663156221934
  0.00000691368947710  0.00000720257095987  0.00000752884392705  0.00000791544539637
  0.00000831770104360  0.00000873019843169  0.00000917498035465  0.00000965950114204
  0.00001019477285601  0.00001079384584759  0.00001143149955260  0.00001211967617119
  0.00001288067016826  0.00001371277411648  0.00001463207218376  0.00001560416134001
  0.00001665594904081  0.00001785498521500  0.00001928115065927  0.00002090202101974
  0.00002264706052215  0.00002446998538569  0.00002651510705937  0.00002910404494169
  0.00003249883830560  0.00003678119869670  0.00004176778545010  0.00004781576842006
  0.00005569844538862  0.00006432086347254  0.00007600550580741  0.00009518620693698
  0.00012225534439871  0.00017483337515050  0.00030886335937379  0.00057668416242771
  0.00105871271494978  0.00227381433512544  0.04691788026678738  1.00000000000000000
 -0.00467367092229703  0.02342316866234715  0.04133944979527486  0.05527336218376830
  0.06763298426944800  0.07912618079650795  0.09037578045879073  0.10174822930757707
  0.11405990447865964  0.12531394871056337  0.13558934413748741  0.14664026374526384
  0.15635572341632714  0.16569775449708221  0.17403774228721652  0.18297279848291867
  0.19361988407759026  0.20472714003071663  0.21553794943050605  0.22587764887112835
  0.23527580339736420  0.24463909152203142  0.25389763173894675  0.26373104352596832
  0.27367133932185900  0.28398478988185666  0.29460191268064279  0.30554786303409270
  0.31597641941331878  0.32680876004597942  0.33770077382578967  0.34854040972868316
  0.35859391135697205  0.36736289976747949  0.37566645462173803  0.38402137743662812
  0.39281134389576006  0.40229636751134196  0.41160048464987065  0.42165377643092011
  0.43319962765636322  0.44667413715587406  0.46100399476226089  0.47400758470130716
  0.48505900189701817  0.49454275564453687  0.50404861628753495  0.51336564040848776
  0.52254488500734775  0.53226671638034762  0.54373161224232280  0.55693761428054811
  0.57070655268528225  0.58371505388636236  0.59558358878722184  0.60683664574002083
  0.61869535323301939  0.63185656691774650  0.64513068856017552  0.65575395821160654
  0.66565351846137366  0.67504275473326769  0.68446552784955506  0.69205866794161830
  0.69976642632297315  0.70773516175841233  0.71968566166318504  0.73123778773315162
  0.74255126883181322  0.75150770656136701  0.76015071187811134  0.76889182184693761
  0.77859213403639738  0.79088019930342368  0.80238632852174596  0.81384837476347272
  0.82503782534348502  0.83314170120281250  0.84090022549222132  0.84810712475046113
  0.85618002071220478  0.86684951688869705  0.87846121448052150  0.88942296128912746
  0.90057218821782037  0.91155677315437500  0.92219786133932036  0.93268734349495408
  0.94330771169452776  0.95386137219868639  0.96299365296544803  0.97061234219830661
  0.97816349558388838  0.98570793738460438  0.99295006914756212  1.00000000000000000
  0.00000298368476460  0.00000612705713438  0.00000640361597943  0.00000673068742746
  0.00000709683372769  0.00000747179428028  0.00000784347421515  0.00000819117905227
  0.00000850532210861  0.00000884254643348  0.00000920047113750  0.00000957165159145
  0.00000997437450624  0.00001040867328671  0.00001083199232461  0.00001123460669490
  0.00001164872010296  0.00001208370432257  0.00001253231875758  0.00001300296246274
  0.00001348536214748  0.00001391802861136  0.00001438710753094  0.00001486788071053
  0.00001537250376531  0.00001592168965302  0.00001653351453324  0.00001722701261404
  0.00001795275158558  0.00001871440920178  0.00001957981668879  0.00002052683747354
  0.00002150011177548  0.00002254438062546  0.00002372529675507  0.00002493482696187
  0.00002600859102382  0.00002726017620603  0.00002866183347069  0.00003017561939411
  0.00003200472057686  0.00003409730700884  0.00003630343686270  0.00003861767379917
  0.00004100598149314  0.00004373358386809  0.00004683982520212  0.00005017373485837
  0.00005382767066954  0.00005745854666507  0.00006164462532153  0.00006622252488846
  0.00007202165810533  0.00007820205843950  0.00008648920487586  0.00009474280289301
  0.00010468863724204  0.00011617741368625  0.00012903151860074  0.00014347542881106
  0.00015774479235064  0.00017379715618018  0.00019072173788144  0.00021003125837420
  0.00023228309773220  0.00025846423955414  0.00028824902647505  0.00031749516244811
  0.00034807755754794  0.00038350428594640  0.00043364141883258  0.00049000068383964
  0.00054579005656877  0.00060208641516064  0.00067921620186959  0.00077238627826185
  0.00088171760624335  0.00100248996935779  0.00113831113125201  0.00129337230402877
  0.00148965616226450  0.00166550150064453  0.00187476996021058  0.00213584307060877
  0.00249171966022517  0.00298763421558735  0.00353961641340059  0.00399339983351238
  0.00440342094510778  0.00496139852066147  0.00591991607002308  0.00708448743249320
  0.00880075190832365  0.00997714614741121  0.05902339480402018  1.00000000000000000
  0.00000232237187539  0.00000391525390688  0.00000450286261329  0.00000511604075049
  0.00000567049329804  0.00000621238172057  0.00000675926273293  0.00000732815176768
  0.00000795736733885  0.00000861632310254  0.00000929371967923  0.00000998337684450
  0.00001067289770320  0.00001144087656108  0.00001224977513231  0.00001323000918385
  0.00001433344025495  0.00001558708008727  0.00001687352388907  0.00001821977429423
  0.00001954715005881  0.00002107444200625  0.00002268802178918  0.00002454983069390
  0.00002657639519263  0.00002877582039562  0.00003117234211733  0.00003378378526823
  0.00003659838110543  0.00003964296995084  0.00004325531124294  0.00004719700870147
  0.00005150427659236  0.00005610490501495  0.00006113042137168  0.00006666813001928
  0.00007261053638201  0.00007908041594978  0.00008560801598790  0.00009218096640295
  0.00009925822638428  0.00010740663846536  0.00011676485880959  0.00012661717997122
  0.00013755387770692  0.00015010073452432  0.00016194397910357  0.00017413413785345
  0.00018657903724302  0.00020087330557541  0.00021615273809425  0.00023304313866452
  0.00025142415249799  0.00027029697276531  0.00029110443687671  0.00030928907892604
  0.00032543313352466  0.00034097221072402  0.00035897626150825  0.00037927118670489
  0.00039887819750417  0.00042367640736725  0.00045380705520605  0.00048627033312212
  0.00051534233394772  0.00053866503733790  0.00056616623458730  0.00059582061691107
  0.00062733001032535  0.00065985418124871  0.00069357063243689  0.00073299564971462
  0.00078572078212897  0.00085839111096484  0.00094985241614837  0.00105178047009932
  0.00114821850710526  0.00122942410358125  0.00130930628132556  0.00139645393074436
  0.00149477160446276  0.00162022259567542  0.00180770623149447  0.00198775279497210
  0.00210429592791685  0.00221592867368531  0.00232038800179784  0.00245822960561320
  0.00261326780023184  0.00313131626620582  0.00385157687543776  0.00446267311518058
  0.00488453756521137  0.00543636073406999  0.00863649585873365  1.00000000000000000
 -0.00138719352029146  0.00704305192739731  0.01426322194561669  0.02122252901384778
  0.02833127628987845  0.03441286623424128  0.03987911647621541  0.04604851945428111
  0.05267580086281284  0.06059655630820811  0.06979270167542601  0.07874839178543225
  0.08748015218792143  0.09682435098736011  0.10719830993078071  0.11898021114724416
  0.12979902068285151  0.14073573698119565  0.15144088773217368  0.16275115931329889
  0.17323783160884934  0.18505992760016340  0.19616711012059834  0.20939255695372155
  0.22127091106317806  0.23368851625944151  0.24598784010408337  0.25867305396187684
  0.27181027475733682  0.28544997481360607  0.29992656208789403  0.31504115783767095
  0.32843625906575374  0.34267896663002789  0.35664326714739569  0.36917038626350290
  0.38107953920324722  0.39241800519881004  0.40464948614665347  0.41759173457468129
  0.43111722834597976  0.44447628063065797  0.45862419378093539  0.47272123280230760
  0.48653159503535504  0.50057152368340296  0.51467029050098578  0.52760717379923883
  0.53854478524023630  0.54815971056232604  0.55836278744094159  0.57123176687206978
  0.58532900511303876  0.59905025682736990  0.61345900041822254  0.62892495971775120
  0.64591328206218157  0.66126146014432041  0.67481854760809701  0.68709137100774842
  0.69843645272462740  0.70981735878472174  0.72159921003477656  0.73208628681344867
  0.74188383111538769  0.75169823542786796  0.76418197382717312  0.77428509330524065
  0.78357583542045339  0.79271065137418095  0.80390088993969611  0.81553212701172728
  0.82700831625814475  0.83632492223421850  0.84412483223954382  0.85047761871396821
  0.85720253561553694  0.86404691835680281  0.87135725951985799  0.88042893595824212
  0.88977926826722364  0.89930243201730620  0.90880850744981834  0.91739159387548586
  0.92548671547889627  0.93273102771439043  0.93907369376357552  0.94481764509491317
  0.95086344970033709  0.95759058064632840  0.96497154419892450  0.97247640349993458
  0.97983859843523646  0.98657830876028640  0.99336044751058017  1.00000000000000000
 -0.00244868009691268  0.01065297861035686  0.02252283728445919  0.03567239135966194
  0.04754521152344898  0.05807231323061098  0.06912319059284559  0.08128533962723528
  0.09134389381378853  0.09919976645246377  0.10701151602386680  0.11340519021237319
  0.11957765384478258  0.12668559668176149  0.13434126643389871  0.14293661263560434
  0.15361272792929209  0.16471091601337570  0.17579358419337174  0.18623101773754439
  0.19633461648686024  0.20653969431567654  0.21772121671489253  0.22972314131580771
  0.24121001614707957  0.25246383253525650  0.26351436384918736  0.27391337682399053
  0.28377246708900156  0.29324770518506771  0.30349612880911014  0.31417461095833665
  0.32495157808486030  0.33588517499674903  0.34736291359834154  0.35905278800239721
  0.36976120864113182  0.38007659296284613  0.39031986316321049  0.40165270734398634
  0.41328709804564290  0.42455900287742099  0.43583008160361142  0.44723922272988431
  0.45803367866303707  0.46790337566359924  0.47764778522894991  0.48788093383848746
  0.49733261457131367  0.50632067716806750  0.51541372304708866  0.52475982074256466
  0.53435955439889871  0.54416593736843777  0.55463765945337029  0.56519568937306586
  0.57562458357715207  0.58599088856259929  0.59555280347936612  0.60482936091311279
  0.61439764210319814  0.62498233568598272  0.63615667512361185  0.64730538402250604
  0.66000757248448894  0.67239208689223517  0.68343823908369339  0.69400430542988256
  0.70444582516001453  0.71529019957566531  0.72595530461607694  0.73637375765263746
  0.74692976548195955  0.75693984819513627  0.76694289055173837  0.77708454955776074
  0.78638834810694291  0.79472835488791138  0.80383421002719990  0.81410440228248593
  0.82612750552859904  0.83872549403748997  0.85123629751607444  0.86412167872296042
  0.87727417123478346  0.88938475739811917  0.90041789407959183  0.91058689763280387
  0.91958186345381054  0.92953557127752673  0.94110517411324990  0.95389896257562645
  0.96528129307038735  0.97683833627262884  0.98830035249032711  1.00000000000000000
 -0.00314856989882929  0.01357131974165330  0.02673479746095856  0.03893761332913342
  0.04881113970190919  0.05851808960721139  0.06893605521949453  0.08003042952209750
  0.09146436496930559  0.10261008710081082  0.11370138817269795  0.12514628097600150
  0.13724072002893850  0.15005286882562538  0.16354105335701780  0.17611511357489879
  0.18890385663866846  0.20032821354010330  0.21146236698205292  0.22239798520567108
  0.23300512034159934  0.24334927178918725  0.25549673229901076  0.26884587186604175
  0.28219520098899437  0.29475971442033672  0.30665530124361468  0.31849243386458070
  0.33084286768083293  0.34413185452693423  0.35760915922479775  0.37101291671152414
  0.38239388174136613  0.39167893498039208  0.39990704495876089  0.40828051375594182
  0.41698485547729836  0.42714865989827611  0.43757060478910731  0.44776682243163918
  0.45842408031166670  0.47128493707210611  0.48250414047774637  0.49294793290970679
  0.50295089830670803  0.51254566227039944  0.52255903120765612  0.53358539220805068
  0.54504199241771056  0.55647828396196852  0.56653772676292524  0.57597071496852892
  0.58469932412022274  0.59311161739497709  0.60226368907819905  0.61239005056271245
  0.62315538513472990  0.63431457096989996  0.64564142700022864  0.65660967070754439
  0.66748768997307295  0.67746004938076587  0.68801090379647045  0.69850361356821811
  0.70886930022530792  0.71965667482537199  0.73098510722093513  0.74282657517510808
  0.75370532276067859  0.76449497279229606  0.77549207746842186  0.78559468789964149
  0.79534905443145731  0.80501169290283958  0.81523121905924367  0.82562693808305199
  0.83567315592504876  0.84473955398787959  0.85384351944570658  0.86247788299830486
  0.87143248517036598  0.88107254251670319  0.89092774486659698  0.89994832967750171
  0.90878086194638175  0.91806703764151820  0.92758764789946002  0.93689167059473333
  0.94625909664449825  0.95540756153440287  0.96348471111964240  0.97089840126708526
  0.97801662854184956  0.98512167154441543  0.99223802791463767  1.00000000000000000
 -0.00229488207461215  0.01182739881789657  0.02226856392644076  0.03281259298543266
  0.04329708359484143  0.05425214975981278  0.06622583148495674  0.07926500143906393
  0.09134685185281824  0.10306178202556188  0.11382959306630816  0.12458976942752105
  0.13356747763781732  0.14202029005261466  0.15032281471488657  0.15889808369696382
  0.16873137836408911  0.17782252311211097  0.18693520718729420  0.19585629800024928
  0.20424495320497835  0.21199131115103506  0.22013656029288337  0.22918248998589388
  0.23801904933699275  0.24676249122003788  0.25564543957958052  0.26512268539760431
  0.27557569383245023  0.28612056024181343  0.29546917999590128  0.30397457591650068
  0.31292209749294131  0.32362662938521641  0.33392367636243714  0.34346565560511977
  0.35394890978222998  0.36542961543588320  0.37633352797352593  0.38636726047130548
  0.39645778136232362  0.40788299905001146  0.42010541363731491  0.43218642955243564
  0.44380710762438841  0.45455036083302236  0.46377179509144706  0.47216151772461495
  0.48042563885552630  0.48808057734001126  0.49757053942091184  0.50879135426341759
  0.52075519305463280  0.53287085760348551  0.54466804716828943  0.55574950526586653
  0.56637806304507277  0.57715314435864673  0.58879160828903276  0.60117770557989125
  0.61395225721227498  0.62657871868356940  0.63828350693780589  0.64996418003200607
  0.66138826713624110  0.67317856865242087  0.68525959756444477  0.69649607787010515
  0.70632848160810913  0.71536696605496508  0.72414903798078567  0.73352443432490388
  0.74294855694297068  0.75244509367868395  0.76294568988632849  0.77417244527425133
  0.78614656744505440  0.79851776604435709  0.81126378226954476  0.82413774327553024
  0.83882155614437648  0.85308514555494930  0.86481583631370051  0.87568925702638944
  0.88672395831427075  0.89730641978393433  0.90658510835862993  0.91549032866295110
  0.92455738789835062  0.93435607308318525  0.94476596673979152  0.95570948827119551
  0.96727240765894185  0.97817083142861772  0.98926581708607630  1.00000000000000000
 -0.00237123503954627  0.00889622761208036  0.01868322654729970  0.02894052545365186
  0.04059101096385571  0.05323217040177800  0.06508765158389609  0.07602248690155713
  0.08587219698950853  0.09475276375416035  0.10370491244657494  0.11345817149033796
  0.12323777146449981  0.13309512984601579  0.14284969357557059  0.15339654379732245
  0.16440260670948589  0.17447692126849093  0.18458637651219109  0.19358096361504606
  0.20224064954360493  0.21191182709295764  0.22034909101510305  0.23054479535197106
  0.24092648079576354  0.25183617332270630  0.26275748162876628  0.27347105791291926
  0.28419537456682931  0.29527175184257409  0.30598460087143053  0.31570057268651119
  0.32473153913476144  0.33451931601294604  0.34600174527092598  0.35778047287400960
  0.36891293169707629  0.37969116031896410  0.39027527753744073  0.40067339702870008
  0.41120980659033679  0.42287615642187226  0.43609926718113745  0.44926537683775880
  0.46163484023309309  0.47230187590101697  0.48385374065869918  0.49456476796424481
  0.50432468986567969  0.51097278776007304  0.51820800247624277  0.52580692198871293
  0.53430998659572515  0.54521565242348802  0.55792498368259946  0.57109667377196238
  0.58438075385377886  0.59727917518443252  0.60966374252671640  0.62144323510586252
  0.63214932681290859  0.64281173817900850  0.65400349182006523  0.66534164559707931
  0.67606326100966252  0.68577622977812813  0.69435742370923303  0.70264720137228498
  0.71121900564752694  0.72002394876350118  0.72900022225432848  0.73882976661386468
  0.74949432606841437  0.76084448927997472  0.77205122142620386  0.78366883456925895
  0.79497265888833857  0.80536394058091509  0.81688495147262907  0.82961771306006660
  0.84197837852752644  0.85325817048457686  0.86378033211760041  0.87485328733985213
  0.88578468008876499  0.89692237566537258  0.90840162702025373  0.91742897221342667
  0.92627578427415636  0.93527054715917046  0.94532600971741576  0.95650439286479805
  0.96731274060070016  0.97721243274238057  0.98873043553326023  1.00000000000000000
 -0.00006918034748467  0.00013082717327623  0.00034708236555894  0.00056209181003989
  0.00066497624229236  0.00077327645400193  0.00088455474117616  0.00099595386872670
  0.00110412698846473  0.00121631122573896  0.00132039361237700  0.00142109701169689
  0.00152260209020057  0.00162464356830065  0.00172817382181140  0.00183413148612257
  0.00194562680880796  0.00205594302680115  0.00217682228541775  0.00230245145905476
  0.00242348080513277  0.00254031612973257  0.00265168608491636  0.00276229687409906
  0.00287325915612261  0.00298614569195986  0.00311812066069031  0.00326371245423905
  0.00341465250756635  0.00356483350209212  0.00371607029542055  0.00388108413059104
  0.00405280811166797  0.00420610169754546  0.00434381143792128  0.00446716235798727
  0.00457918622872368  0.00468764115956515  0.00479103652044213  0.00490037131476722
  0.00501954314879718  0.00515898851815716  0.00525502939046293  0.00534043641837952
  0.00542910774702300  0.00551801709340585  0.00559873382762106  0.00567945056183627
  0.00581265458314535  0.00594508182459222  0.00609002632632800  0.00627628068649538
  0.00648203105105646  0.00663087050576437  0.00679247201307227  0.00696551562060895
  0.00713989849987218  0.00733719322577201  0.00754650510381522  0.00774478902991348
  0.00794345796697446  0.00815229381996474  0.00838854504267656  0.00862270952879623
  0.00884155956420651  0.00905930605450292  0.00929852309709918  0.00961802468661340
  0.00997768390532859  0.01024759752930098  0.01050943360794493  0.01078734744168589
  0.01122860802366566  0.01188892933791670  0.01215908546750144  0.01244663334270015
  0.01275262499496008  0.01299587701330793  0.01323632089597884  0.01412753342711336
  0.01516806603636850  0.01590084843459499  0.01629538938219706  0.01664159143830438
  0.01694494867952408  0.01721424990642002  0.01822243755452427  0.01933409407423442
  0.01973749087708624  0.02010236690752700  0.02117567536222611  0.02546055873138516
  0.02625244716064667  0.02704067907840214  0.04215951132002300  1.00000000000000000
 -0.00242663360331298  0.01006769763862462  0.01983410902239742  0.02970329261338660
  0.03965499303932951  0.05032327774814199  0.06055236250690410  0.07027550746342485
  0.08048018758653110  0.09124328148772597  0.10342510879829980  0.11632173725799128
  0.12907990348422430  0.14102163134054405  0.15342230336805490  0.16588426092734287
  0.17862598001156560  0.19092504298029647  0.20343185047425505  0.21600427993543694
  0.22814243401677925  0.23965456925273232  0.25058888018988140  0.26154438479868536
  0.27304221397785439  0.28494633542673881  0.29705907387557950  0.30974495119593265
  0.32240784265075573  0.33458817987869677  0.34571156345095982  0.35637710835961250
  0.36634099733800490  0.37640576595444369  0.38700108829691582  0.39771310136612947
  0.40764788416238784  0.41651452826961788  0.42526724401355809  0.43382995907550603
  0.44264957311411307  0.45026232991273940  0.45903826316753499  0.46866418909048424
  0.47890234020027106  0.48868076182256714  0.49804893593199029  0.50666490111408224
  0.51495642698724342  0.52353640754337472  0.53182681997599901  0.53988153055701371
  0.54801994243576013  0.55551366818718295  0.56376268366731364  0.57332010628238450
  0.58422114573697470  0.59498412841714121  0.60511247089638387  0.61505509136313441
  0.62519080032288921  0.63557516017744731  0.64606700950153995  0.65654279678488736
  0.66653392945169188  0.67621043184620777  0.68639793281635830  0.69749102810201113
  0.70838945886944082  0.71934853370295881  0.73103365050335289  0.74325085409441782
  0.75576365914856158  0.76737606846718964  0.78008331003564302  0.79303088064690119
  0.80229114686085112  0.81087134376357040  0.81888805650991270  0.82716921356177520
  0.83869708708398172  0.85089954501559140  0.86213727802726936  0.87327607407116437
  0.88606667785111426  0.89986435269969944  0.91184574826012710  0.92160158505897161
  0.93044079201928187  0.94003914128318533  0.94984469339836541  0.95981425161997513
  0.96957048901096188  0.97915487314626870  0.98961670969319182  1.00000000000000000
  0.31307846169286080  0.68446892081018196  0.74005206282390323  0.76247972071056347
  0.77171115702093951  0.77871610487471155  0.78366315007573162  0.78832600322096125
  0.79249499860525963  0.79646702348514598  0.80051812921535714  0.80433708786752389
  0.80820382299664528  0.81212159399238293  0.81602346904260159  0.81997286364823851
  0.82459589846740111  0.82856710348584950  0.83309021356532464  0.83748479995423752
  0.84153863440343357  0.84493667054748300  0.84808573372847373  0.85136941562449708
  0.85480600788597216  0.85808589401547908  0.86138562793718576  0.86472190194680620
  0.86811137244009828  0.87134827474907950  0.87441598568934065  0.87741003563495357
  0.88023525210798648  0.88298202414530380  0.88569095166149636  0.88845855829675924
  0.89125617954105529  0.89403089988483675  0.89671837043442959  0.89919254240605584
  0.90158714855536726  0.90396959822839529  0.90637579541636937  0.90886314442881322
  0.91132569853121026  0.91366811971995665  0.91587068680442785  0.91793086504406529
  0.91992643600457424  0.92192505500048993  0.92390857890357370  0.92591988859556262
  0.92798143490461404  0.93005975783453887  0.93216059361730808  0.93417807366166883
  0.93609791249578944  0.93799690125522595  0.93985572823785135  0.94172673344433189
  0.94352471397836857  0.94534591096165221  0.94720920395964947  0.94909236400254926
  0.95090563702773168  0.95261485857635175  0.95424972591521451  0.95597917926900222
  0.95775669520760709  0.95949510388802894  0.96120678032660911  0.96287349006720047
  0.96442816892698235  0.96610026029046825  0.96775164977307426  0.96938443795648055
  0.97094282291942735  0.97240011390358616  0.97376758794418616  0.97506898002019504
  0.97627954434017461  0.97758404872805771  0.97895040803678390  0.98033675771042983
  0.98172838227782244  0.98315625544830398  0.98463375333843173  0.98613757862180296
  0.98763382337372985  0.98916956097162956  0.99063433384438015  0.99218660981131845
  0.99383886096017937  0.99565586979918552  0.99777795226144173  1.00000000000000000
  0.02051754125721881  0.15896689231548697  0.17443392306550951  0.18948112488240434
  0.20447211231203757  0.22104668640605610  0.23889150173746782  0.25552004769725423
  0.27191126264668336  0.28747421332180983  0.30270978024414874  0.31822361275471506
  0.33470705549479107  0.34936990661087780  0.36134304359330149  0.37178011185825716
  0.38197991366684519  0.39231766984004546  0.40278051745099130  0.41296509776313267
  0.42288106651842816  0.43267739267657140  0.44284439714925583  0.45265264402002159
  0.46114725531048095  0.46913618419230457  0.47716931318244116  0.48634833603660965
  0.49542737891254268  0.50387951228650851  0.51183222289641150  0.51925674998571203
  0.52725236026783018  0.53510177066063713  0.54272667462778212  0.55009999425753842
  0.55750881027647181  0.56462292010196014  0.57135907689818755  0.57790544970059377
  0.58428928064028662  0.59059915165814836  0.59719705259193545  0.60384124968196862
  0.60876906149992649  0.61365974039106841  0.61833653139101763  0.62282894141597478
  0.62770815306515682  0.63325945113519844  0.63918128523077933  0.64506346279510962
  0.65120467427995754  0.65693512255234010  0.66245547169511165  0.66816446847231437
  0.67391895250455602  0.68028945204321234  0.68565172353988324  0.69088876596485305
  0.69616378408431379  0.70124225257790662  0.70666237103396601  0.71205538166142690
  0.71709559990988359  0.72234557623030271  0.72748769529057311  0.73285112536252639
  0.73853269991697323  0.74410906056699599  0.74980453539597214  0.75583323431223803
  0.76185656289584758  0.76774484046231850  0.77364782138268084  0.77837231917375527
  0.78295461532701671  0.78744552103009091  0.79197787741353443  0.79693302045571479
  0.80182536920885938  0.80695945310004091  0.81215001986786917  0.81802594157206532
  0.82454596001590186  0.83170020091465657  0.83833895561470595  0.84518139704995809
  0.85293279450675474  0.86332230462472237  0.87674399612608767  0.89168891071915579
  0.90337212344016782  0.91519295497994135  0.93380907366663812  1.00000000000000000
   3.1528119231309799E-006  -1.0000000000000000     
 F F F F F F F F F F F F F F F F F F F F F F F F F F F F F F F F F F F F F F F F F F F F F F F F F F F F F F F F F F F F F F F F F F F F F F F F F F F F F F F F F F F F F F F F F F F F F F F F F F F F F F F F F F F F F F F F F F F F F F F F F F F F F F F F F F F F F F F F F F F F F F F F F F F F F F F F F F F F F F F F F F F F F F F F F F F F F F F F F F F F F F F F F F F F F F F F F F F F F F F F F F F F F F F F F F F F F F F F F F F F F F F F F F F F F F F F F F F F F F F F F F F F F F F F F F F F F F F F
  <DiscreteSampler_grid>
  grouped_processes
  1 # 1 for a reference and 2 for a running grid.
  10 # Attribute 'min_bin_probing_points' of the grid.
  1 # Attribute 'grid_mode' of the grid. 1=='default',2=='initialization'
  0.0000000000000000 # Attribute 'small_contrib_threshold' of the grid.
  0.5000000000000000 # Attribute 'damping_power' of the grid.
 # binID   n_entries weight   weight_sqr   abs_weight
    13   10   1.246335388190719E+000   9.968474423411381E+000   1.246335388190719E+000
    14   10   1.246335388190716E+000   9.968474423411312E+000   1.246335388190716E+000
    16   10   1.579112423093381E+000   1.556756136214004E+001   1.579112423093381E+000
    17   10   1.579112423093376E+000   1.556756136213993E+001   1.579112423093376E+000
    22   10   1.246335388190719E+000   9.968474423411381E+000   1.246335388190719E+000
    23   10   1.246335388190715E+000   9.968474423411305E+000   1.246335388190715E+000
    25   10   1.579112423093381E+000   1.556756136214005E+001   1.579112423093381E+000
    26   10   1.579112423093376E+000   1.556756136213993E+001   1.579112423093376E+000
    31   10   1.246335388190719E+000   9.968474423411376E+000   1.246335388190719E+000
    32   10   1.246335388190715E+000   9.968474423411305E+000   1.246335388190715E+000
    34   10   1.579112423093380E+000   1.556756136214003E+001   1.579112423093380E+000
    35   10   1.579112423093375E+000   1.556756136213992E+001   1.579112423093375E+000
  </DiscreteSampler_grid>
