  0.00000015021575097  0.00000015201200276  0.00000015380825456  0.00000015703375956
  0.00000016054020777  0.00000016498329385  0.00000017016748241  0.00000017836638428
  0.00000018643498545  0.00000019565977508  0.00000020717419702  0.00000021962458904
  0.00000023144688409  0.00000024343490760  0.00000025577424012  0.00000026807830741
  0.00000028033467783  0.00000029200353974  0.00000030328446918  0.00000031532059340
  0.00000032828157900  0.00000034192907536  0.00000035674081284  0.00000037123164850
  0.00000038635554649  0.00000040270819332  0.00000042095973207  0.00000044191126318
  0.00000046181592605  0.00000048167727237  0.00000050081412638  0.00000052269545218
  0.00000054805292482  0.00000057482246765  0.00000060083260883  0.00000063186919367
  0.00000066678533813  0.00000070337642886  0.00000074132378728  0.00000078352733426
  0.00000083157191107  0.00000087574032829  0.00000092315527664  0.00000097802249073
  0.00000103266428897  0.00000109535241125  0.00000116998661062  0.00000124381783878
  0.00000132039041907  0.00000140471924847  0.00000150177379031  0.00000161162873023
  0.00000173379302481  0.00000186618971589  0.00000200943756715  0.00000217676090752
  0.00000236296309556  0.00000256452641654  0.00000277365576739  0.00000301380852026
  0.00000323886947453  0.00000347275915365  0.00000371264641333  0.00000395543104887
  0.00000422465086538  0.00000457492824474  0.00000498573947631  0.00000546744264448
  0.00000599881851383  0.00000657359533197  0.00000723650396802  0.00000801452192534
  0.00000888690057938  0.00000985876011572  0.00001093880920914  0.00001220419557608
  0.00001366891260596  0.00001541637164558  0.00001756713024979  0.00001982958580859
  0.00002221776171760  0.00002496496669044  0.00002870399465420  0.00003365414225915
  0.00003972264784339  0.00004764663297865  0.00005947490231476  0.00007442804603492
  0.00009174318672884  0.00011843487815758  0.00017258153790523  0.00026275502114985
  0.00047893901167098  0.00131074172815987  0.07688287064621005  1.00000000000000000
  0.00000052425789098  0.00000058660191348  0.00000065563549471  0.00000073312844191
  0.00000086942029479  0.00000104216984217  0.00000116772561333  0.00000130479078846
  0.00000145197620972  0.00000159998461376  0.00000175227425800  0.00000189985008508
  0.00000207529134217  0.00000226647760733  0.00000246573422680  0.00000267908975662
  0.00000290800604121  0.00000313796850947  0.00000336317482147  0.00000363430998224
  0.00000392654371879  0.00000424414087987  0.00000462906735907  0.00000508268995871
  0.00000560478488765  0.00000617281012650  0.00000676417527168  0.00000741309071455
  0.00000808565967769  0.00000878891760200  0.00000952835163895  0.00001030286565851
  0.00001108579397924  0.00001197041099672  0.00001286855878958  0.00001378197783824
  0.00001484055745002  0.00001593811030319  0.00001712260849344  0.00001834602214923
  0.00001959529438251  0.00002087184703219  0.00002218803414442  0.00002356320458318
  0.00002502890438533  0.00002662083477315  0.00002801862910803  0.00002952350862940
  0.00003109239512702  0.00003265140303741  0.00003481500735225  0.00003723936101714
  0.00003969022872134  0.00004225401880955  0.00004501841134007  0.00004800259371404
  0.00005123420907709  0.00005462828435408  0.00005827450888648  0.00006229510273411
  0.00006691103384273  0.00007153618544945  0.00007688438803719  0.00008222923677845
  0.00008761265143822  0.00009359930093107  0.00010041073607811  0.00010811212357415
  0.00011627860593661  0.00012517194397004  0.00013461315424610  0.00014468752549000
  0.00015809347702772  0.00017255071316252  0.00018682571815574  0.00020346657101475
  0.00022012615378699  0.00023742251038885  0.00025783523427624  0.00028209930272713
  0.00030771753646568  0.00033481879688742  0.00036863097193721  0.00040785226229008
  0.00045381655911198  0.00053307567995605  0.00063564068160613  0.00076865609173048
  0.00094166276789330  0.00119025633505177  0.00151837773600196  0.00203036284526273
  0.00304958037674501  0.00529874031670035  0.09935794597919319  1.00000000000000000
  0.00000163639709157  0.00000167370336152  0.00000171694099496  0.00000175031854385
  0.00000177251155459  0.00000179231645385  0.00000181514169453  0.00000183893731370
  0.00000186569890303  0.00000189785519164  0.00000193207702500  0.00000197259097561
  0.00000205437884228  0.00000213561626240  0.00000221821894241  0.00000230582362123
  0.00000239841727067  0.00000249853590155  0.00000261223960121  0.00000273500151592
  0.00000285552753429  0.00000296878061836  0.00000307872007173  0.00000319274113238
  0.00000331425763865  0.00000347197485277  0.00000366198543214  0.00000386882105450
  0.00000409537084901  0.00000434352849343  0.00000459748532465  0.00000487208727599
  0.00000517841998162  0.00000549913339262  0.00000583859720285  0.00000618761192229
  0.00000655835293536  0.00000697914896150  0.00000744248957422  0.00000799597338833
  0.00000861344106174  0.00000926567149425  0.00000996275797671  0.00001068605315759
  0.00001151348204934  0.00001246208292716  0.00001355393543289  0.00001468713393837
  0.00001588435661100  0.00001722613960062  0.00001873497502863  0.00002024295516379
  0.00002181353979109  0.00002349288607101  0.00002518051161115  0.00002710973766766
  0.00002937750516786  0.00003191480515245  0.00003461697817376  0.00003755926158593
  0.00004058663172251  0.00004400540226802  0.00004775362771063  0.00005242790892081
  0.00005786516045562  0.00006312128595603  0.00006820727661328  0.00007322756666599
  0.00007846629285174  0.00008436467940698  0.00009133745204264  0.00010032669194948
  0.00011100536214489  0.00012166321396777  0.00013117537243041  0.00014111300334128
  0.00015105919324340  0.00016576825211995  0.00018421909694407  0.00020596161856620
  0.00023453400909258  0.00026587768431098  0.00029940414928151  0.00034002793511135
  0.00038473728564592  0.00044320079389182  0.00053065095268815  0.00062829638664777
  0.00072782252915024  0.00088802698700274  0.00112084170772079  0.00142229946837823
  0.00198082157173317  0.00315200280270284  0.03546753812209555  1.00000000000000000
  0.00000159523760400  0.00000164786760718  0.00000169055102991  0.00000173578896643
  0.00000178145480812  0.00000182157447677  0.00000186399196629  0.00000191007442764
  0.00000195877589408  0.00000201361933610  0.00000207142774050  0.00000212738844643
  0.00000219256021405  0.00000226737977551  0.00000234768621997  0.00000244138154482
  0.00000251841104219  0.00000261264016900  0.00000271229720906  0.00000281517176036
  0.00000291914322904  0.00000302247281882  0.00000312668711263  0.00000323089240295
  0.00000333760270011  0.00000347171984301  0.00000362041921372  0.00000376931618683
  0.00000391442511517  0.00000406019329174  0.00000420817196201  0.00000436607555617
  0.00000453849124953  0.00000470898360039  0.00000487903245162  0.00000506623526465
  0.00000525571802799  0.00000545351157129  0.00000571318539424  0.00000597780219534
  0.00000624885089697  0.00000654908155974  0.00000685919044788  0.00000717414074765
  0.00000749907801161  0.00000783651396266  0.00000818222692817  0.00000853518721037
  0.00000890724545268  0.00000931226513604  0.00000974717738662  0.00001021658514581
  0.00001075369199184  0.00001133360250309  0.00001191073476970  0.00001255217994086
  0.00001325383175951  0.00001399923098619  0.00001495682053113  0.00001592567012388
  0.00001703156995951  0.00001810300670917  0.00001918635325169  0.00002043452867961
  0.00002170630705895  0.00002303257633567  0.00002452586543942  0.00002617390320491
  0.00002794088083018  0.00002988874094941  0.00003201784038581  0.00003447054008570
  0.00003743469239064  0.00004109869733209  0.00004510958977527  0.00004902284177474
  0.00005330064243845  0.00005779827964102  0.00006301083518457  0.00006888150153628
  0.00007557188792546  0.00008450141753345  0.00009472169837827  0.00010546118841019
  0.00011794687899455  0.00013425088503045  0.00015686305284097  0.00019009093596130
  0.00023805147390315  0.00030083824495968  0.00039531082162103  0.00055815353178831
  0.00099520419356440  0.00186603479612889  0.01410498279023451  1.00000000000000000
 -0.00299463105678262  0.01255631936087191  0.02395128199547265  0.03431745069614395
  0.04448838286862843  0.05441458867023161  0.06473037008257590  0.07501903601401901
  0.08625095703878945  0.09758663014665106  0.10884554883518358  0.11984148406517391
  0.13121285932943136  0.14276349438432612  0.15510305410657579  0.16603081498833053
  0.17520624756847394  0.18395835223712875  0.19306992278438917  0.20327971412610746
  0.21399113222051847  0.22445175021973635  0.23322700472831367  0.24214180827672724
  0.25123036403146326  0.26181793897361633  0.27263369125441950  0.28313712201838437
  0.29398434472052010  0.30484625713350522  0.31476956063614731  0.32322230751982939
  0.33054095676517170  0.33835562901973493  0.34614998149774834  0.35512842517916127
  0.36475204388217541  0.37469210171875583  0.38746682852243475  0.39971389275366465
  0.41123244249164809  0.42120267463931743  0.43150772533394055  0.44162852564072208
  0.45156133170853319  0.46103611907247971  0.47098585221036338  0.48067232156596551
  0.49031125695507938  0.49956293332482721  0.50822191631537361  0.51762852870423803
  0.52705023386779970  0.53495208362263358  0.54252346562446985  0.55045730894133704
  0.55957276918430443  0.57078108144192408  0.58233596864946136  0.59441104524172783
  0.60698687336332369  0.61871583519880391  0.63062456913626741  0.64223571870312579
  0.65365862794967566  0.66491606639219947  0.67551161626917411  0.68624882795156117
  0.69668906777725759  0.70729633231924571  0.71788655685775093  0.72874140743386950
  0.73888996043730260  0.74831818677880080  0.75768463017187626  0.76726009822863284
  0.77959701097774159  0.79168063767167840  0.80532011743447507  0.81920972772011036
  0.83384220057846681  0.84763353626273374  0.85816945861895322  0.86722129313129781
  0.87581340520059903  0.88435670658575660  0.89553673549924506  0.90698574530239728
  0.91766000556816707  0.92774635727608479  0.93796972349302288  0.94912526275041198
  0.96073230477044802  0.97311684640797214  0.98627487455465246  1.00000000000000000
 -0.00129405807375672  0.00631237315186834  0.01407969576747715  0.02171123011236952
  0.03091393583335525  0.04139987740619597  0.05285117412783523  0.06451678543296413
  0.07646599775241331  0.08819321129491169  0.09996524793690253  0.11208393634976470
  0.12385401694503521  0.13410203777039453  0.14366588131599503  0.15396495728569176
  0.16399678812910296  0.17437565351817907  0.18435337023092596  0.19431468029854265
  0.20516668536069690  0.21670929402867131  0.22964108854294135  0.24178958610762921
  0.25367966073537673  0.26519577151561768  0.27482304250440875  0.28350083432620743
  0.29184996487331250  0.30071686552279214  0.30988863489661855  0.31873636560874291
  0.32774576470836847  0.33713382255147589  0.34729417573195154  0.35781079322066950
  0.36855427201400887  0.37945392568837422  0.39004253443900611  0.40132449640273754
  0.41117158185790353  0.42145982261406190  0.43187616751668667  0.44224940622662434
  0.45407722183690541  0.46583793637588533  0.47721245867153300  0.48905256718941659
  0.50133589156390357  0.51106922693219348  0.52075449518711991  0.53001816236516841
  0.54101697398917126  0.55073846820954808  0.56099333712066290  0.57176690051707058
  0.58292683043383065  0.59327445024341430  0.60359544762194994  0.61436682801126297
  0.62541987948146416  0.63700984684133843  0.64889153005677291  0.66169689581668822
  0.67444527290857392  0.68684000226385866  0.69877848729897829  0.70987235482129085
  0.72041388227036118  0.73028216796887702  0.74019306170246169  0.75001544323854941
  0.76129543547459722  0.77229492767598928  0.78380778460797917  0.79330488031912016
  0.80206696777105213  0.81101263809949353  0.82091358098573497  0.83198084683627960
  0.84354697347893559  0.85508334336234038  0.86676893943084588  0.87980003950273233
  0.89314841528343392  0.90538597936410714  0.91683508387362389  0.92604595306815018
  0.93409240308684927  0.94256288998601445  0.95132481801604674  0.96078301911313446
  0.97026830830211186  0.97996432641148978  0.98976150038323241  1.00000000000000000
 -0.00217016824466794  0.00682534803139761  0.01541678342560887  0.02345779322095029
  0.03150443237582375  0.03996472186845918  0.04834756771681036  0.05713620770074981
  0.06593111921380855  0.07311515043720282  0.08065053282433066  0.08865480247895051
  0.09750638827186930  0.10758095137141518  0.11757930398964427  0.12716958404909426
  0.13641086458618271  0.14614172206316303  0.15707252499286548  0.16855029547202435
  0.17940762705862628  0.18927353980319669  0.19848080836319970  0.20806501098681926
  0.21813221343564149  0.22873456767418524  0.23926328063304611  0.25016478745684878
  0.26200442544916358  0.27273611691856026  0.28405791962636984  0.29423648562956267
  0.30631747245087004  0.31799587891240444  0.33049389458861250  0.34291752644984902
  0.35536449590018410  0.36775382006279284  0.38052542037373438  0.39316756345973819
  0.40462532966078890  0.41572413907521666  0.42740194346477950  0.43941772587147893
  0.45008216839274401  0.46018116068744630  0.47118315157692375  0.48254139187634537
  0.49535393941653633  0.50883054732395572  0.52299454063378203  0.53609561774602921
  0.54813212296782188  0.55992641906712148  0.57098799833424219  0.58197630190758587
  0.59316009907915301  0.60452279711026913  0.61677147843898494  0.63050592590576326
  0.64603289229536620  0.65990260744699125  0.67293568101329604  0.68415248340040691
  0.69473637071629035  0.70528901039505054  0.71656286617331877  0.72761996640760984
  0.73852917426982234  0.74920684526383297  0.76013225732059719  0.77202451956286289
  0.78342819768316929  0.79400403093496308  0.80437029159849915  0.81544015123484170
  0.82656681513395003  0.83720638099262012  0.84732488076153334  0.85700451230854080
  0.86708147445986539  0.87647097956786235  0.88512608895110079  0.89363601049905605
  0.90230164497654453  0.91325678296206736  0.92156546382675564  0.92888129616731374
  0.93528384084926641  0.94171271603225937  0.94869943884404917  0.95677147154168785
  0.96548927719744615  0.97474622224138074  0.98682957531690485  1.00000000000000000
 -0.00225474375553439  0.01094328852477965  0.02176436022225638  0.03035521336256642
  0.03882632413831812  0.04716610048118665  0.05616272931463122  0.06640308742521663
  0.07767819938560343  0.08959127903688996  0.10099138325325815  0.11096915677033084
  0.12075641862538826  0.13127814870069121  0.14289301522907857  0.15484836052180337
  0.16644702937399644  0.17796354396211658  0.18954520579115369  0.20101956189524348
  0.21236445908122772  0.22350033517285839  0.23331545112048324  0.24229374688588201
  0.25172371652963099  0.26126248515181516  0.27089388846379714  0.27997167982694454
  0.28941474874484663  0.30040594268667525  0.31169978261044351  0.32237292543019758
  0.33077260952339593  0.33930309526698671  0.34706235472320940  0.35509190050043793
  0.36463664335767026  0.37484387870634600  0.38652098959823994  0.39868913135338185
  0.41119652230133535  0.42364563640109321  0.43697579123714914  0.44937773821667648
  0.46049556696384747  0.47125087334320837  0.48103743918575431  0.49116928891336120
  0.50175687563490556  0.51308404894098825  0.52357414604289787  0.53347496993410204
  0.54309630912817597  0.55386242468923808  0.56597951976663807  0.57830582622529780
  0.58890857558419685  0.59862721475545089  0.60818152290302874  0.61802105760510728
  0.62816824701082696  0.63769203231256322  0.64861007230174117  0.65957823807510085
  0.67026491999298976  0.67977654251745256  0.68768397802024550  0.69574060421830897
  0.70417804589910349  0.71503178462911343  0.72707380207772743  0.73888092631100744
  0.75078670331385733  0.76355184686789779  0.77667695899150035  0.78955111039136217
  0.80137545914223207  0.81244043101414121  0.82258173238539667  0.83266866713182630
  0.84284027136606610  0.85309395491351636  0.86366549123702119  0.87489497525014159
  0.88716350117291620  0.89861979238798906  0.90864314137981128  0.91840916363416691
  0.92796767261571977  0.93778455008637351  0.94764529980708834  0.95715459438927430
  0.96741912595844026  0.97815762070326751  0.98869407216672978  1.00000000000000000
 -0.00246323222006671  0.01089706751015100  0.02233591124875617  0.03469852938076035
  0.04598478736694332  0.05695752213295902  0.06743522661876043  0.07670206398638452
  0.08593484822646039  0.09514644425363181  0.10474462569644059  0.11397551774832859
  0.12334596743226912  0.13409440093932962  0.14546158241040502  0.15660470832481954
  0.16766003880839395  0.17803473738137426  0.18815483298828847  0.19816277018533571
  0.20806337376782166  0.21824160981231011  0.22884082872795719  0.24048651039808783
  0.25180798531767257  0.26247408790323840  0.27396275215425547  0.28573821978419306
  0.29854337348198218  0.31157574353159950  0.32330581748047249  0.33403790628390129
  0.34470609606458052  0.35601734697914750  0.36730201006345908  0.37831327325515063
  0.38831802691186995  0.39810107118388621  0.40831366018670678  0.41865311617227841
  0.42916929950119370  0.43921933495548587  0.44973682872833726  0.46084191906630229
  0.47258929533060612  0.48454975177033982  0.49517608905732319  0.50417458570143625
  0.51328815232847746  0.52219226266367136  0.53259479044770319  0.54403807242209667
  0.55488428736684492  0.56572217262931457  0.57701365002455229  0.58811022645395272
  0.59852014747640236  0.60926148032477523  0.62005888009955945  0.63052657882392116
  0.64085591219321048  0.65175883236585674  0.66304171278552460  0.67419874390323942
  0.68518345358075361  0.69594702123398644  0.70698158880494899  0.71799697671302998
  0.72836534835409827  0.73810748782526081  0.74741611335700353  0.75756575614697930
  0.76850020529348151  0.78037174896083250  0.79262554515825467  0.80489304211404422
  0.81628068415957133  0.82738762724374226  0.83852513319669231  0.85027443628369304
  0.86193009853203550  0.87318889083007034  0.88241717941624387  0.89199774184512659
  0.90123798794449694  0.91100872282162504  0.92138063260700054  0.92993446751408004
  0.93818042390314804  0.94570410422150131  0.95311375198557435  0.96067290796638238
  0.96837402477323387  0.97743739732501755  0.98841944933221404  1.00000000000000000
 -0.00008930703289304  0.00000326258960384  0.00021752381747400  0.00052296689703904
  0.00063620475139456  0.00075277712142333  0.00086900536690453  0.00096727403035935
  0.00106676639297532  0.00116812251311617  0.00126831910394290  0.00136779923254153
  0.00147930918176669  0.00159368894048962  0.00170800173108295  0.00182116278388419
  0.00193289948406472  0.00203171129987470  0.00212444377055062  0.00221028799294906
  0.00230228458984603  0.00239588147751181  0.00249160977552929  0.00259331426970632
  0.00269476245579001  0.00279650615832443  0.00289846815320683  0.00300009152215197
  0.00309912241684884  0.00320883242334778  0.00332779758257680  0.00344437359370802
  0.00355549788733408  0.00365528265274170  0.00373915983087157  0.00382382756849818
  0.00390940985333234  0.00399674886280045  0.00408530906012633  0.00419480809426866
  0.00430160901765462  0.00439637599584219  0.00449360029174133  0.00459223502995233
  0.00470015757822615  0.00481013483619574  0.00492752990164506  0.00502723117393066
  0.00511108049261120  0.00519551709274661  0.00529222175005222  0.00538892640735783
  0.00547663691412297  0.00556251264269635  0.00567151847452630  0.00580260279705693
  0.00593719322937466  0.00605878463617859  0.00617175672126255  0.00628493573023516
  0.00637778908734687  0.00645646589593774  0.00653276076891186  0.00660982964403712
  0.00670752595098758  0.00681405760010555  0.00691008857627610  0.00701101926757297
  0.00719077932592555  0.00748508641256938  0.00772572622653457  0.00791232202708927
  0.00812003823236113  0.00834383085653920  0.00862817077921629  0.00912557059664394
  0.00991136680751472  0.01042510337833069  0.01075457736011531  0.01103351211748503
  0.01130459778171218  0.01167537271227688  0.01226327363442235  0.01291751878375562
  0.01328699995148996  0.01365694933975638  0.01411720143835038  0.01518176867602544
  0.01612918861450616  0.02110459267973086  0.02203631429305750  0.02274510294704716
  0.02378648578897758  0.03427700121423138  0.10080939800302585  1.00000000000000000
 -0.00274235098996290  0.01043543051208450  0.02191466968832075  0.03613597241023447
  0.05170485832177733  0.06564059015287499  0.07890561604058423  0.09109803159232745
  0.10404515916563675  0.11688290055319388  0.13010731414433113  0.14173775065829519
  0.15300882754762893  0.16408790580665961  0.17617943084383952  0.18847731861842390
  0.19989754103575325  0.21180740763203074  0.22352083734191955  0.23504297759976131
  0.24624733404601773  0.25617762616019912  0.26524117624565058  0.27349018261783781
  0.28103555083698872  0.28987511435919305  0.30023754170829253  0.31109718355936217
  0.32213113595397658  0.33194688131180661  0.34188903905768431  0.35205241620646005
  0.36293783985026024  0.37381333318853682  0.38391153441386044  0.39428499112209220
  0.40350855217257436  0.41245639819103408  0.42091617861581271  0.42933243650752867
  0.43782366732024169  0.44629980255126439  0.45536839780365046  0.46429314628670870
  0.47397838019127897  0.48396312288483684  0.49227714674141659  0.49953058065076250
  0.50609140159387322  0.51254111022622650  0.52017430550614474  0.52821716095200499
  0.53647335374165905  0.54517619135294637  0.55462916670510132  0.56425770906641937
  0.57286633387817898  0.58077512209043225  0.58877033417769686  0.59702446604099524
  0.60614571215637858  0.61590625404909249  0.62626508175476103  0.63755261688215992
  0.64792632651452942  0.65694318654162864  0.66604354244794373  0.67618505596994316
  0.68584740281453249  0.69490014423001178  0.70382988717114914  0.71480511458738305
  0.72732637276262491  0.73968537837782711  0.75198072284067308  0.76478815406503398
  0.77835731963666077  0.79254980495058291  0.80598568920337244  0.81895196841684870
  0.83165905423135633  0.84401048891255515  0.85697447171526620  0.87043357162957091
  0.88418010805908676  0.89655782549745422  0.90758788738403884  0.91816015301859955
  0.92879765776383738  0.94066111945167308  0.95161686491225528  0.96168530970032207
  0.97135562923367036  0.98140381606925309  0.99101291749885778  1.00000000000000000
  0.51125090551225205  0.55313468535186028  0.56427164167815791  0.57363789916244312
  0.58461833751683612  0.59740843829522816  0.60856897757615747  0.61631391895618237
  0.62315217687280355  0.62949732460531138  0.63655823573909331  0.64429185898484931
  0.65001670952614710  0.65515105464551771  0.66010574072106842  0.66507680610859576
  0.66992746161985317  0.67464654223344711  0.68005656224477284  0.68543698221602900
  0.69082668364506483  0.69548687156389633  0.70000920114898868  0.70500100500605822
  0.71164736919486582  0.71816562174376164  0.72490419133796979  0.73112825608364218
  0.73651146806177958  0.74179462319682743  0.74708116568070060  0.75205986538133895
  0.75690197917775059  0.76156118880468782  0.76629663742996046  0.77125651442320919
  0.77642302242684680  0.78215694244834422  0.78766905037574531  0.79293794951453545
  0.79778404356660837  0.80221278034355781  0.80633281407583624  0.81048966123718680
  0.81487316408234289  0.81887067827046545  0.82288283698475495  0.82681710984139112
  0.83108476531318809  0.83533079239603836  0.83935342057320250  0.84327860657017339
  0.84684978659052113  0.85058390639020065  0.85438833770383404  0.85840416795935004
  0.86270471878229527  0.86683810703429121  0.87086414679530866  0.87472329249673264
  0.87859844844031842  0.88257119907321502  0.88658506048313590  0.89065442237625747
  0.89466300612827621  0.89860628549561472  0.90246594155995730  0.90605726798107356
  0.90947053877639761  0.91289508646521089  0.91651958334148509  0.92034197816021501
  0.92419873143331743  0.92805265424568339  0.93170072532993464  0.93514869125544520
  0.93832313233774767  0.94137892572576831  0.94450309598767701  0.94749633233985242
  0.95066436968818657  0.95384787903604940  0.95688425908101604  0.95981022951963746
  0.96276195356870531  0.96584395631576581  0.96911138893206061  0.97251529265754000
  0.97581339676015622  0.97890534206864854  0.98205659078282659  0.98529464671768952
  0.98886053857361100  0.99240141398652471  0.99622540385868230  1.00000000000000000
  0.00925385317309916  0.10568058054964739  0.13022939201938813  0.14732520009882910
  0.16416022398222002  0.17989155923175940  0.19279268845129241  0.20397394950392836
  0.21342086192625498  0.22214854309994989  0.23074514597138854  0.23934382284445188
  0.24848675130853176  0.25756514692268734  0.26617087572875919  0.27380507760544326
  0.27937407355901195  0.28443585493078288  0.28861291809471734  0.29300969562403623
  0.29825158443603411  0.30353588862626424  0.31010419361391262  0.31700887110161180
  0.32386820211102757  0.33068759755980837  0.33811644384367984  0.34558711669860703
  0.35298046605381922  0.35999551596025747  0.36653373224880825  0.37274966648223384
  0.37891944725111149  0.38530374093736686  0.39178586455704451  0.39754953161664008
  0.40217461663309589  0.40685829279449853  0.41155800167416889  0.41686119185709997
  0.42276222242654260  0.42849680336586410  0.43428691742304426  0.43954881417172353
  0.44485074291061050  0.44977142938068593  0.45504429012935993  0.46110947034072802
  0.46773375853570731  0.47446615466973485  0.48103860201663445  0.48728264903645629
  0.49337349433424166  0.49943712988504751  0.50568331480063666  0.51239767993782070
  0.51913621111171515  0.52543033492136981  0.53145091702375480  0.53733186064589300
  0.54322728952937360  0.54906990926134003  0.55503945120055020  0.56093121886787656
  0.56674571317722133  0.57264458791291573  0.57886064609617849  0.58532479406825211
  0.59141017402994467  0.59715565573638196  0.60285386159996834  0.60928232040644037
  0.61673751697920876  0.62466306175737940  0.63331853485549172  0.64139921913681064
  0.64829269217859531  0.65485690782229644  0.66159258964106527  0.66927655435755506
  0.67749242895490180  0.68519711297463326  0.69278776918618223  0.70059300350417697
  0.70910692600922398  0.71940052754646933  0.73073044173676971  0.74051466552319845
  0.75020189227231382  0.75968379731871094  0.77168994974263083  0.78607195809452035
  0.80350426127530483  0.82827526486720926  0.86245628305343247  1.00000000000000000
   2.6499818269988146E-005  -1.0000000000000000     
 F F F F F F F F F F F F F F F F F F F F F F F F F F F F F F F F F F F F F F F F F F F F F F F F F F F F F F F F F F F F F F F F F F F F F F F F F F F F F F F F F F F F F F F F F F F F F F F F F F F F F F F F F F F F F F F F F F F F F F F F F F F F F F F F F F F F F F F F F F F F F F F F F F F F F F F F F F F F F F F F F F F F F F F F F F F F F F F F F F F F F F F F F F F F F F F F F F F F F F F F F F F F F F F F F F F F F F F F F F F F F F F F F F F F F F F F F F F F F F F F F F F F F F F F F F F F F F F F
  <DiscreteSampler_grid>
  grouped_processes
  1 # 1 for a reference and 2 for a running grid.
  10 # Attribute 'min_bin_probing_points' of the grid.
  1 # Attribute 'grid_mode' of the grid. 1=='default',2=='initialization'
  0.0000000000000000 # Attribute 'small_contrib_threshold' of the grid.
  0.5000000000000000 # Attribute 'damping_power' of the grid.
 # binID   n_entries weight   weight_sqr   abs_weight
    13   10   1.635111937595081E-002   6.453436940372021E-004   1.635111937595081E-002
    16   10   4.087957125903852E-003   4.178159209297080E-005   4.087957125903852E-003
    22   10   1.607776967156217E-002   5.746932137661663E-004   1.607776967156217E-002
    25   10   3.910901843114844E-003   3.291603350076649E-005   3.910901843114844E-003
  </DiscreteSampler_grid>
