  0.00000017840714499  0.00000019696597212  0.00000022332755566  0.00000024750588436
  0.00000027112311431  0.00000029493083399  0.00000032236633956  0.00000034928434615
  0.00000037481779048  0.00000040178265637  0.00000043168330759  0.00000046950556169
  0.00000051219086506  0.00000055947671874  0.00000060567140710  0.00000065310672397
  0.00000070954516059  0.00000076448958177  0.00000082512777284  0.00000088586432921
  0.00000095168707023  0.00000102826853664  0.00000111302843844  0.00000121956363914
  0.00000133774111663  0.00000146082746423  0.00000158886328491  0.00000171536330990
  0.00000185469227241  0.00000201745433591  0.00000219367829411  0.00000239015649266
  0.00000259998202486  0.00000277821613929  0.00000298424610005  0.00000320955029014
  0.00000348665943098  0.00000383585024488  0.00000421442205650  0.00000466392246405
  0.00000516315766132  0.00000572497110678  0.00000633070599184  0.00000697722961534
  0.00000771016075243  0.00000851056554891  0.00000936336082836  0.00001023692412036
  0.00001115862597220  0.00001225003190922  0.00001345097545582  0.00001482050693995
  0.00001637326932678  0.00001808694135482  0.00001994027188707  0.00002198015568269
  0.00002442929218200  0.00002732214388610  0.00003061990038878  0.00003389525095931
  0.00003751802460741  0.00004169964793827  0.00004666091742360  0.00005244043708673
  0.00005875602647936  0.00006568589002504  0.00007347952095699  0.00008190889797425
  0.00009163381427323  0.00010263373825144  0.00011493401706386  0.00012885250345479
  0.00014422329981920  0.00016164618578676  0.00018176754789934  0.00020538560507560
  0.00023703040337462  0.00027677211972125  0.00031365064789416  0.00035474216986725
  0.00040414759262107  0.00046798611735718  0.00054655044562502  0.00064051903940465
  0.00075139288791269  0.00087632839237389  0.00101084224246833  0.00116152349769176
  0.00135099327275265  0.00162218559180511  0.00200584566551050  0.00254279910174814
  0.00328056886955914  0.00460639277122126  0.07883212750538322  1.00000000000000000
  0.00000151718105913  0.00000155886614934  0.00000159841751028  0.00000166082884479
  0.00000171961277510  0.00000177640980084  0.00000184654261136  0.00000190470125893
  0.00000198418573997  0.00000207895961320  0.00000218828500556  0.00000231449905600
  0.00000245824101175  0.00000261974500553  0.00000278851658593  0.00000297006209703
  0.00000317569385344  0.00000340290811285  0.00000364941128316  0.00000390383988805
  0.00000418357694226  0.00000447830209393  0.00000480396234907  0.00000515227799644
  0.00000554691886132  0.00000599117174893  0.00000646818844355  0.00000696509658093
  0.00000749124840269  0.00000807664318522  0.00000872447123194  0.00000943370573663
  0.00001023571702153  0.00001112734811970  0.00001205594671989  0.00001302016462638
  0.00001404263315736  0.00001521017785436  0.00001648891492050  0.00001789796291553
  0.00001942826498382  0.00002109112623557  0.00002284742742611  0.00002475273260179
  0.00002671475490952  0.00002884262675486  0.00003119221527670  0.00003399948241283
  0.00003700841255317  0.00004007997494741  0.00004329920797379  0.00004702488433717
  0.00005113278725188  0.00005542323153243  0.00005978191244122  0.00006494117219097
  0.00007052385024347  0.00007653847143890  0.00008291262939048  0.00009009182476526
  0.00009829891228001  0.00010712445674323  0.00011699439727632  0.00012753835089950
  0.00013749389102097  0.00014641426665142  0.00015575887491000  0.00016664262552996
  0.00018078803373903  0.00019535620933172  0.00021089242544624  0.00022814397147501
  0.00025090431047042  0.00028040374621604  0.00031629194866281  0.00035964027810513
  0.00040764990789217  0.00045798449451352  0.00051064844097793  0.00056470319306355
  0.00062253225266777  0.00068463556727156  0.00075115304338769  0.00082132004343685
  0.00090689764068369  0.00102967582786592  0.00120652860334890  0.00141479605728617
  0.00171207403344840  0.00201309757874395  0.00232013757534482  0.00267640539703673
  0.00384806465361888  0.00536014976091888  0.00815582899223592  1.00000000000000000
  0.00000140355239183  0.00000170687650599  0.00000192004862819  0.00000203286296904
  0.00000214660259570  0.00000225443470121  0.00000234302088019  0.00000243347195838
  0.00000252404417655  0.00000261385222180  0.00000273272813730  0.00000286026191344
  0.00000299986074002  0.00000313901470185  0.00000326809559148  0.00000338992845915
  0.00000352192481657  0.00000366601585988  0.00000381242216339  0.00000397371769865
  0.00000415619627697  0.00000434131748692  0.00000453026547213  0.00000472101644478
  0.00000491519557575  0.00000510920733204  0.00000530573911114  0.00000551426258745
  0.00000573714348902  0.00000597058847616  0.00000620177667055  0.00000645504303369
  0.00000673058863618  0.00000702453959185  0.00000729537106059  0.00000756628160238
  0.00000784293632867  0.00000814291620993  0.00000845216732185  0.00000876767591291
  0.00000910768566657  0.00000946606339869  0.00000985296791893  0.00001026933905072
  0.00001075048558416  0.00001126111513082  0.00001178062737139  0.00001232447456240
  0.00001288551390165  0.00001344271657185  0.00001402472275092  0.00001470949830294
  0.00001553591336925  0.00001640185907216  0.00001739664938316  0.00001834162852818
  0.00001932104640587  0.00002037596559982  0.00002153953179547  0.00002285293992747
  0.00002424289418527  0.00002567099137512  0.00002717887082000  0.00002884990914546
  0.00003063106877658  0.00003262557196491  0.00003477117198475  0.00003707479854873
  0.00003975800436211  0.00004255569913514  0.00004587804208683  0.00004960876329518
  0.00005380893168138  0.00005864055814273  0.00006405547028218  0.00006991556720183
  0.00007587579581134  0.00008249179976215  0.00009039580829232  0.00010012486304455
  0.00011192912312308  0.00012669793396454  0.00014388039618712  0.00016443568892939
  0.00018957812788758  0.00022186012141118  0.00026216525789399  0.00031895473025222
  0.00040786827297499  0.00051771988611990  0.00064904820091817  0.00084555205727551
  0.00119772057633110  0.00176720112230868  0.01087916164940425  1.00000000000000000
  0.00000113607171024  0.00000231567017676  0.00000283224218118  0.00000322341118596
  0.00000359688938930  0.00000396338588277  0.00000437104866230  0.00000481287858125
  0.00000530844460051  0.00000583642609838  0.00000638997824392  0.00000695085401276
  0.00000753274524273  0.00000815738402739  0.00000882262676813  0.00000954159214995
  0.00001032066700656  0.00001116931453917  0.00001207012036828  0.00001301200854041
  0.00001398100562327  0.00001501227268996  0.00001606310602563  0.00001723287448852
  0.00001840155291665  0.00001969717699161  0.00002111090215390  0.00002262012136235
  0.00002419915764232  0.00002581088218828  0.00002752449785988  0.00002932932168352
  0.00003122042796632  0.00003315842833871  0.00003524682901234  0.00003754873675341
  0.00004001958118721  0.00004275402590773  0.00004575500036121  0.00004907685395991
  0.00005272909934491  0.00005661542916344  0.00006083758205123  0.00006530644977866
  0.00006983082725546  0.00007448052277904  0.00007890804892378  0.00008426083002855
  0.00009021955074067  0.00009613722539789  0.00010252165183672  0.00010958411613063
  0.00011783621591011  0.00012666296177051  0.00013578471213687  0.00014525638520522
  0.00015523892744403  0.00016557276232956  0.00017649764519615  0.00018802595200007
  0.00019951524230710  0.00021204489486986  0.00022561541119313  0.00024284696297307
  0.00026445842532137  0.00028731971941242  0.00031193278775142  0.00034131185011811
  0.00037608284371297  0.00041505981208338  0.00045533921402023  0.00049937885546568
  0.00054878653743337  0.00060547173034043  0.00066749839904929  0.00072338475031301
  0.00077491400050975  0.00082882819390866  0.00089013863352346  0.00097141457483868
  0.00103778432224204  0.00111708524611923  0.00121771383239895  0.00133359486783220
  0.00146221759126316  0.00161294447020557  0.00179483431558073  0.00204549788143142
  0.00234298990431867  0.00260296195946085  0.00296385724286089  0.00344373911824337
  0.00377596399404589  0.00409537181415354  0.02913635553248057  1.00000000000000000
 -0.00250374628704687  0.01127939344615757  0.02242636672974556  0.03379633343479091
  0.04481368968164570  0.05644212409368413  0.06746729540969980  0.07775285482894043
  0.08796449423387866  0.09832312232114046  0.10898620148008195  0.11893844363689798
  0.12886378286137512  0.13908472912650610  0.14991739368563492  0.16084059438565912
  0.17132817252912896  0.18061595588588811  0.18907351422361618  0.19760939954257664
  0.20660765679200074  0.21610645354554472  0.22534408259486388  0.23455519756014928
  0.24410012703408890  0.25390976565877998  0.26331866481045352  0.27213652327171239
  0.28085882552447811  0.28995154517473987  0.30011234902110739  0.31100275282681816
  0.32133498460124416  0.33048898834409624  0.33950677817672698  0.34886842900211812
  0.35823548030912755  0.36760288120474882  0.37764894472800409  0.38880573688586395
  0.40035794291819438  0.41173593965915789  0.42364857454073596  0.43608396928138082
  0.44862281091431022  0.46123297892043380  0.47310737659228147  0.48416076525055490
  0.49467148449655185  0.50491487349937547  0.51504894973369864  0.52491188611045825
  0.53465036508889752  0.54428582710044560  0.55382761843539641  0.56357133907094037
  0.57424410233810841  0.58568432907268053  0.59730359348426032  0.60878863926268789
  0.61978745707875860  0.63038072039778981  0.64074664434283812  0.65003613787031678
  0.65941608506534810  0.66844412309573609  0.67866241258685900  0.68887489444740102
  0.70013714154817752  0.71143947413421427  0.72296790278773782  0.73357867293715540
  0.74364272511607488  0.75369262761652744  0.76439381297485731  0.77586216606088809
  0.78695373549009229  0.79696929128889993  0.80642683341668286  0.81617292070878567
  0.82674837337536144  0.83810711488084677  0.84957891026988919  0.86099823645263396
  0.87259339450803286  0.88441906028097406  0.89649173656050318  0.90823515580005998
  0.91994952824788212  0.93188603281325111  0.94408407392979621  0.95620472438700566
  0.96744962021537295  0.97804208015324690  0.98859461298313711  1.00000000000000000
 -0.00288039606133639  0.01336979459509769  0.02594127754005721  0.03766550286749180
  0.04913149565088716  0.05989134401185459  0.07036224541571531  0.08062694447145077
  0.09152024162699816  0.10227542322255655  0.11278732986622556  0.12297703521538317
  0.13295018498841379  0.14343306401056197  0.15485016742444382  0.16649501166511060
  0.17704743279240584  0.18744433334317864  0.19709044011829469  0.20735391235486048
  0.21720425307269825  0.22782645590981954  0.23912706276383527  0.25049084313623726
  0.26099607799784352  0.27051451378531893  0.27984745273920458  0.28916126217119781
  0.29858405452723169  0.30804078888383374  0.31802794720811201  0.32810570268547190
  0.33775594761540578  0.34689571670500469  0.35568950354119749  0.36548475163318939
  0.37589235106938984  0.38647210273944116  0.39553879366229006  0.40469206313613088
  0.41469541437726704  0.42471914594706961  0.43545671580162859  0.44577070149798786
  0.45573935601039622  0.46543373721715847  0.47446685870596178  0.48513237582688468
  0.49616622155358547  0.50725292316779180  0.51804095413223472  0.52948665313450261
  0.54085297133585397  0.55181020475395370  0.56158470802761007  0.57167661854626484
  0.58148810105122084  0.59117943142941465  0.60138545679746269  0.61216693104380149
  0.62316978676452350  0.63398286516020896  0.64516377198585562  0.65792915317040701
  0.67097759169344184  0.68310800367336888  0.69465037415558228  0.70516329756057172
  0.71455702780979524  0.72325495416702990  0.73154599456907632  0.74035972722930299
  0.75030843724310481  0.76116113761752047  0.77192121370171174  0.78274916921343585
  0.79447215452257514  0.80679917580630167  0.81908320219351027  0.83151130030868148
  0.84400183538083029  0.85589264074258320  0.86645018682911945  0.87666175579575922
  0.88699980764528530  0.89741376326572997  0.90779430763382052  0.91831378305464273
  0.92914967604832854  0.93985381889473696  0.94960716554064351  0.95870847344286680
  0.96849025602895911  0.97918409419126085  0.98992062231122968  1.00000000000000000
 -0.00245433592819376  0.00886261452168933  0.01939777324967257  0.03024903388487543
  0.04106107344514499  0.05244494293750165  0.06422947804504385  0.07572596242862725
  0.08664537059631386  0.09706584101656804  0.10698925951499777  0.11718649879158002
  0.12666855598701274  0.13516922324777880  0.14359711986433940  0.15293744663971626
  0.16318156264275091  0.17374442661125958  0.18339789175439120  0.19257008419649924
  0.20198067350667520  0.21190591126893377  0.22210415684231383  0.23163936200009308
  0.24065872724336640  0.24951920990797613  0.25895617889456829  0.26904591788239607
  0.27955458710140496  0.29035315116770682  0.30179865994422755  0.31396874463581154
  0.32619541896538351  0.33752814943016479  0.34854969841981714  0.35926125539114490
  0.36944638274973612  0.37892001393577873  0.38846728668675845  0.39850216314680287
  0.40975098808389632  0.42068501557014543  0.43159019793509912  0.44268168269591707
  0.45363251724708853  0.46401861418724283  0.47331944973851398  0.48311206408982565
  0.49353698115001299  0.50338868454337660  0.51302765520260329  0.52282272322989665
  0.53410965330003990  0.54541544083366544  0.55608879028814895  0.56631167152645645
  0.57649757543864522  0.58747496852593672  0.59885265049561953  0.61033833480770150
  0.62162849899300887  0.63283341469797927  0.64405858073257338  0.65517005093443936
  0.66612531129651475  0.67650863495974867  0.68696337593456713  0.69759746546899148
  0.70773845638030619  0.71717751786617745  0.72663941051592007  0.73633988145459028
  0.74640220154750558  0.75674598556893835  0.76761698477211471  0.77903255668836713
  0.79034762592874230  0.80107916765029863  0.81147996091544006  0.82205122191613933
  0.83266534258531233  0.84299242985181033  0.85264530547343442  0.86261782909251850
  0.87346094053877965  0.88488328518771120  0.89605855080481234  0.90713908867866966
  0.91870024794966676  0.93098524807646188  0.94281536381470599  0.95393323447516454
  0.96472275660902074  0.97582051173747653  0.98757923809634385  1.00000000000000000
 -0.00007993485867014  0.00014705792511327  0.00036188752609493  0.00051637488197337
  0.00066549532262197  0.00075636789552581  0.00084872152860410  0.00094553533064366
  0.00104089632621303  0.00113500943336476  0.00123687881488102  0.00134110967179295
  0.00143410755753075  0.00152717715503605  0.00162333730940506  0.00172012702599350
  0.00182203764313128  0.00192872035810761  0.00204867127159305  0.00216700309982456
  0.00228418987192168  0.00239721443580239  0.00251165233900870  0.00262944856069243
  0.00274568943370223  0.00286069206150142  0.00298936904016170  0.00312199379680790
  0.00325463009827546  0.00338916736490992  0.00352435662053331  0.00365903125114831
  0.00379096931918639  0.00392380528497211  0.00406004993263101  0.00419263524586355
  0.00431687810701406  0.00442965406337486  0.00454219397079989  0.00465461414975006
  0.00476547177837201  0.00488314213268668  0.00501272833551728  0.00515683007360945
  0.00530850147872668  0.00545231904709149  0.00557282091761508  0.00569184279751142
  0.00580966499875948  0.00592988908418904  0.00605151179389929  0.00619810197350945
  0.00636372885285587  0.00662632420869227  0.00690417223269065  0.00720000723922061
  0.00752151029282718  0.00785264579835645  0.00826586053176010  0.00868778852588716
  0.00897463193501914  0.00924454825089311  0.00949908545730913  0.00977342624336560
  0.00992772008014346  0.01008265992221082  0.01024040902115537  0.01040354462303618
  0.01070146413415916  0.01104210709158824  0.01139209269205993  0.01205302825355248
  0.01284117253396782  0.01332763961801670  0.01367553306685118  0.01401544496937552
  0.01444470235015827  0.01506621571933720  0.01588471072924314  0.01671299296767212
  0.01734642889391023  0.01818885164679020  0.01894666739940165  0.01958292588199874
  0.02025561258905803  0.02118244440277023  0.02236345341346598  0.02367597768788255
  0.02494218558611616  0.02615931415978914  0.02677480302733235  0.02728294001444158
  0.02814046950337790  0.03595896452684546  0.22342025888487069  1.00000000000000000
 -0.00248788185846040  0.00950034084211186  0.01943322056531410  0.02894867051857035
  0.03904580946119494  0.04980428102471619  0.06111775670328700  0.07234463867400513
  0.08243085382619682  0.09169577411654643  0.10074892752349857  0.10979964129976036
  0.11924484947153231  0.12838089018423821  0.13754600964255581  0.14675117076320041
  0.15602638260818416  0.16561783754676948  0.17551006465917907  0.18577599834783307
  0.19651923085083081  0.20798811823635771  0.22034929731523634  0.23225827450309919
  0.24395109668189249  0.25515740406058157  0.26619522436464460  0.27726210880133195
  0.28836745287803339  0.29934988701873005  0.31002674051585905  0.32045599870050695
  0.33123332936180216  0.34202148582541658  0.35280112716383344  0.36294530152001947
  0.37301424392215154  0.38308946739006261  0.39312315987411578  0.40330586312255773
  0.41339398768183461  0.42436732706308411  0.43560569123343451  0.44717193487994034
  0.45995288984076105  0.47346318290165518  0.48564113812179405  0.49656283286291159
  0.50740195238966246  0.51756636190075844  0.52760759267176238  0.53821658462657507
  0.55089309161742905  0.56484810581854550  0.57696692954563822  0.58718843460600323
  0.59715957795470365  0.60750326102031293  0.61821512259747669  0.62903385761273312
  0.64009305821789453  0.65091576660423245  0.66292152939539706  0.67511086456187319
  0.68689998589522672  0.69783205471768095  0.70802475978497792  0.71750417045972770
  0.72747064502712588  0.73780668132235028  0.74857224487014784  0.75906602857528027
  0.76987978220071396  0.78107097148217319  0.79176613007357266  0.80200652716495424
  0.81143727917093833  0.82087697789095138  0.83029721133404044  0.83994170514565158
  0.84988749985491374  0.86005489292017279  0.87071493893391272  0.88194442980902343
  0.89299295297262038  0.90341958039719716  0.91383991852341817  0.92406927463553923
  0.93473744771883360  0.94513944213238787  0.95433618959028066  0.96318223444697859
  0.97180206118300760  0.98084123279568058  0.99059298659328432  1.00000000000000000
 -0.00006181228008385  0.00013327031052630  0.00026967318378650  0.00040006050730937
  0.00052785865289977  0.00061901700135130  0.00067846628058827  0.00074099329700761
  0.00080667051516048  0.00086896237101108  0.00092939843582641  0.00098952753870362
  0.00104948199699101  0.00111294622283643  0.00117862915701753  0.00124921941215436
  0.00132436839214197  0.00140124546389734  0.00147976133624003  0.00155978892656047
  0.00164084938584707  0.00172603264804275  0.00181270107915443  0.00190065321595856
  0.00198386163932157  0.00205370686617433  0.00212362882649478  0.00219431908156597
  0.00226500933663715  0.00232996672491447  0.00239467689260092  0.00247453394257874
  0.00255889117843364  0.00264283640759008  0.00272586322461110  0.00280752992531137
  0.00288971395715862  0.00297215581257455  0.00304760613005176  0.00312284734340387
  0.00320302474656998  0.00328391118294742  0.00336672297571372  0.00345549285255633
  0.00354943259060400  0.00364598699879876  0.00373083352228529  0.00379651467563387
  0.00386338270622324  0.00394152197630594  0.00401966124638864  0.00410379118753809
  0.00418922969153136  0.00427811724447728  0.00437612320918515  0.00447524425180018
  0.00459364542656389  0.00471204660132761  0.00482924023566464  0.00494623563428844
  0.00506673211214486  0.00519002209191849  0.00531331207169213  0.00543937935828320
  0.00556661086448489  0.00569384237068658  0.00582423075631174  0.00595536408031095
  0.00612594133513269  0.00638337678562994  0.00679276796797267  0.00709590772340519
  0.00739859890103425  0.00772319822991801  0.00799391762719504  0.00820877129338602
  0.00849614395571430  0.00864742958850566  0.00879339785144224  0.00894939814018651
  0.00915319689873310  0.00934344637207454  0.00949393375084493  0.00970738217424433
  0.01004741459258536  0.01040146691952618  0.01065932557441316  0.01091790250248954
  0.01118251551524062  0.01145898517202123  0.01205369304444406  0.01411675413808418
  0.01918678050929490  0.02666902166006561  0.13794986555451730  1.00000000000000000
 -0.00282780252172039  0.01439728985194631  0.02857916973036451  0.04301320206147108
  0.05682337555883689  0.06882918051017496  0.07969380048061503  0.09044605946296927
  0.10311236968261094  0.11558136478323548  0.12771557403804804  0.13960912811819048
  0.15198953675867757  0.16256806293509915  0.17190220051065211  0.18084223212158748
  0.19227095320446450  0.20538366389966101  0.21823792703464054  0.22978933595220935
  0.24117006867669166  0.25247064670240588  0.26436177857377652  0.27603222083671242
  0.28658185589294322  0.29691568751718489  0.30720048520106602  0.31832694231377701
  0.32942504808773465  0.34010257188077592  0.35021303627584122  0.36105984826137544
  0.37262986230105377  0.38438536710640825  0.39560312636279960  0.40477747508898715
  0.41248621839771615  0.41952051074912938  0.42645434537128946  0.43416287126963782
  0.44253060211968198  0.45051765518161208  0.45781397562362780  0.46466469750233091
  0.47155727097029632  0.47809676727805195  0.48480526992733169  0.49172414426261463
  0.49924857506834114  0.50727441425944675  0.51539430550688614  0.52349758061942053
  0.53176800277324598  0.54042235632215385  0.54921004491371084  0.55789584437077244
  0.56699726546928320  0.57620111261450646  0.58533638306590696  0.59464410161448988
  0.60370897383884614  0.61220043964168191  0.62061180118742665  0.62920788270140970
  0.63764091387666832  0.64601039045921782  0.65475359445674308  0.66387157950468534
  0.67368593783275066  0.68308034428906383  0.69245173268260718  0.70249148220196889
  0.71303906944747775  0.72371395125605120  0.73462708806463461  0.74508965197152055
  0.75598966027492265  0.76668041634307160  0.77813399940150085  0.78988071420084938
  0.80131082682049815  0.81311081407797403  0.82550906585838457  0.83832709741801104
  0.85068667491400018  0.86370634417552972  0.87623853850491318  0.88823836443605964
  0.89998648419282989  0.91273846580640017  0.92670248196097849  0.94114749048227309
  0.95568772621472442  0.97061529410746405  0.98539415029889543  1.00000000000000000
  0.48228510132031394  0.58504950454042270  0.59001001809845943  0.59447779881917329
  0.59884967354683760  0.60955290351368363  0.61920874801864878  0.62736368480097560
  0.63520747605704397  0.64180009176314090  0.64873102324300091  0.65683912942886058
  0.66518092134437590  0.67242480483328537  0.67874939844557358  0.68496309269714073
  0.68983875633261227  0.69368779103281641  0.69720717635846785  0.70123005972256658
  0.70513158665014053  0.70945491232380409  0.71413706233386853  0.71930794055477321
  0.72399607517044662  0.72804221327873708  0.73200123630440983  0.73593742520828298
  0.74080934618596550  0.74541331708670633  0.75001530148972118  0.75505268424270500
  0.76031195922932815  0.76583809071046760  0.77139899844832183  0.77684797952423112
  0.78211637978678283  0.78741274972332598  0.79229685950163997  0.79636497019834118
  0.80014904377755247  0.80405357704810598  0.80823412574848075  0.81262937842829663
  0.81687089577918981  0.82087506420356848  0.82487897838462243  0.82896157365763790
  0.83312486743133374  0.83722008077652166  0.84117110020038710  0.84506063351741767
  0.84905404466231960  0.85319483962557208  0.85724500638131051  0.86134459792684037
  0.86546412936312112  0.86957919555988772  0.87361845229781998  0.87753925321088744
  0.88144625524885478  0.88525430860234622  0.88892344688355596  0.89257543693238162
  0.89629811554624805  0.89995236404556078  0.90348678246947411  0.90694415571317066
  0.91045797030363929  0.91397148065424316  0.91748742182595433  0.92110598928708620
  0.92463385238608198  0.92797737166971828  0.93137534013534107  0.93483283499957615
  0.93833215042498630  0.94193976188694117  0.94542518549594201  0.94890957969516765
  0.95229423144616010  0.95556884718241974  0.95878646026893288  0.96190032445536966
  0.96483597125266474  0.96771406701024143  0.97062110674947533  0.97357847927526464
  0.97656757979828301  0.97952438795245600  0.98250868913163592  0.98549670827058822
  0.98859506317889934  0.99200865064099397  0.99577898159248768  1.00000000000000000
 -0.01121871276310450  0.06509493256591127  0.08645001901589655  0.10232360806696990
  0.11665257629437410  0.12845333916247570  0.13945200782556652  0.15019259356262293
  0.15987750277842219  0.16886678155995635  0.17755904721068363  0.18589058895422245
  0.19363185819131648  0.20069784286397374  0.20758614698019290  0.21334174054987093
  0.21871634741046733  0.22423704214031370  0.22995994280632109  0.23562425739480580
  0.24119794567959554  0.24680455052316841  0.25253275381506551  0.25847155335688143
  0.26462765089372398  0.27118269051754290  0.27805275336997065  0.28476280855376152
  0.29113897609230627  0.29769119097029262  0.30404274142461030  0.31005404381983442
  0.31577840804727259  0.32149399690619823  0.32749842732611062  0.33348305583982774
  0.33933997117549314  0.34512287507338640  0.35085599892078834  0.35680344327883262
  0.36306581624360090  0.36960776926686489  0.37604813606656795  0.38229031268098235
  0.38804449795127904  0.39358530972536537  0.39901064094380490  0.40473682200087985
  0.41089439147352436  0.41701619130560191  0.42316531746718838  0.42933966431529169
  0.43558290830271340  0.44181145158094054  0.44798299861346158  0.45438418222394727
  0.46120443892719765  0.46852783460399849  0.47588231999368846  0.48355757150404810
  0.49163285656263211  0.49954580553834610  0.50661871149206827  0.51349591647387582
  0.52049363787421854  0.52798587355060445  0.53582330339014650  0.54416650652241350
  0.55292316585559720  0.56164263655773372  0.56999390971408304  0.57825196049003547
  0.58650992835142868  0.59514470899828487  0.60391061501436238  0.61344827584758754
  0.62179427113479169  0.63089409105129257  0.63997021507625507  0.64961979456485563
  0.66137859579179925  0.67384061515474747  0.68719213319930605  0.69948442456739690
  0.71093788691093229  0.72216749976243400  0.73433322835596282  0.74710069132039369
  0.75998891552768977  0.77242596551000087  0.78575718164571928  0.79921944196227934
  0.81512235420250012  0.83388406989483033  0.85681850086279687  1.00000000000000000
   7.2386855399527782E-006  -1.0000000000000000     
 F F F F F F F F F F F F F F F F F F F F F F F F F F F F F F F F F F F F F F F F F F F F F F F F F F F F F F F F F F F F F F F F F F F F F F F F F F F F F F F F F F F F F F F F F F F F F F F F F F F F F F F F F F F F F F F F F F F F F F F F F F F F F F F F F F F F F F F F F F F F F F F F F F F F F F F F F F F F F F F F F F F F F F F F F F F F F F F F F F F F F F F F F F F F F F F F F F F F F F F F F F F F F F F F F F F F F F F F F F F F F F F F F F F F F F F F F F F F F F F F F F F F F F F F F F F F F F F F F F F F F F F F F F F F F F F F F F F F F F F F F F F F F F F F F F F F F F F F F F F F F F F F F F F F F F F F F F F F F F F F F F F F F F F F F F F F F F F F F F F F F F F F F F F F F F F F F F F F F F F F F F F F F F F F F F F F F F F F F F F F F F F F F F F F F F F F F F F F F F F F F F F F F F F F F F F F F F F F F F F F F F F F F F F F F F F F F F F F F F F F F F F F F F F F F F F F F F F F F F F F F F F F F F F F F F F F F F F F F F F F F F F F F F F F F F F F F F F F F F F F F F F F F F F F F F F F
  <DiscreteSampler_grid>
  grouped_processes
  1 # 1 for a reference and 2 for a running grid.
  10 # Attribute 'min_bin_probing_points' of the grid.
  1 # Attribute 'grid_mode' of the grid. 1=='default',2=='initialization'
  0.0000000000000000 # Attribute 'small_contrib_threshold' of the grid.
  0.5000000000000000 # Attribute 'damping_power' of the grid.
 # binID   n_entries weight   weight_sqr   abs_weight
    19   10   1.441393353125063E-001   1.316550865359110E-001   1.441393353125063E-001
    20   10   1.441393353125064E-001   1.316550865359112E-001   1.441393353125064E-001
    22   10   3.724431603870686E-002   8.909105757481259E-003   3.724431603870686E-002
    23   10   3.724431603870690E-002   8.909105757481283E-003   3.724431603870690E-002
    25   10   1.295517581104859E-001   1.015810331992867E-001   1.295517581104859E-001
    26   10   1.295517581104861E-001   1.015810331992869E-001   1.295517581104861E-001
    28   10   3.021060370053805E-002   5.349702741927673E-003   3.021060370053805E-002
    29   10   3.021060370053807E-002   5.349702741927688E-003   3.021060370053807E-002
    34   10   1.441393353125063E-001   1.316550865359108E-001   1.441393353125063E-001
    35   10   1.441393353125064E-001   1.316550865359112E-001   1.441393353125064E-001
    37   10   3.724431603870686E-002   8.909105757481262E-003   3.724431603870686E-002
    38   10   3.724431603870688E-002   8.909105757481276E-003   3.724431603870688E-002
    40   10   1.295517581104859E-001   1.015810331992867E-001   1.295517581104859E-001
    41   10   1.295517581104861E-001   1.015810331992869E-001   1.295517581104861E-001
    43   10   3.021060370053805E-002   5.349702741927673E-003   3.021060370053805E-002
    44   10   3.021060370053807E-002   5.349702741927688E-003   3.021060370053807E-002
  </DiscreteSampler_grid>
