 -0.00234658422225873  0.01214783715357648  0.02463700251625276  0.03677410742621120
  0.05030018041543551  0.06167501189513901  0.07185505362206632  0.08131469609266871
  0.09204012209007964  0.10352946761489182  0.11425816743800954  0.12383729492890130
  0.13297982490540655  0.14240017341043523  0.15331957044122854  0.16507357653906604
  0.17537316356426436  0.18439408879999569  0.19343675864372711  0.20268857820718605
  0.21229613187625357  0.22261152914683915  0.23457221785780533  0.24722053560867341
  0.25869010673876652  0.26918173906000997  0.27991149563336393  0.29036017014335702
  0.29999977632247399  0.30990774075202737  0.32092469051404909  0.33219481328225464
  0.34302010879847067  0.35402374976511186  0.36573556540392826  0.37534877528213662
  0.38261892310286399  0.39005934542305565  0.39737711759969557  0.40628679897640413
  0.41463625321863606  0.42314667724036409  0.43201222443006682  0.44239923377865309
  0.45428055218910157  0.46589359432330707  0.47691799306908478  0.48892917646962347
  0.50201854890134423  0.51560078289465139  0.52764660562814414  0.53872223227692451
  0.54992751564149744  0.56092465050204721  0.57191905946269717  0.58317363002617495
  0.59564912825969196  0.60696980446487780  0.61672781631518891  0.62558677345031355
  0.63536213315449486  0.64608868496907412  0.65816799204938981  0.67013593170400021
  0.68027995924039253  0.69064275997120017  0.70081606560900644  0.71083809562963141
  0.72068349403606280  0.73094304406968569  0.74192797568594093  0.75423011226562542
  0.76590112540077060  0.77726575270534481  0.78855061196368903  0.79886370463239287
  0.80837954451250260  0.81689297976418840  0.82488918429028624  0.83380585889029513
  0.84245871551197604  0.85116776198974065  0.86115950864718860  0.87114947228098139
  0.88111813594195454  0.89168090566816915  0.90281707708063796  0.91425597083342314
  0.92514344071210863  0.93519976747466560  0.94556476054888450  0.95586180777127283
  0.96628664515156282  0.97695985057841606  0.98839790438274000  1.00000000000000000
  0.00002238439281347  0.00005752974284916  0.00006144740560529  0.00006573877534747
  0.00006923265997985  0.00007248909171034  0.00007596510815646  0.00007954810216790
  0.00008319210658050  0.00008660389681270  0.00009006304308704  0.00009364958507181
  0.00009734759467569  0.00010105850028825  0.00010502268988038  0.00010926686586986
  0.00011360216897661  0.00011796066202981  0.00012209491140179  0.00012639724901980
  0.00013063206389637  0.00013529084506965  0.00013998586541295  0.00014461007328482
  0.00014940873751259  0.00015492943137078  0.00016123041436882  0.00016772203705490
  0.00017405208975064  0.00018048952697426  0.00018695192426338  0.00019408768881797
  0.00020077819881858  0.00020731587120579  0.00021417783087721  0.00022143377419567
  0.00022871925992934  0.00023611081306063  0.00024433591576185  0.00025224880467788
  0.00026108601415724  0.00027096235206436  0.00028274529590018  0.00029481015712678
  0.00030546373533443  0.00031538846246401  0.00032500408510358  0.00033504980640209
  0.00034769980063436  0.00036133383074553  0.00037630067545721  0.00039202264425930
  0.00040897139154432  0.00042737876251423  0.00044772359626145  0.00046971880939805
  0.00049131956141569  0.00051302318029777  0.00053513309444056  0.00055727190874440
  0.00058242128067200  0.00061602536009210  0.00065000402663558  0.00068023225805341
  0.00071010433080009  0.00074128450736113  0.00077758211828613  0.00081985351412281
  0.00086796496069581  0.00092031335883139  0.00097416294124866  0.00102637245774207
  0.00108085301780011  0.00114007863908192  0.00120097478231076  0.00127316485892131
  0.00135394141158690  0.00143602438054588  0.00153037510796655  0.00165610284309397
  0.00179529876573494  0.00194434366465591  0.00207081755840532  0.00219845727395870
  0.00234976759630376  0.00252852272313358  0.00283011460171218  0.00325554816882488
  0.00377675291468979  0.00436858938217015  0.00503876816059720  0.00579734593957133
  0.00674633757258150  0.00809019078397086  0.05219132439524028  1.00000000000000000
  0.00000185498223040  0.00000188456334296  0.00000191001256661  0.00000193593262720
  0.00000197427873213  0.00000202631289763  0.00000207737110953  0.00000212928821383
  0.00000218360573005  0.00000226966280670  0.00000236409437243  0.00000243501199036
  0.00000250117066455  0.00000257284432249  0.00000264480118783  0.00000271491242592
  0.00000278249330149  0.00000286545640024  0.00000297390196886  0.00000309915551004
  0.00000322784371688  0.00000338029902923  0.00000353297478859  0.00000368605277748
  0.00000381926267445  0.00000394055673160  0.00000406588997908  0.00000420574985389
  0.00000436561654868  0.00000452824400992  0.00000469949864103  0.00000487695553109
  0.00000505594967829  0.00000524387514865  0.00000546412157543  0.00000571960199961
  0.00000599999227588  0.00000627695307045  0.00000659440026694  0.00000693492530849
  0.00000728577028175  0.00000761851912011  0.00000794595694981  0.00000828497683828
  0.00000863007931727  0.00000900992600007  0.00000941462501306  0.00000982706508927
  0.00001026189357937  0.00001076965155990  0.00001135388296280  0.00001196574843962
  0.00001263659158958  0.00001331007984774  0.00001404147019160  0.00001487113118726
  0.00001573429991898  0.00001664664196934  0.00001764238282246  0.00001874133789943
  0.00001992243098052  0.00002120249475889  0.00002254395230717  0.00002391394561026
  0.00002541192003982  0.00002694723352396  0.00002846007853827  0.00002997998236954
  0.00003169185065495  0.00003381841938267  0.00003637423023403  0.00003926510437080
  0.00004231108848971  0.00004584603125910  0.00004959987829962  0.00005373919613331
  0.00005849014530184  0.00006418310676625  0.00007097091689510  0.00007861767461350
  0.00008785688300045  0.00010049501978262  0.00011680234533955  0.00013822812801307
  0.00016293744107278  0.00019454177307570  0.00024096930553749  0.00030094524375003
  0.00036898709121276  0.00046466729783342  0.00062156917642563  0.00094161960355028
  0.00169740568551169  0.00418958130177665  0.05421947731452251  1.00000000000000000
  0.00000372602225149  0.00000380317011598  0.00000393512884981  0.00000408401326473
  0.00000427176215222  0.00000448325001803  0.00000473072167617  0.00000491774239182
  0.00000506857255396  0.00000520176671324  0.00000533253164658  0.00000548280346840
  0.00000563014650025  0.00000578042745458  0.00000593365624573  0.00000607311418886
  0.00000621553822602  0.00000638018596391  0.00000659407998250  0.00000682390648309
  0.00000705461346927  0.00000728080149983  0.00000753102874757  0.00000778934661386
  0.00000803767824739  0.00000828002696452  0.00000853225896316  0.00000880403966953
  0.00000912638603068  0.00000947684528571  0.00000983385357844  0.00001019840652989
  0.00001061424442032  0.00001106876348287  0.00001155740200045  0.00001208380393593
  0.00001269602659476  0.00001332063241091  0.00001396204391900  0.00001452236354885
  0.00001509263140644  0.00001567621145751  0.00001626535110051  0.00001694063992000
  0.00001764824276157  0.00001837556002274  0.00001922234456018  0.00002020062169817
  0.00002122318460918  0.00002229624656625  0.00002343690691909  0.00002468862355481
  0.00002604131167752  0.00002770784765805  0.00002946314998268  0.00003142758303084
  0.00003353728451194  0.00003597837126414  0.00003879790124479  0.00004186880872009
  0.00004516995285301  0.00004876817361517  0.00005270983671335  0.00005699551747714
  0.00006177076246288  0.00006708442245305  0.00007333000423042  0.00008049303301948
  0.00008795609455786  0.00009651260262058  0.00010621524501101  0.00011850204504017
  0.00013574898496941  0.00015619877097599  0.00017932554114833  0.00020370565627054
  0.00023265652355034  0.00026651898853835  0.00030837281408686  0.00035960964689103
  0.00042158744813148  0.00048884415429014  0.00057278271417683  0.00066420174858163
  0.00079020975996098  0.00095651155409000  0.00114149875062459  0.00140406035059400
  0.00173866721514136  0.00220406118769486  0.00289831456257789  0.00390124322500712
  0.00518941299770693  0.00741218339216169  0.05510241300196214  1.00000000000000000
 -0.00248391803815380  0.01316598659944405  0.02501487660260343  0.03601825296578577
  0.04566850324100091  0.05551140250653407  0.06460730555147183  0.07602095737994619
  0.08752937330964468  0.10046536117513057  0.11312950147292863  0.12555380895818422
  0.13629412641749891  0.14703759094367477  0.15748306710833571  0.16851393511962784
  0.18010067414727249  0.19117106283648316  0.20233232582137345  0.21361580507301550
  0.22469069848888742  0.23401186415787231  0.24259857724027425  0.25192091554224405
  0.26229947710160129  0.27285128556031124  0.28240517787192221  0.29163749259757688
  0.30117521745556008  0.31145593392916271  0.32212305969009186  0.33205922249494180
  0.34091383056208918  0.34934190417943717  0.35820201477957914  0.36763965477735383
  0.37806100430978612  0.38923398830743239  0.40061842205769299  0.41324727242356779
  0.42507077495644285  0.43607721447225983  0.44560179431043534  0.45491533453395960
  0.46395593408224417  0.47290146846495096  0.48169506573913490  0.49015068554839913
  0.49823261832486532  0.50594187267772905  0.51451247329739147  0.52385047539885099
  0.53261908829747184  0.53969050068036017  0.54677769364286510  0.55434109460353109
  0.56392549653894997  0.57549368705977455  0.58738995643433134  0.59800828151540319
  0.60829580274245765  0.61870934822800150  0.63035829887333306  0.64290045886838121
  0.65360795534289917  0.66288376099755664  0.67134784278480886  0.68009251083854949
  0.68970441260323923  0.69975631181885878  0.71073411028061351  0.72259318273561723
  0.73451477247994845  0.74639244448874043  0.75903090778734650  0.77179077094382065
  0.78364069580752860  0.79568676624623569  0.80564817003060207  0.81618372734668598
  0.82635993603640345  0.83646085395663206  0.84702281089323594  0.85948063833040511
  0.87110293905967373  0.88124104340650466  0.89136992212334798  0.90160780786818984
  0.91375136407326185  0.92631576272008154  0.93879444468382534  0.95027233317129511
  0.96274460487538416  0.97734171927989300  0.98946606430512551  1.00000000000000000
 -0.00319668282802029  0.01051168408088990  0.02253991970583260  0.03452878453132414
  0.04708980774738711  0.05948291107018595  0.07151172564916060  0.08392498837760061
  0.09685329157188233  0.10866198888639024  0.11948436657115771  0.12899458971944977
  0.13905317706565443  0.15010552804278077  0.16185110127548880  0.17423588765082984
  0.18667017615922551  0.19760907414529591  0.20765880479211654  0.21708131030811881
  0.22585388472515117  0.23442981841224034  0.24334003121863937  0.25500370087602170
  0.26852827497392295  0.28070829130709218  0.29200956676525142  0.30272129854272367
  0.31273534664995156  0.32260428508018202  0.33301649231803732  0.34468969560965995
  0.35712166364801529  0.36881768220827910  0.38028443793347250  0.39277547375980898
  0.40633847407101420  0.41904019972804707  0.43048967064575228  0.44167722459538944
  0.45267518949295221  0.46333450671890192  0.47405876472057423  0.48398404288473751
  0.49360333097969200  0.50327806888811688  0.51229080425002127  0.52117937754639132
  0.52925375646816730  0.53688884309980978  0.54544627120244249  0.55700617827714904
  0.56865562191900521  0.58047852019023627  0.59204898184369992  0.60389768810486055
  0.61487533430033803  0.62510807815841529  0.63555245127443083  0.64559984010357396
  0.65588036080966294  0.66575640463451224  0.67484803813350280  0.68422853332051992
  0.69327247321125607  0.70280195608900720  0.71372799472586879  0.72581787126260877
  0.73870932161149927  0.75060448337654573  0.76108050788408876  0.77089224674730628
  0.78021346826743143  0.78966733309141646  0.79917785183430368  0.80916843348080636
  0.82043807341762309  0.83239110147222306  0.84211147259185137  0.85007657550776961
  0.85775851226559252  0.86539830691575503  0.87402297889704539  0.88361754830351302
  0.89349058033653606  0.90242219229284804  0.91101129850468987  0.91987729491718617
  0.92898352288638231  0.93754535793198168  0.94652249612149975  0.95604017484481130
  0.96633388153415467  0.97734689705571376  0.98825763334535566  1.00000000000000000
 -0.00235880319730596  0.01135912153737613  0.02318240553078261  0.03598878401956856
  0.04816630538639037  0.05971894077423751  0.07151711190024987  0.08317445135026028
  0.09562927239828520  0.10950246697211614  0.12366202656767407  0.13260396021569970
  0.14135324689975642  0.15136083231195838  0.16319909214531930  0.17445269320392615
  0.18504409871644478  0.19785747606850762  0.21078733609175793  0.22286780740819995
  0.23376929619661188  0.24462115355567207  0.25657457227128772  0.26820637851251933
  0.27862036089378350  0.28814898827506713  0.29787212580215666  0.30941082369406148
  0.32187023351927169  0.33545455592334600  0.34925327472165446  0.36277878626076432
  0.37646517563729381  0.38977752292763046  0.40220119182482333  0.41345505853475983
  0.42566825678730702  0.43902941566792625  0.45140264854967327  0.46339925082782008
  0.47402813871232091  0.48367066219221427  0.49320012941873548  0.50323703524847063
  0.51434090972909130  0.52549197187792218  0.53595241148477812  0.54493375266375343
  0.55342079123716115  0.56226756607281869  0.57336777222521940  0.58499323467452702
  0.59649539248395034  0.60777372785853134  0.61915868407962293  0.63070576081568663
  0.64188777310167933  0.65317092167923119  0.66426654288570997  0.67604429165913715
  0.68508655400402574  0.69354398927834227  0.70155294179829664  0.70849856937516087
  0.71626708823014174  0.72475212207958450  0.73466511226872611  0.74543958009528510
  0.75574106959506993  0.76610408133318675  0.77745906666267262  0.78889248035837223
  0.79975955610228644  0.81048928814355736  0.82181221313019293  0.83370677997400056
  0.84459798547880027  0.85435984124303455  0.86369427254569653  0.87153775137136436
  0.87947909003262303  0.88784517874289304  0.89639906023651850  0.90681629150730914
  0.91623758736212357  0.92399604881957320  0.93120268233289405  0.93825752922624794
  0.94514867206250042  0.95280800824868150  0.95946815544942621  0.96615190181183530
  0.97292402352622176  0.98015985527775840  0.98908391836641962  1.00000000000000000
 -0.00295020375856766  0.00870535387466965  0.01880643067382950  0.02835792944920679
  0.03863201238867373  0.05074452655178959  0.06271100569722404  0.07497514473317173
  0.08651303023512864  0.09697408790595761  0.10625509768887367  0.11467113860687443
  0.12320360053495349  0.13276586645519034  0.14275471205764406  0.15301886457988098
  0.16333576672814268  0.17346853236182147  0.18415160149871282  0.19380288292050474
  0.20395838461626734  0.21410344661437242  0.22565906648403408  0.23744944843721399
  0.24932510116630580  0.26085015957581781  0.27323343143165751  0.28535414182117785
  0.29786018438919859  0.30956553091020189  0.32210658170686024  0.33524407925876015
  0.34596040416311835  0.35678935022811820  0.36774852317028539  0.37914762425585474
  0.39030459695100267  0.40029546383228226  0.40969999243347127  0.41916521635092618
  0.42880828030843654  0.43831370661024915  0.44772592045107412  0.45750078874964484
  0.46811881750518436  0.48021645068871066  0.49229643816175056  0.50371136210024292
  0.51412591743172387  0.52452812906904678  0.53457668564190020  0.54522804194123653
  0.55644859420923543  0.56784072290610399  0.57894407678958215  0.58985676726461433
  0.60108736122161011  0.61250658749084230  0.62356276564247526  0.63440839433174945
  0.64498290246567802  0.65497040970499365  0.66526612656311124  0.67599741247580547
  0.68597370864596519  0.69479722703749358  0.70372560972596254  0.71198064938831640
  0.71969438634337235  0.72658775689697030  0.73317869889521303  0.73935218204610464
  0.74641644997767320  0.75501554895824485  0.76523984968329473  0.77702660154876990
  0.78963889628410011  0.80216974874063374  0.81402140408696699  0.82494545093894101
  0.83516163579100022  0.84449963671060058  0.85409652746458176  0.86447649272242977
  0.87591185592238030  0.88773761091660486  0.89808069797038759  0.90864686820693552
  0.91968089110886309  0.93168769547679597  0.94420032336150583  0.95578762200777023
  0.96683668844653292  0.97782152279120105  0.98832953375175836  1.00000000000000000
 -0.00176076504963361  0.01001706960393853  0.02157134620781398  0.03294302004653170
  0.04452124832035814  0.05623897421201282  0.06832160282824297  0.08066936879029829
  0.09245837811386204  0.10270581907535778  0.11167527339742908  0.12057573868264235
  0.12989180601674050  0.13896999807098409  0.14792182870633952  0.15658424624601844
  0.16559825516604018  0.17604769046636909  0.18753560653839824  0.19921740749291611
  0.21041453900655790  0.22096784935013181  0.23177220177101215  0.24298574386593155
  0.25473804320856708  0.26534569290003573  0.27609711294025241  0.28685525314188620
  0.29836851030904343  0.31063472346937693  0.32241645269540053  0.33336733801088586
  0.34359493582445727  0.35379202508715840  0.36457462291907045  0.37613613777912847
  0.38858510681108555  0.40109909122087928  0.41326247781542819  0.42479589944930363
  0.43611176791720935  0.44770445663771036  0.45951775765571629  0.47143945271420340
  0.48345648864583629  0.49522611512686260  0.50639845681177653  0.51677258089617673
  0.52656476349188275  0.53486442952325208  0.54188269052961791  0.54894242825850648
  0.55647371752421926  0.56554094586084724  0.57466043991830973  0.58307362871186585
  0.59293220051832374  0.60290234285479494  0.61307870318961533  0.62247434777021926
  0.63163079865012095  0.64154656141627409  0.65194703301720924  0.66363616899415234
  0.67650886266542298  0.68856429960295240  0.69924340869581414  0.70957004335868712
  0.71976988993114244  0.72929199184583726  0.73801531337985227  0.74703936345634570
  0.75403698067860592  0.76144396372830092  0.76887221685914731  0.77802074170121283
  0.78899791677306663  0.80186961382894806  0.81464410367280771  0.82617154988669173
  0.83647889885335003  0.84642011842624776  0.85578856222676469  0.86531124882566457
  0.87617369887106344  0.88719178715776237  0.89849189089125803  0.90994768991645358
  0.92223272804989609  0.93543847338433050  0.94756493544249731  0.95925831855351462
  0.97003985426095884  0.98028433399648074  0.98987296395704327  1.00000000000000000
 -0.00003613233641057  0.00029536269141549  0.00070240216335079  0.00097146178911864
  0.00118810636826805  0.00140048104725256  0.00161243094779207  0.00182480759224953
  0.00202920685553433  0.00222766085172035  0.00242262381265798  0.00261734786484180
  0.00282620018116322  0.00303436387086235  0.00321252021451324  0.00336844941800670
  0.00351325791713526  0.00365452072687183  0.00378934524098759  0.00394329932628578
  0.00411199439370593  0.00429211065528400  0.00448800478901979  0.00468547228495457
  0.00486525299690085  0.00502789593037237  0.00518286111072641  0.00534262392906366
  0.00550126963470011  0.00566479304022913  0.00583020939281092  0.00599144125847271
  0.00616839504772279  0.00631584215572826  0.00646462401732383  0.00662169488518170
  0.00677857758248440  0.00698728713397040  0.00724696607215213  0.00751650200000230
  0.00778138258605648  0.00805147856290307  0.00834708376096935  0.00859123736043826
  0.00880352872195382  0.00900529781996958  0.00919144455017317  0.00936635267748509
  0.00954716061809693  0.00973442174388290  0.00990239697824518  0.01005587370004935
  0.01019958752376189  0.01034128645579899  0.01049010241324799  0.01066621623961509
  0.01086014533538870  0.01106618437139903  0.01127888635564790  0.01171924331737511
  0.01216406285501423  0.01254763486691231  0.01281052690095676  0.01307914558005402
  0.01318917417179830  0.01329879471240943  0.01340376451718257  0.01350814541155278
  0.01360872943636436  0.01372130367685620  0.01393213540665414  0.01411344963580300
  0.01431403009232864  0.01449244352097695  0.01467015810106653  0.01490240531590282
  0.01519327645279097  0.01561783485187553  0.01639778619187662  0.01685511023145214
  0.01732202651414998  0.01782003207977540  0.01824765347744041  0.01872078444879906
  0.01942535252191846  0.01997690051562452  0.02064515486745521  0.02115457826094474
  0.02154498029090327  0.02233286098784774  0.02344297123064576  0.02480968275390009
  0.02645959123781156  0.03598895080501224  0.12368672816637118  1.00000000000000000
 -0.00330231567085332  0.01493178416893354  0.02950646020193895  0.04584028949226578
  0.06148057371772792  0.07612378151336843  0.08967573747145284  0.10267053328583611
  0.11527205584693391  0.12787748196080040  0.14090941274569818  0.15440059508291812
  0.16724614527884649  0.17807809435570973  0.18811188880324961  0.19781353381024364
  0.20901296005752859  0.22092558571170301  0.23351608145128214  0.24552603340865894
  0.25595347411856456  0.26522256352743423  0.27445989851684205  0.28368320547775633
  0.29301835184697539  0.30233991867924542  0.31133269705002958  0.31883188176474747
  0.32595602573601323  0.33282424294146062  0.34001730596036045  0.34847636894875422
  0.35705101674816753  0.36562658185421670  0.37410873082221185  0.38281955965967202
  0.39221897071223349  0.40189629541414651  0.41280175839147637  0.42364839434875906
  0.43359430895267592  0.44288019612131102  0.45222096825297986  0.46205746714823903
  0.47154228386230002  0.48044590535738213  0.48680628877835780  0.49385202721374588
  0.50195146294684545  0.51195585441998026  0.52223055625723236  0.53068185795989198
  0.53840927517852366  0.54631176250202174  0.55445192839109081  0.56271053377217561
  0.57020745330494504  0.57795108657739069  0.58620489958987954  0.59515083914193212
  0.60516348752887661  0.61578313044298572  0.62629632197472140  0.63605123161275323
  0.64549528155949876  0.65506372898763732  0.66548270133715748  0.67549668834848198
  0.68525825751873493  0.69528124207871755  0.70594864128574863  0.71680550714593183
  0.72759390121506096  0.73736652562515137  0.74694905503196929  0.75700657541947480
  0.76802928987172847  0.77857998698656539  0.78938020925506902  0.80083386079152186
  0.81260946494105135  0.82343756116248046  0.83440151254730643  0.84680308572480789
  0.85950073555013662  0.87199734499348469  0.88454452365790059  0.89707953708700039
  0.90995351263647195  0.92323664165242214  0.93603671085217599  0.94972095781886989
  0.96356304447125063  0.97687968943762393  0.98844188022956014  1.00000000000000000
  0.76136007685563123  0.77901581682184928  0.79045572808042575  0.79831385896428686
  0.80460841919858317  0.81044759223458696  0.81597681616668349  0.82253016925242117
  0.82913775062296990  0.83558860195225149  0.84103185953037463  0.84633840548707251
  0.85161017448194798  0.85655332323368727  0.86096513436776589  0.86514275789500039
  0.86911042704144270  0.87279496488246899  0.87599028623292352  0.87879899008016027
  0.88174321128680921  0.88503376181621185  0.88835976086063684  0.89141968401945670
  0.89436765859257306  0.89727274699618809  0.90040019883111166  0.90345483691878048
  0.90632874913891559  0.90918210721792225  0.91197998279158465  0.91450203879143588
  0.91683437785443456  0.91903999160115080  0.92132595729018985  0.92353230589630364
  0.92566193231762617  0.92775551327063921  0.92983604043752255  0.93179765074351761
  0.93366604414962551  0.93550108154067657  0.93731702990637034  0.93912375895925693
  0.94096720268119582  0.94288762190817788  0.94480149775563271  0.94661168418736619
  0.94829621960319854  0.94992634819979249  0.95154679965436306  0.95315466004374705
  0.95478371638142590  0.95637691823928384  0.95783170218081570  0.95905472181680429
  0.96018540121217755  0.96128337206316439  0.96244223824423059  0.96364933935541774
  0.96490983806497876  0.96616021946730613  0.96733677580107358  0.96843586278879135
  0.96953789532336843  0.97067719595042889  0.97183259506864272  0.97299520380363014
  0.97411696718562191  0.97520172746888256  0.97628366929665311  0.97738649186128868
  0.97849069680390333  0.97956398164978986  0.98062561780636670  0.98170729372258825
  0.98282778515434999  0.98395073501600694  0.98500502518761524  0.98602110318930147
  0.98693408113111292  0.98784543784582524  0.98876885242372137  0.98968939178659776
  0.99060432943817733  0.99145426662258784  0.99226359515279783  0.99303231167210593
  0.99375166857528896  0.99444350300809503  0.99515039895462809  0.99587509736582891
  0.99663778944342374  0.99756823762288926  0.99869261877726934  1.00000000000000000
  0.00176026692291264  0.09904126071647976  0.12625126782756460  0.14895497901244334
  0.16879232933498911  0.18212334022677770  0.19212389123698106  0.20154784484469188
  0.21156798560211940  0.22289064569414391  0.23562370611284567  0.24532000691166811
  0.25460336537779882  0.26317268442378072  0.27124722720598221  0.27886216433834576
  0.28584594771787136  0.29276097683892582  0.29967633866408544  0.30652665017290598
  0.31326325780906361  0.31958908160072097  0.32561421210485741  0.33183196750054550
  0.33807818951015733  0.34452134874850204  0.35028663207052868  0.35559741513695259
  0.36067145378414051  0.36563607217227956  0.37058562380747118  0.37662301446841490
  0.38288246304109380  0.38897387526327470  0.39494042948590796  0.40066864796115137
  0.40637837714179248  0.41222839761387536  0.41832137957919646  0.42478058626252718
  0.43162756946351943  0.43840242724495626  0.44449150922196445  0.44959037851011630
  0.45488329654225435  0.46011554043083380  0.46540009097041074  0.47107021288199602
  0.47673603261737807  0.48221114864065412  0.48684230360208192  0.49215167338936827
  0.49758809504568025  0.50272078013491051  0.50780445390880313  0.51223363759002716
  0.51653873646444615  0.52087176267820512  0.52549567577077116  0.53083108755905040
  0.53657821054332688  0.54262407450531003  0.54963504085844206  0.55658585753207401
  0.56327069691772491  0.56994784138229848  0.57673835296041731  0.58406353821441048
  0.59158336597610783  0.59882815729455030  0.60648009975235595  0.61315028085099432
  0.61973330857946307  0.62611698402358062  0.63357934159101403  0.64187123854439121
  0.65128118736229779  0.66120740952798351  0.66961428163454817  0.67692441362339195
  0.68512564462093006  0.69334536659067314  0.70193388080707952  0.71027754296228252
  0.71950951733632884  0.72976904353614247  0.74024476650650783  0.75047405846337811
  0.76180847090297577  0.77506593655835843  0.78985982442733538  0.80597047634573138
  0.82556885185320650  0.85041651858581635  0.88712111702044116  1.00000000000000000
   2.0427315547806536E-004  -1.0000000000000000     
 F F F F F F F F F F F F F F F F F F F F F F F F F F F F F F F F F F F F F F F F F F F F F F F F F F F F F F F F F F F F F F F F F F F F F F F F F F F F F F F F F F F F F F F F F F F F F F F F F F F F F F F F F F F F F F F F F F F F F F F F F F F F F F F F F F F F F F F F F F F F F F F F F F F F F F F F F F F F F F F F F F F F F F F F F F F F F F F F F F F F F F F F F F F F F F F F F F F F F F F F F F F F F F F F F F F F F F F F F F F F F F F F F F F F F F F F F F F F F F F F F F F F F F F F F F F F F F F F F F F F F F F F F F F F F F F F F F F F F F F F F F F F F F F F F F F F F F F F F F F F F F F F F F F F F F F F F F F F F F F F F F F F F F F F F F F F F F F F F F F F F F F F F F F F F F F F F F F F F F F F F F F F F F F F F F F F F F F F F F F F F F F F F F F F F F F F F F F F F F F F F F F F F F F F F F F F F F F F F F F F F F F F F F F F F F F F F F F F F F F F F F F F F F F F F F F F F F F F F F F F F F F F F F F F F F F F F F F F F F F F F F F F F F F F F F F F F F F F F F F F F F F F F F F F F F F F
  <DiscreteSampler_grid>
  grouped_processes
  1 # 1 for a reference and 2 for a running grid.
  10 # Attribute 'min_bin_probing_points' of the grid.
  1 # Attribute 'grid_mode' of the grid. 1=='default',2=='initialization'
  0.0000000000000000 # Attribute 'small_contrib_threshold' of the grid.
  0.5000000000000000 # Attribute 'damping_power' of the grid.
 # binID   n_entries weight   weight_sqr   abs_weight
    19   10   5.518386117182166E-001   8.541885350073917E-001   5.518386117182166E-001
    20   10   5.518386117182186E-001   8.541885350073997E-001   5.518386117182186E-001
    22   10   7.101940974799112E-001   1.395167299947501E+000   7.101940974799112E-001
    23   10   7.101940974799141E-001   1.395167299947515E+000   7.101940974799141E-001
    25   10   5.942118872678620E-001   8.990191245805150E-001   5.942118872678620E-001
    26   10   5.942118872678641E-001   8.990191245805230E-001   5.942118872678641E-001
    28   10   7.602479641855570E-001   1.486702819586855E+000   7.602479641855570E-001
    29   10   7.602479641855593E-001   1.486702819586867E+000   7.602479641855593E-001
    34   10   5.518386117182164E-001   8.541885350073913E-001   5.518386117182164E-001
    35   10   5.518386117182186E-001   8.541885350074001E-001   5.518386117182186E-001
    37   10   7.101940974799112E-001   1.395167299947500E+000   7.101940974799112E-001
    38   10   7.101940974799141E-001   1.395167299947515E+000   7.101940974799141E-001
    40   10   5.942118872678619E-001   8.990191245805146E-001   5.942118872678619E-001
    41   10   5.942118872678639E-001   8.990191245805221E-001   5.942118872678639E-001
    43   10   7.602479641855570E-001   1.486702819586855E+000   7.602479641855570E-001
    44   10   7.602479641855593E-001   1.486702819586867E+000   7.602479641855593E-001
  </DiscreteSampler_grid>
