  0.00000140502530309  0.00000146711908641  0.00000151866022348  0.00000157019199103
  0.00000163291372719  0.00000169424551652  0.00000174826022183  0.00000179838222371
  0.00000185034070779  0.00000189595873104  0.00000194027388720  0.00000198654835966
  0.00000203801525897  0.00000209477062362  0.00000215588155872  0.00000222180008121
  0.00000229008943311  0.00000235115111651  0.00000240954032894  0.00000246846508156
  0.00000252871799425  0.00000259017920466  0.00000265024488210  0.00000270561188646
  0.00000276107891322  0.00000282252145151  0.00000288717798173  0.00000295134934908
  0.00000301852176407  0.00000308168327895  0.00000314674392466  0.00000321427545451
  0.00000329303395926  0.00000337654442557  0.00000346450272964  0.00000356032255091
  0.00000365254682234  0.00000374731000658  0.00000384564956936  0.00000394548944919
  0.00000405726458844  0.00000418476955611  0.00000431625031375  0.00000445227266218
  0.00000459049426570  0.00000473870719204  0.00000490833764710  0.00000508609033234
  0.00000526694711455  0.00000545455656973  0.00000564981747089  0.00000585578838140
  0.00000607414677283  0.00000630459103920  0.00000653860822125  0.00000677924630769
  0.00000702299340089  0.00000727652939847  0.00000752279533926  0.00000773264890521
  0.00000795332335509  0.00000818468098614  0.00000841855123068  0.00000865364880968
  0.00000897139038656  0.00000939995500120  0.00000980481281817  0.00001020401194065
  0.00001062346490886  0.00001107147634246  0.00001156684193226  0.00001205373374128
  0.00001256238241227  0.00001310132725663  0.00001372745477108  0.00001451952671253
  0.00001544793914784  0.00001645625038363  0.00001774466910341  0.00001930301203836
  0.00002129593983568  0.00002354517964894  0.00002598229598624  0.00002878117662859
  0.00003177033143531  0.00003510414790373  0.00004073140889044  0.00004990075625997
  0.00006378551847397  0.00008118792889023  0.00011036869239444  0.00016116826055137
  0.00027157494878357  0.00077060662779361  0.06636678906318734  1.00000000000000000
  0.00000903914245462  0.00000945799846957  0.00000974984775204  0.00000999642951537
  0.00001021084100581  0.00001049093496208  0.00001079689599460  0.00001108088595897
  0.00001135039202662  0.00001161659698306  0.00001189017319648  0.00001219029768522
  0.00001245639746189  0.00001276853929315  0.00001308493491351  0.00001340538854859
  0.00001370311590710  0.00001400496217910  0.00001424323666094  0.00001449896951315
  0.00001474442748402  0.00001497814661493  0.00001519022350545  0.00001551902035172
  0.00001586164433570  0.00001620825870389  0.00001655634602891  0.00001691004300162
  0.00001724267897937  0.00001757634491903  0.00001790449483136  0.00001824245297719
  0.00001859401837280  0.00001894415585177  0.00001936621721736  0.00001989850509612
  0.00002052845105355  0.00002120792695849  0.00002189792725303  0.00002262761576837
  0.00002337960068576  0.00002417001011593  0.00002497244933167  0.00002576838309220
  0.00002655151370151  0.00002747751398353  0.00002845319668940  0.00002945332819035
  0.00003058818200134  0.00003185788359940  0.00003327348385235  0.00003468281375571
  0.00003616576694258  0.00003780753270048  0.00003971063930754  0.00004191254174630
  0.00004445436705493  0.00004716496979651  0.00005035625142505  0.00005407691231530
  0.00005812573884926  0.00006236442623418  0.00006693447500500  0.00007251621949174
  0.00007907989568946  0.00008647245434509  0.00009432960937967  0.00010374529816100
  0.00011413079392042  0.00012618010536020  0.00014340267789221  0.00016046786206637
  0.00018270491266814  0.00020917392166844  0.00024637247536856  0.00029238553041928
  0.00034736633609392  0.00041305413390310  0.00049271942730442  0.00058140309805780
  0.00068852619268314  0.00083852808950690  0.00107266162354045  0.00136893942757354
  0.00166701324570103  0.00201310654890129  0.00247143345388197  0.00325945028105601
  0.00417363607532001  0.00540079259639973  0.00791187149921546  0.01110359973390889
  0.01479133017276265  0.01806795917260788  0.12238712251372362  1.00000000000000000
 -0.00606532975245052  0.03072741228520540  0.05297255575374001  0.07092091447269640
  0.08603346644704898  0.09904904878049289  0.11204591384815245  0.12550275250509191
  0.13782476969822244  0.14918204182093109  0.16002292958574779  0.16959706618850234
  0.17952284175156874  0.18894286951401737  0.19917875358927717  0.21008379328451696
  0.22218933731511109  0.23302345390727114  0.24383833193098567  0.25451216673782839
  0.26591603405346487  0.27822100654302201  0.28989378015526390  0.29839127746028948
  0.30618571429313829  0.31484860016784127  0.32373348077304037  0.33176231937785383
  0.33909551586227304  0.34623051768377416  0.35393408311287794  0.36540424084595780
  0.37717204632093865  0.38701257659814475  0.39686944246296230  0.40685351856415780
  0.41722906316686509  0.42726695164143647  0.43787399564334917  0.44912535013105037
  0.46031067398500114  0.47042083519561567  0.47976880675409561  0.48872474029425561
  0.49762177583599448  0.50693223493220063  0.51623795242410586  0.52545423188018214
  0.53459216920860531  0.54387200057067653  0.55311491424673742  0.56309846963517540
  0.57416865673451922  0.58459646294589462  0.59336027709532035  0.60152782575788744
  0.60949709862429191  0.61782027020941677  0.62652669568479691  0.63565879697978922
  0.64450926880157511  0.65449097407122281  0.66528139346152915  0.67430736368146826
  0.68228109422350391  0.68999887701525819  0.69844456672424604  0.70795581489002435
  0.71825886351114232  0.72833957724148624  0.73922195867652041  0.75013318189476486
  0.75994073421075548  0.76989858206610196  0.78068135648257375  0.79101550054813241
  0.80198809132938109  0.80987000913338958  0.81775750787243962  0.82619480604664886
  0.83434450433812346  0.84294455836249271  0.85385818092878840  0.86559628849809978
  0.87699796973437927  0.88819126577094898  0.90066315150889753  0.91374516714899001
  0.92507849274827059  0.93557832964053511  0.94586675172867818  0.95631962071194043
  0.96714919147757383  0.97755226625172276  0.98856248236150401  1.00000000000000000
  0.00000280359744497  0.00000488972212368  0.00000666091809247  0.00000800843949047
  0.00000931622846888  0.00001110003202030  0.00001316295541830  0.00001588780762566
  0.00001922924664785  0.00002348270972485  0.00002817571920023  0.00003317305262283
  0.00003864416592962  0.00004531173216023  0.00005360407298232  0.00006423880163636
  0.00007506672684493  0.00008566934004051  0.00009767065787807  0.00011102225031429
  0.00012593475574634  0.00014071595303417  0.00015419149245978  0.00016907982535301
  0.00018512352538493  0.00020059201573671  0.00021666773731272  0.00023527703141707
  0.00025464710218038  0.00027501035703768  0.00029502029323772  0.00031392775849198
  0.00033172056896664  0.00035133279493387  0.00037252821264698  0.00039250670533219
  0.00041410769848747  0.00043624539362262  0.00045930974059514  0.00049784457110931
  0.00053875361630368  0.00057732130195861  0.00061659790273449  0.00065765509495275
  0.00070242084499910  0.00074203100381736  0.00077295440957130  0.00080475626638721
  0.00083667427206557  0.00087065561970643  0.00090218334378716  0.00093200871974478
  0.00096058579443057  0.00099739291581368  0.00104011514248311  0.00108229047845940
  0.00112147357532445  0.00116304512818535  0.00120765955165507  0.00125575075579821
  0.00129589775709273  0.00134443671379331  0.00141977643880035  0.00150794909398754
  0.00161383966017880  0.00174634172582421  0.00191671207195884  0.00207517471597894
  0.00221343139644099  0.00230867022796172  0.00241629058172874  0.00252717847673885
  0.00263715510178204  0.00272351395635060  0.00280546400068882  0.00292472001940404
  0.00303810439487457  0.00315236353133162  0.00334488185265190  0.00360166204153924
  0.00388140651604094  0.00427011862103579  0.00466075955480287  0.00489014502993657
  0.00509423591945443  0.00531707246308810  0.00556383822620501  0.00604040786940903
  0.00671738876468225  0.00743816562356135  0.00825072270097106  0.00890665843829125
  0.00954725893503550  0.01018670715594389  0.07346109602092689  1.00000000000000000
 -0.00290447117046245  0.01067000139549754  0.02109715412947804  0.03123693766902379
  0.04110591971281228  0.05061989017060388  0.06063723808211495  0.07076020589287786
  0.08090105704073314  0.09042633309163968  0.09979007058030261  0.10988154862126354
  0.12169580152271409  0.13092739714970647  0.13850082966388377  0.14673883606813040
  0.15562212563290528  0.16523724070629772  0.17398423853679770  0.18224522659583020
  0.19207594156560803  0.20209647171819523  0.21185552487437692  0.22132424048663812
  0.23088057140557181  0.24104468297538081  0.25120709238968209  0.26161014025111190
  0.27212254582283280  0.28276616221339973  0.29458417470387477  0.30784504276158220
  0.32064330515901152  0.33404976992322949  0.34759635350082357  0.36246709032573865
  0.37680250760941114  0.39256562518050292  0.40641646026059997  0.41964247412764361
  0.43338721733039237  0.44624172899622461  0.45589256747278833  0.46439005866771937
  0.47167070778882098  0.47930763187410269  0.48992624352669439  0.50221110561670823
  0.51255621309876764  0.52240237567179049  0.53327930599722351  0.54470667107127602
  0.55758440335818193  0.57031866512048157  0.58258578862455535  0.59443723379336322
  0.60538092064956228  0.61611952562698147  0.62730056911198295  0.63882303471745661
  0.65040818972406866  0.66199068495577651  0.67476461813456723  0.68710992738081755
  0.69881160163776201  0.71040229252406062  0.72094959347273047  0.73135455508116853
  0.74143326969865531  0.75185141369865061  0.76129129171723697  0.76991222665204972
  0.77846761341220316  0.78772829199514882  0.79875357367668809  0.81105193075853610
  0.82236980443005769  0.83373668998051964  0.84466980289941285  0.85476198830163463
  0.86514057007769807  0.87519118289395936  0.88477094973771397  0.89525843632445012
  0.90575462833671405  0.91559564875380339  0.92353562523247845  0.93062023635588176
  0.93802728928509505  0.94670925189823463  0.95565918524192439  0.96371680166323481
  0.97135489392580365  0.97936499012045142  0.98920368117755009  1.00000000000000000
 -0.00182820903236977  0.00748250753766957  0.01596383013527721  0.02518718910973881
  0.03439272756787399  0.04348702045907080  0.05416811411579263  0.06611542971240179
  0.07779334169819738  0.08868566285207836  0.09924810387107470  0.10910891997204794
  0.11877942879496478  0.12910614200432297  0.13874514088741594  0.14929823045852222
  0.15888885056854460  0.16968556813014349  0.18151099885616911  0.19063790182966420
  0.19815405429707977  0.20553342578008554  0.21372012199334417  0.22268678429124480
  0.23131737121837029  0.23967703387969050  0.24795312736954506  0.25649021271210287
  0.26594773086344503  0.27513367578593023  0.28417263087974315  0.29335854513989723
  0.30258159371141141  0.31135375541636184  0.32010234852809399  0.33052945090521657
  0.34280625417920885  0.35455562529979190  0.36534811382985000  0.37595138740366463
  0.38638053716800047  0.39669040648545478  0.40732105491205156  0.41897445449518245
  0.43072765203235547  0.44271883544904855  0.45430715808594557  0.46596624184293206
  0.47711112596054883  0.48756773515345786  0.49740326241077587  0.50722472519716610
  0.51691141603435731  0.52641065582172508  0.53616539791207807  0.54657172132830611
  0.55776488376249944  0.57009818426391257  0.58295104765979211  0.59428939319018792
  0.60372514740332672  0.61216127084379102  0.62075713834421498  0.63066085118771231
  0.64308497275401688  0.65682878479829543  0.67055247990521838  0.68320757871259996
  0.69475577259353705  0.70490841063520271  0.71429461684594620  0.72328487346816550
  0.73459412643904054  0.74799035482429743  0.76246829776963354  0.77594141521006110
  0.78836680179639096  0.80030985418475586  0.81164903534356314  0.82227215361171746
  0.83316896907656857  0.84491967038012850  0.85659575293440038  0.86782573903613047
  0.87901990786490491  0.89044996574276147  0.90055361149348023  0.91036323520742302
  0.92079104224584540  0.93196706258390172  0.94287977887816077  0.95407816175487525
  0.96575042836860014  0.97760812748454740  0.98912997011300052  1.00000000000000000
 -0.00183967009541960  0.00666420244677972  0.01455627618996476  0.02253944345760329
  0.02929191616158534  0.03652757603328299  0.04573318316347282  0.05537986814334576
  0.06613951924521880  0.07875298734894587  0.09155911798804228  0.10438453039481915
  0.11707619417870080  0.12970974755834477  0.14234138285914891  0.15306977170191827
  0.16130503619309855  0.16868169783383102  0.17581510220848878  0.18419729329936579
  0.19266354057086163  0.20105791036867221  0.21004778016883047  0.22156096232238173
  0.23406373402508526  0.24608981389662818  0.25552968072634907  0.26468008382042979
  0.27560039696469013  0.28703497951765450  0.29762714728626960  0.30777923079573744
  0.31954478947566062  0.33080068786641725  0.33940888449588513  0.34725566646209083
  0.35608172049381553  0.36615978217906264  0.37626023533471387  0.38685713805038063
  0.39755943006337618  0.40961597798931959  0.42170438796671655  0.43310159241331930
  0.44392623763550232  0.45522523929390507  0.46806147141292859  0.48331112915030316
  0.50082033025879669  0.51795688785229366  0.53211522371345477  0.54580847998497872
  0.55955552639352546  0.57283050757701426  0.58667090367580010  0.59932708543627267
  0.61200350136912318  0.62407650699920303  0.63593093008918655  0.64685393715480166
  0.65770811714596911  0.67001642680527440  0.68234320232184864  0.69393256603117437
  0.70487023975904606  0.71577980318057921  0.72720299009376155  0.73915538766803102
  0.75197383148853447  0.76442613833897455  0.77691635344485899  0.78946378527690131
  0.80217567597605111  0.81394583086887884  0.82355973497677126  0.83324797441249931
  0.84311502397401739  0.85282297170813115  0.86259672206783289  0.87198742667875007
  0.88195354747431565  0.89202470822020252  0.90264429182205508  0.91362846004803200
  0.92466539693116301  0.93492229772162261  0.94301250345374144  0.94997271391592319
  0.95759830058375350  0.96460669046431657  0.97072308813440711  0.97600602746136755
  0.98159210317869749  0.98739461599183997  0.99393693413568851  1.00000000000000000
 -0.00101717695069880  0.00466490225592912  0.01124971104588232  0.01654713777935172
  0.02708336614510896  0.03907057137318113  0.04987509004681681  0.05957048031665699
  0.06980929494854637  0.08067071573519927  0.09159540282559328  0.10241602412665901
  0.11337586191140289  0.12414978612356359  0.13459395202359539  0.14441413465288727
  0.15414615407350840  0.16447826227119053  0.17631261174797663  0.18782135329852484
  0.19784389097637337  0.20818347097967235  0.21967834036610384  0.23086294677205410
  0.24030706538339439  0.24888102450201960  0.25646333076697753  0.26509715914487153
  0.27525591294828217  0.28698084289611475  0.29896915927781020  0.31092729361516169
  0.32672208636517491  0.34097812527172616  0.35329136615134699  0.36544964989685347
  0.37729499768697411  0.38857751384744066  0.39930387877091383  0.41016854334772523
  0.42294506673923965  0.43614203596452861  0.44746655064502533  0.45853320465536290
  0.47043557943971676  0.48187868574516024  0.49135819096855882  0.50022925210470803
  0.50919861489027041  0.51850375161008033  0.52746256950915982  0.53583408062769178
  0.54428742600570734  0.55302609532329217  0.56106560565752017  0.56847804469491459
  0.57492114513529469  0.58100433678247554  0.58895234764850335  0.59890506096656293
  0.60992558696767851  0.62176478817114345  0.63341764020891522  0.64579892769078651
  0.65881190682715818  0.67126261183266001  0.68232394460322987  0.69147515646871005
  0.70035816224922876  0.70996590932736314  0.72034867813841108  0.73054788643957369
  0.74025717872799346  0.74885902998715737  0.75729394654397897  0.76625466020361854
  0.77594627449663500  0.78554115079599618  0.79467505144777928  0.80367985258734553
  0.81325020960495975  0.82457022863420915  0.83713046820151538  0.84974922549061616
  0.86145926414807905  0.87267920112511477  0.88455877122954807  0.89766363266697635
  0.91119479362846201  0.92504899993244671  0.93819118702785920  0.95020227225825049
  0.96200193755041918  0.97381095578306676  0.98687979510646784  1.00000000000000000
 -0.00342997729068929  0.01427208735685826  0.02779593144030579  0.03988170989008137
  0.05108475755725234  0.06150833222210510  0.07132928401872268  0.08212660188500988
  0.09201164037985890  0.10101372177879139  0.11058250506441569  0.12055463506763477
  0.13173895225358512  0.14128252242158257  0.15192048478234912  0.16338227839621550
  0.17546768859204145  0.18807289151707846  0.20115995628246411  0.21448368919604355
  0.22722284308169030  0.23955130831245958  0.25166277455379321  0.26483289556665413
  0.27892975578619372  0.29284067356594440  0.30649956805270262  0.32078150881402889
  0.33703085450942322  0.35414228741744003  0.36707134680784337  0.37876634209897647
  0.39084067137722261  0.40333139336951362  0.41528291638863035  0.42898850468805083
  0.44191576743000138  0.45224747645322921  0.46209023554605722  0.47178953894782649
  0.48259033559449177  0.49361082722848071  0.50359794808762126  0.51296017013420769
  0.52204142375022311  0.53147073747518703  0.54281280336873694  0.55608715018298782
  0.56892687157281352  0.57600744702091078  0.58336841098985237  0.59011343738830069
  0.59844302433592111  0.60883967588364307  0.62029108086990381  0.63212554241855468
  0.64564777212258784  0.65920617176375040  0.67354408978001257  0.68583735756044761
  0.69755754869506026  0.70855392535068218  0.71977515744993359  0.73083074776030654
  0.74225056234510756  0.75484775907241908  0.76744979046905804  0.77843187857735230
  0.78817456320444834  0.79707635827696310  0.80660656504427453  0.81595029649280837
  0.82449698452233122  0.83293574371485457  0.84118382046871409  0.84937818857088943
  0.85825408548841786  0.86851442049655037  0.87827159910297692  0.88721066036039509
  0.89552826507881833  0.90433536724618957  0.91300707991168206  0.92054444791332868
  0.92705150751692800  0.93333651398326445  0.94089645963446167  0.94978367021546739
  0.95838622312970079  0.96582813153885416  0.97167801702147361  0.97701007347732793
  0.98206194833128713  0.98714221410227621  0.99289596782292089  1.00000000000000000
 -0.00224686355013957  0.00800929791555892  0.01791348163532754  0.02832082752273025
  0.04006443408898548  0.05216093225163512  0.06407868907279761  0.07604860757565403
  0.08768540294898082  0.09801293437696568  0.10756290325199658  0.11697519556399054
  0.12639102928750801  0.13521022616820186  0.14293710507561810  0.15028343727792345
  0.15781585830596556  0.16659785070356761  0.17614442058527935  0.18620687644527020
  0.19823994998741060  0.21158915507521528  0.22486505534816387  0.23685661481082942
  0.24727989616399748  0.25705116135815215  0.26748000987618936  0.27737070564491834
  0.28564760115059462  0.29368277749867017  0.30220172343202334  0.31149105629063512
  0.32108349080409887  0.33029432208646820  0.34161834969404037  0.35446635019995915
  0.36675173521508092  0.37910558894766094  0.39130603724868229  0.40332984548480910
  0.41565982933300227  0.42847306728743789  0.44135793303228299  0.45316187069019187
  0.46413120779611772  0.47490009080695528  0.48684691590899609  0.49957277231976466
  0.51101306807865365  0.52155185979687413  0.53139098142528185  0.54026091403066423
  0.54949690539816742  0.55836222842915029  0.56915111029314214  0.58102558865538090
  0.59075831344168095  0.60114281352521848  0.61167042962218943  0.62060526115287640
  0.63031989976707092  0.63941842336002330  0.64725278697400013  0.65507399136553546
  0.66421359303842109  0.67279798246461719  0.68297360061170520  0.69601130376122800
  0.70987767859364659  0.72205258853529131  0.73259253616186992  0.74190852736101265
  0.75162548619847180  0.76215118105272983  0.77320159066432537  0.78475554335201814
  0.79804000398330610  0.81328490185423608  0.82500529004124301  0.83572126291682336
  0.84546648992426354  0.85491793663553872  0.86435229668727842  0.87441928880577624
  0.88451024445020976  0.89514219361120595  0.90474449112175126  0.91413761995640075
  0.92416555739102668  0.93560879514173079  0.94887831607069006  0.96243927593256784
  0.97258696054285620  0.98216463014182742  0.99136531362755864  1.00000000000000000
 -0.00369824792968699  0.01413923133693077  0.02809457898000590  0.04037742176785305
  0.05197854235194638  0.06318654170923735  0.07404516163293928  0.08471432573854182
  0.09504910207929837  0.10525954570149515  0.11532028810518140  0.12521771954477237
  0.13510266467371609  0.14504101953533460  0.15667867512754555  0.17046124719887837
  0.18523581211830631  0.19954415445923918  0.21249920634268210  0.22361732194157466
  0.23456875423211371  0.24663487318602045  0.25699593343436045  0.26739650637485035
  0.27743495175809557  0.28843050991922986  0.29583087248822104  0.30263489938925880
  0.30935727350438874  0.31626598351165408  0.32360724699065224  0.33207812410758142
  0.34143298787979776  0.34963914613347541  0.35837486535945445  0.36734927466997075
  0.37675545182058745  0.38602433524587043  0.39473298031264392  0.40398399841702887
  0.41364070738108816  0.42376909018783915  0.43517653543999940  0.44662740598773354
  0.45705765846686175  0.46700056437189563  0.47675407418730109  0.48665834970317645
  0.49707115227717480  0.50836066592564044  0.52051569986043600  0.53230894020404851
  0.54424689475287469  0.55551517953965623  0.56615549169284718  0.57578292034965839
  0.58480641189699878  0.59508424188873477  0.60577112855048476  0.61629587215307513
  0.62682600668489319  0.63756657567594044  0.64735211871433307  0.65629819351132668
  0.66510173035962539  0.67440748683509488  0.68384977681573389  0.69347400263991021
  0.70387492800603746  0.71447732811237830  0.72611572584647066  0.73842646226921660
  0.75058614613085461  0.76096465523013412  0.77063070422421065  0.78015750152353835
  0.79090847687816146  0.80279988119691359  0.81465439822911812  0.82684150404423251
  0.83850318696275583  0.85097912585262836  0.86423735357078080  0.87749903462481915
  0.88781062828053603  0.89744877575470972  0.90706306169560702  0.91715745148093697
  0.92710053582846463  0.93760644314072972  0.94957989252307085  0.96130159605689736
  0.97043288552128415  0.97983092730518251  0.98968942076871957  1.00000000000000000
  0.37641590929653401  0.66231366135729275  0.74286403924879962  0.78745738628969209
  0.80162644219737367  0.81116981990279591  0.82001160180469124  0.82833884077390973
  0.83547482748791047  0.84016898977151111  0.84447938435102488  0.84815971136204937
  0.85161204351141995  0.85511459366727405  0.85904670817764250  0.86290950666181077
  0.86647569433507698  0.86981144832606971  0.87319236195521577  0.87625271524814996
  0.87912317238159965  0.88177306131124911  0.88433099555103978  0.88683622519847449
  0.88918440507270491  0.89162341684209290  0.89399500773887419  0.89614803351020378
  0.89814773650212487  0.90016424312057486  0.90219660340828545  0.90416942396147926
  0.90608322342798819  0.90797278362956946  0.91016268699194958  0.91248776552315780
  0.91472733208103374  0.91667466386874308  0.91851288708999168  0.92032381830988519
  0.92215642341586468  0.92401589535653117  0.92575845936867240  0.92732963553386916
  0.92901492453529211  0.93079229867879199  0.93259260413330169  0.93436095665416163
  0.93599011950740119  0.93749087072978365  0.93890882477673399  0.94030423545878272
  0.94182769800304356  0.94343985874306735  0.94500075178504384  0.94651083488728993
  0.94795031161168708  0.94932711913171430  0.95070692456943817  0.95213474936296860
  0.95359658136518666  0.95507557427190160  0.95651960629326283  0.95790692006462153
  0.95930476948096621  0.96074331201993590  0.96218327318795993  0.96363017473544532
  0.96508098180161295  0.96646361736158726  0.96778511442716675  0.96909748010268482
  0.97046576504136839  0.97195602458009345  0.97346228347065811  0.97488756191181636
  0.97624478918031243  0.97755193845996480  0.97881963866920396  0.98004395915340392
  0.98123660487097542  0.98248787316748676  0.98383083404043992  0.98514070250233010
  0.98644833575856383  0.98774404804642990  0.98902592062280315  0.99030211827963677
  0.99153677183766875  0.99274822450647326  0.99387859454346794  0.99491833791497475
  0.99593790449289843  0.99712139694560797  0.99844819732192014  1.00000000000000000
 -0.01965410255335953  0.13360270689429493  0.17887657901337931  0.20773451834416037
  0.23134087019967828  0.25201032001841950  0.27014036507241340  0.28702324651877059
  0.30320245258785178  0.31925268778772076  0.33491922847910688  0.34943046873299227
  0.36256647366518235  0.37482366637890713  0.38685033133169394  0.39855074742119140
  0.40726827904318080  0.41427015203728368  0.42133092772992958  0.42853049760474021
  0.43788657479543036  0.44802049314240283  0.45785626109244276  0.46744658777034209
  0.47656871769324027  0.48522004610446223  0.49414265510891270  0.50346222487419423
  0.51293416923262369  0.52142295366263558  0.52910720611704931  0.53670217574407930
  0.54443733513267434  0.55202954723432351  0.55923348514394033  0.56587431306210523
  0.57227922638513073  0.57907344461661436  0.58647024935107606  0.59416885493589422
  0.60122270727904270  0.60807438192647589  0.61414840725379105  0.62022291996403045
  0.62632182852885709  0.63269346599487675  0.63972800223048132  0.64635012220846744
  0.65177836595243366  0.65657905561479757  0.66100398023022533  0.66573361131609632
  0.67087656472212875  0.67642857219330210  0.68181639389941184  0.68691008715822865
  0.69177123251075812  0.69668867478950181  0.70141647659711859  0.70621744121615937
  0.71177337800566720  0.71838064096946164  0.72521775245083986  0.73152699110548858
  0.73735198483826991  0.74287782345420905  0.74841932625039209  0.75452391615212222
  0.76148483467233452  0.76912053462331786  0.77576573093300294  0.78226321384771214
  0.78855626419518410  0.79453365326062730  0.80021968076884298  0.80618389341893115
  0.81176847360810178  0.81647101896939289  0.82116572544788979  0.82584717028731180
  0.83051717248290835  0.83504901587676506  0.83932166503723216  0.84381880932421005
  0.84803662120965018  0.85304815751424490  0.85790357433233566  0.86322011835781876
  0.86833960979527069  0.87525863887703415  0.88708320189475776  0.89931466049208197
  0.91158750506239061  0.92480941557358509  0.94262235256272220  1.00000000000000000
   5.7852053962290951E-006  -1.0000000000000000     
 F F F F F F F F F F F F F F F F F F F F F F F F F F F F F F F F F F F F F F F F F F F F F F F F F F F F F F F F F F F F F F F F F F F F F F F F F F F F F F F F F F F F F F F F F F F F F F F F F F F F F F F F F F F F F F F F F F F F F F F F F F F F F F F F F F F F F F F F F F F F F F F F F F F F F F F F F F F F F F F F F F F F F F F F F F F F F F F F F F F F F F F F F F F F F F F F F F F F F F F F F F F F F F F F F F F F F F F F F F F F F F F F F F F F F F F F F F F F F F F F F F F F F F F F F F F F F F F F
  <DiscreteSampler_grid>
  grouped_processes
  1 # 1 for a reference and 2 for a running grid.
  10 # Attribute 'min_bin_probing_points' of the grid.
  1 # Attribute 'grid_mode' of the grid. 1=='default',2=='initialization'
  0.0000000000000000 # Attribute 'small_contrib_threshold' of the grid.
  0.5000000000000000 # Attribute 'damping_power' of the grid.
 # binID   n_entries weight   weight_sqr   abs_weight
    13   10   3.466527684446475E+000   1.184494271139243E+002   3.466527684446475E+000
    14   10   3.466527684446478E+000   1.184494271139245E+002   3.466527684446478E+000
    16   10   4.510895003563474E+000   2.006652802662086E+002   4.510895003563474E+000
    17   10   4.510895003563483E+000   2.006652802662095E+002   4.510895003563483E+000
    22   10   3.466527684446473E+000   1.184494271139242E+002   3.466527684446473E+000
    23   10   3.466527684446479E+000   1.184494271139246E+002   3.466527684446479E+000
    25   10   4.510895003563475E+000   2.006652802662087E+002   4.510895003563475E+000
    26   10   4.510895003563482E+000   2.006652802662094E+002   4.510895003563482E+000
    31   10   3.466527684446475E+000   1.184494271139243E+002   3.466527684446475E+000
    32   10   3.466527684446481E+000   1.184494271139247E+002   3.466527684446481E+000
    34   10   4.510895003563474E+000   2.006652802662086E+002   4.510895003563474E+000
    35   10   4.510895003563483E+000   2.006652802662095E+002   4.510895003563483E+000
  </DiscreteSampler_grid>
