  0.00000017246504902  0.00000017942507485  0.00000018718568812  0.00000019491213841
  0.00000020349052332  0.00000021223768238  0.00000022118932790  0.00000023043987677
  0.00000024398065928  0.00000026147168355  0.00000027964285843  0.00000029615763578
  0.00000031207919506  0.00000032932165764  0.00000034796800342  0.00000036658888109
  0.00000038782767533  0.00000041008492821  0.00000043384146961  0.00000045909401616
  0.00000048123247290  0.00000049971048255  0.00000051991952697  0.00000054184523688
  0.00000056555544328  0.00000059706247455  0.00000063244682580  0.00000067003245306
  0.00000070617825025  0.00000074077046349  0.00000078255094762  0.00000082591598701
  0.00000086523250809  0.00000091075314167  0.00000095534925219  0.00000099497462836
  0.00000103131530661  0.00000107196771855  0.00000111948794908  0.00000116787156368
  0.00000122180119677  0.00000127510095217  0.00000132621648686  0.00000137650594818
  0.00000142652751337  0.00000146962608059  0.00000151439900522  0.00000156660694102
  0.00000163563309058  0.00000171808049115  0.00000180734289190  0.00000190995446803
  0.00000204391618807  0.00000220500564895  0.00000236758344480  0.00000253773349089
  0.00000270347324815  0.00000286147166850  0.00000303253651340  0.00000322589226275
  0.00000344974428834  0.00000370330431049  0.00000400868290554  0.00000436236449690
  0.00000477099831680  0.00000523204469786  0.00000577598905999  0.00000637698757344
  0.00000710047616088  0.00000788984683721  0.00000874935892624  0.00000975087121506
  0.00001089551472422  0.00001205616403031  0.00001322349024317  0.00001445395285889
  0.00001581256567838  0.00001752623735920  0.00001967644614205  0.00002308463260392
  0.00002721238490652  0.00003230515242741  0.00003854035127236  0.00004706472516035
  0.00005905707195984  0.00007494061043741  0.00009703607806945  0.00013016849503961
  0.00017535000537481  0.00024102303375095  0.00037539590628108  0.00068839155792492
  0.00121499222283058  0.00294990331913355  0.33628753986955939  1.00000000000000000
  0.00000185367502804  0.00000192501345225  0.00000198508551783  0.00000204265310396
  0.00000209898486801  0.00000216964990209  0.00000225387165574  0.00000235145419053
  0.00000246150110448  0.00000259157918432  0.00000270025083455  0.00000279847854737
  0.00000289560321247  0.00000298719937516  0.00000307543865702  0.00000316642588300
  0.00000326065840288  0.00000334131027220  0.00000342914773890  0.00000353118942893
  0.00000365345729210  0.00000378281000733  0.00000390563667474  0.00000402762700039
  0.00000415977046766  0.00000431888697160  0.00000448938686897  0.00000466307299924
  0.00000484179718781  0.00000503512377510  0.00000522374495447  0.00000542842245476
  0.00000564803373695  0.00000588199998092  0.00000612301398710  0.00000637652622754
  0.00000665628354081  0.00000697669076086  0.00000732260852670  0.00000765047510493
  0.00000798121447018  0.00000829865923105  0.00000862864033036  0.00000895004482292
  0.00000925083608823  0.00000953642419504  0.00000983081189716  0.00001016691186814
  0.00001054802514621  0.00001094882533103  0.00001133229552834  0.00001171596580161
  0.00001217929838129  0.00001274575366781  0.00001339129302417  0.00001409153354588
  0.00001479087444565  0.00001543269654295  0.00001606730255368  0.00001676417437077
  0.00001762755822694  0.00001866720792057  0.00001978091634698  0.00002086227624414
  0.00002190108348220  0.00002311716124063  0.00002455904818433  0.00002607186404499
  0.00002767041303032  0.00002929100382810  0.00003119984138997  0.00003318370675239
  0.00003543192469527  0.00003779101160525  0.00004061094563586  0.00004322608381891
  0.00004597026414049  0.00004875838484504  0.00005235922349834  0.00005736009935541
  0.00006343675179863  0.00007088726863391  0.00008071520705589  0.00009398123353805
  0.00010915536965425  0.00012609027522546  0.00014587643293399  0.00017565781066250
  0.00022325017326017  0.00028724449593519  0.00038568106161172  0.00063690547753910
  0.00106468577474948  0.00209537752686528  0.01343261206334642  1.00000000000000000
  0.00000253562406813  0.00000277051875076  0.00000284584722668  0.00000295894929947
  0.00000309825586519  0.00000322253181452  0.00000333457770195  0.00000352758753069
  0.00000367770204561  0.00000377280419725  0.00000386659047089  0.00000395639483205
  0.00000404257505897  0.00000413677743008  0.00000423070911828  0.00000437444911657
  0.00000455161426809  0.00000473324674928  0.00000488549834332  0.00000502537593263
  0.00000516778158895  0.00000531405748151  0.00000547718100781  0.00000564494992995
  0.00000588779766527  0.00000616302067436  0.00000641756786021  0.00000664328859822
  0.00000685506240461  0.00000707215576017  0.00000732020397892  0.00000758576638514
  0.00000788624100842  0.00000816135793681  0.00000841815663758  0.00000868708901715
  0.00000902479498977  0.00000937750183335  0.00000971772449630  0.00001003302184682
  0.00001038955386627  0.00001072674878034  0.00001108839524621  0.00001146027959671
  0.00001184290381037  0.00001240559556708  0.00001319553628926  0.00001393385526001
  0.00001467854437439  0.00001544981509637  0.00001625862184144  0.00001713872210921
  0.00001803343011717  0.00001917630298480  0.00002037464172327  0.00002165229267136
  0.00002311027464367  0.00002465957754278  0.00002636919252337  0.00002829157696178
  0.00003046193277290  0.00003286347007674  0.00003526699380063  0.00003788475761048
  0.00004077321642336  0.00004417844729951  0.00004797174298160  0.00005194640685674
  0.00005638419126349  0.00006136065470981  0.00006719796836241  0.00007344169161304
  0.00008015426515587  0.00008732846196245  0.00009548066124119  0.00010598862641070
  0.00011802357036777  0.00013187384911878  0.00014819831076991  0.00016749601874142
  0.00018648806221305  0.00020802554959784  0.00023220905207767  0.00026047910288817
  0.00029495828581340  0.00033555451473856  0.00039498008654553  0.00048474773590639
  0.00060738953024252  0.00074795735678146  0.00095299679993203  0.00131165795501781
  0.00193272295162636  0.00274605654503103  0.04264584731344544  1.00000000000000000
  0.00000104749300813  0.00000154112205046  0.00000188310291676  0.00000212839989992
  0.00000227135247260  0.00000238020704969  0.00000248848160832  0.00000261173937121
  0.00000275598787344  0.00000293410188347  0.00000310867012161  0.00000325161238247
  0.00000334218556157  0.00000343749338696  0.00000355178259134  0.00000367847734566
  0.00000382965532280  0.00000398530421252  0.00000417180848949  0.00000437307831628
  0.00000458708335419  0.00000478104797232  0.00000499495582479  0.00000521847640753
  0.00000544333027332  0.00000569883897020  0.00000597071136099  0.00000624800930402
  0.00000653367444238  0.00000681492709608  0.00000710363553698  0.00000736750160723
  0.00000761189913628  0.00000786373898781  0.00000815039348350  0.00000846536361426
  0.00000882477264854  0.00000918940852956  0.00000953594882288  0.00000986261568809
  0.00001025243795902  0.00001088836859703  0.00001153681560540  0.00001221905193655
  0.00001294905202479  0.00001378187470087  0.00001471669841699  0.00001572832239507
  0.00001685370697689  0.00001799882343329  0.00001920871556803  0.00002047474548900
  0.00002176313602640  0.00002312933052327  0.00002465657554234  0.00002651349543539
  0.00002876981613215  0.00003128303254057  0.00003397410909424  0.00003687012402316
  0.00003998593805811  0.00004330533298253  0.00004658426878419  0.00004980480448858
  0.00005322481969200  0.00005718643890705  0.00006139123109303  0.00006607827532680
  0.00007176557812923  0.00007942218489977  0.00008852777869638  0.00009803617528268
  0.00010922303575324  0.00012354093142325  0.00013872080674356  0.00015414348121107
  0.00017051738298179  0.00018756078916393  0.00020483512751870  0.00022356662234076
  0.00024463570433171  0.00026947057030364  0.00030785825098028  0.00035193568276249
  0.00041193973759660  0.00049189735032542  0.00059557152535169  0.00073021273907194
  0.00097758260866206  0.00137687038694188  0.00184640142498868  0.00244332972987708
  0.00328152977094121  0.00459480548330609  0.01258276423734639  1.00000000000000000
 -0.00279418472373743  0.01538318864387195  0.02675653686365752  0.03698991937186034
  0.04638539942968723  0.05583952490415970  0.06601499762380383  0.07693730072554870
  0.08869260352975220  0.10034624396278927  0.11077293697215189  0.12038043492488222
  0.12950277093824561  0.13849347489603764  0.14863983217358517  0.15923902811025553
  0.17044868820217066  0.18259285232570274  0.19451994776495443  0.20476477391130241
  0.21364766695057777  0.22187026019240116  0.23035600359531627  0.24193216271186299
  0.25271361303104439  0.26396550866450291  0.27655950693398262  0.28977267326628287
  0.30213903524970903  0.31604789958795254  0.33134693670030685  0.34467097679490744
  0.35419079837207679  0.36366133230171105  0.37267878053100650  0.38226384003850333
  0.39289578427933697  0.40473255639755779  0.41720995994448418  0.42724898063564154
  0.43664935131283555  0.44573972239738124  0.45407995279806740  0.46127993994938643
  0.46826244463881977  0.47521221110442913  0.48490607913561184  0.49651956436379530
  0.50655213449539527  0.51514551922018614  0.52355435103315540  0.53305193577821386
  0.54432613934301810  0.55641751709473786  0.56828204375717362  0.58081089094625737
  0.59272537843209905  0.60440310234879302  0.61632413692485688  0.62779427463447857
  0.63870201684598615  0.64954646566188279  0.66205248637029257  0.67309638418985895
  0.68338791666873278  0.69301865867988788  0.70598093669932538  0.71888116013445602
  0.72978873838754443  0.74030895224547133  0.75019489286451002  0.76076507860196563
  0.76966847522481396  0.77832103902087979  0.78669079186756408  0.79574547945497343
  0.80698014981262078  0.82000204162535606  0.83418157462302600  0.84789598234247776
  0.86074905769765875  0.87242110246588711  0.88337748588079534  0.89436540027094347
  0.90611241632689021  0.91790452034174452  0.92844374069027880  0.93651293201233499
  0.94205813585141840  0.94768731059964084  0.95374620539614474  0.96057226527111461
  0.97082794518041393  0.98063124196189710  0.98934835134193100  1.00000000000000000
 -0.00301643079281889  0.01339080453389885  0.02574670678463491  0.03578692816343210
  0.04471214210214439  0.05378284534581895  0.06327181415677885  0.07384754683727886
  0.08264550435035148  0.08932709704389022  0.09544858899967212  0.10143442503116294
  0.10884358716440828  0.11881631246484897  0.13076194631654420  0.14136633638935819
  0.15129349719162788  0.16153719637770972  0.17309696379375825  0.18499208270775158
  0.19680252351158875  0.20879875052136659  0.22187020217295142  0.23107399377251847
  0.24025849972269891  0.24850078646563115  0.25660039561570475  0.26556051670611586
  0.27580633089151657  0.28694599451020364  0.29716704351168938  0.30688194633546934
  0.31722865581291915  0.32931428956967673  0.34294110667023153  0.35682836912277949
  0.36838735894459246  0.37879634153829012  0.38952838829408126  0.40164738790365295
  0.41525787296633576  0.42810689897967585  0.44024802545424296  0.45255501286299016
  0.46555306222142889  0.47868794161944689  0.49160655342149723  0.50304799516973531
  0.51476903678756747  0.52635218175007048  0.53717085141655241  0.54750404232155303
  0.55739248348437986  0.56704602300406481  0.57705376028441457  0.58781762321395892
  0.60027721258893452  0.61240348283178225  0.62322541643164298  0.63393345589400130
  0.64481584275680515  0.65636043862814253  0.66781942008988582  0.67838675250217007
  0.68850403431821916  0.69918297211515501  0.71064968483218238  0.72215249150579031
  0.73420668946209544  0.74613768469932351  0.75771483446397958  0.76909899670941939
  0.77960655123430356  0.78941872392850920  0.79932505422352895  0.80913264849315059
  0.81854547593981342  0.82842409752417223  0.83879859168108861  0.84630292522205153
  0.85348026053511294  0.86016463045530411  0.86684100512832418  0.87297455700849003
  0.88197837756107378  0.89389029774648565  0.90740546350290274  0.92030461752965043
  0.93247518593973167  0.94370822402955190  0.95383571735790074  0.96326407483962773
  0.97200487189632667  0.98042397182237673  0.98967728201449778  1.00000000000000000
 -0.00254108315773624  0.01080621515951874  0.02140500346624761  0.03126433773745792
  0.04085835691793757  0.05145780823907722  0.06271585772845628  0.07789469154515638
  0.09007226877118113  0.10409045414227967  0.11211480065616024  0.12064453599782005
  0.12920815845261405  0.13729984310412660  0.14479804101328186  0.15260363115626374
  0.16086761832053989  0.17013908803376482  0.18163959834149013  0.19238421149128879
  0.20335625786855543  0.21410972324111535  0.22457958927790184  0.23388721397829082
  0.24279145504133059  0.25169885496288369  0.26115079599089608  0.27104740197242733
  0.28038057165561719  0.29016575290525770  0.30171239745421430  0.31459383894349030
  0.32635574131769168  0.33630819149400604  0.34553947890270748  0.35419291425131566
  0.36292734723651010  0.37363547160108146  0.38397987039549381  0.39459971996987631
  0.40652203078661248  0.41757732676993015  0.43011147077831036  0.44182927701414665
  0.45346195634751196  0.46413354611933538  0.47475051816780300  0.48492851052341468
  0.49318220402616608  0.50086696632661587  0.50812121042583180  0.51623475225804116
  0.52651359536580666  0.53970951580484527  0.55199580835661766  0.56434153872744730
  0.57710378851504385  0.58986365984245137  0.60315304916990964  0.61471454358070021
  0.62602481686591571  0.63792978402824763  0.64976075063007277  0.66073084132018378
  0.67010144393492754  0.67981188376211232  0.68927268207598069  0.69899090393425767
  0.70907079333321055  0.71983263147286980  0.73167209356810059  0.74424524998263952
  0.75704311900817212  0.77079146820233913  0.78336499313179608  0.79425131739692723
  0.80393752433876331  0.81536345151600298  0.82770483071606848  0.83789430008528554
  0.84705550929674223  0.85657070035935801  0.86745910145029681  0.87997989364045925
  0.89112941400939427  0.90181775522225716  0.91270960277557900  0.92244560915718843
  0.93321618461851041  0.94391883525808495  0.95471675594912531  0.96502149020945538
  0.97395251953445583  0.98222936500199742  0.99082042097400502  1.00000000000000000
 -0.00009671900036573  0.00005765890150888  0.00043256336415855  0.00070209058524507
  0.00085940504537372  0.00100664321933330  0.00111967688176856  0.00123463283063291
  0.00135213670684007  0.00147046534602421  0.00159223269001947  0.00175084469826353
  0.00190833046968473  0.00206386963811237  0.00221759095174622  0.00237011181667971
  0.00251129522201920  0.00265973920140466  0.00281891717537195  0.00296613294347135
  0.00311093603246159  0.00325215639152579  0.00339396686906793  0.00354031602140627
  0.00370678412682367  0.00389793837600481  0.00406575951281383  0.00420456994073781
  0.00431247071917150  0.00441239076041269  0.00449965379091852  0.00458736664952140
  0.00467629610637855  0.00477786725998468  0.00491338741788545  0.00499029433754094
  0.00506474865966419  0.00512004066189615  0.00517152547436369  0.00522301714370137
  0.00527451096259068  0.00537063951797673  0.00548190404007312  0.00558895726578512
  0.00571229126937612  0.00582401818563379  0.00593628676394468  0.00605137245435822
  0.00620262934380177  0.00634154955791241  0.00646277010654074  0.00658087393087910
  0.00669890821366180  0.00682490491392639  0.00692311277301761  0.00702922500756003
  0.00717734040462177  0.00732599377250239  0.00750226642742822  0.00775585073046775
  0.00797853841564257  0.00819410206846724  0.00844074008359466  0.00873058297965539
  0.00911125067500233  0.00956829810958235  0.00992088467152830  0.01027540952046936
  0.01052896955064145  0.01078608670236129  0.01103528884816752  0.01141339077061199
  0.01212465919634621  0.01298716554828008  0.01374903765385356  0.01471262756694652
  0.01590496630361908  0.01658344181216146  0.01724619618798608  0.01900273749623458
  0.02012437514383869  0.02147274112348822  0.02338881257371849  0.02409418440242584
  0.02480775097836833  0.02566497745344462  0.02855494714868145  0.03634416404316910
  0.03664811035314773  0.03695205666312636  0.03743161442308131  0.03822745143529054
  0.03902328844749976  0.03981912545970899  0.56124461817242410  1.00000000000000000
 -0.00145520855449581  0.00613836988761853  0.01193418577958662  0.01866991131465990
  0.02616701767399958  0.03344196045700096  0.04090046942499696  0.04965792213682374
  0.05878962766156705  0.06672792525820262  0.07511226212760207  0.08447350156483847
  0.09441052882692433  0.10525094832068273  0.11594446967454294  0.12628867377013916
  0.13610535332219106  0.14523383075657786  0.15287659344598339  0.16089892913663184
  0.16893784716809115  0.17796832770797893  0.18805692249639086  0.19789018175486925
  0.20799807918907523  0.22094878449716379  0.23413812094298753  0.24592282460371304
  0.25742978096838959  0.26877608246730594  0.27943250165851652  0.28994132356876884
  0.30022251430728647  0.30971054474369458  0.31888152194638303  0.32881478883550741
  0.34209623791809290  0.35675674630347359  0.37129250266763197  0.38468189515793422
  0.39738508022199565  0.41168065300039558  0.42468263632767506  0.43544235060415204
  0.44486335035186908  0.45292897931031262  0.46097856403591109  0.46920026462272252
  0.48134384189455642  0.49233246346665405  0.50340101149499172  0.51390730834122700
  0.52345526068104764  0.53249300484306439  0.54220706049041811  0.55365541391326878
  0.56605439566428450  0.57840778837651374  0.59097779880230827  0.60310333631800939
  0.61539244203527521  0.62808878270416135  0.63996516087096778  0.65018526155577028
  0.66061501037430004  0.67219393016260487  0.68581535492595680  0.69888739495875407
  0.71068804666923513  0.72110533807323896  0.73199646573540900  0.74408355098654222
  0.75688846110731844  0.76964607207779390  0.78114574672623982  0.79130237762140632
  0.80075567856489460  0.81051751670675054  0.82190267766784419  0.83348418807795466
  0.84425602145007106  0.85444791672736675  0.86456494879926049  0.87497798121302517
  0.88533139602873001  0.89495294032113759  0.90390176656426968  0.91299676355041071
  0.92243558393996383  0.93384648242929513  0.94600580570950021  0.95774162484453873
  0.96743012323311961  0.97809821887285575  0.98784676918232273  1.00000000000000000
 -0.00005450050020537  0.00013604852687109  0.00034568874053791  0.00050876816079382
  0.00060627178509870  0.00068758477435117  0.00075273608740471  0.00081660578810203
  0.00088034041565184  0.00094162186862009  0.00100540793435500  0.00108452213462668
  0.00116536599595739  0.00124802224409746  0.00132457369886548  0.00139503771978541
  0.00146600539644588  0.00154078015631638  0.00162643634722778  0.00172571762536319
  0.00182405390447322  0.00192296350099537  0.00202021230461289  0.00210153201882483
  0.00217826491632662  0.00225324300969630  0.00232694293727959  0.00240853963730117
  0.00248716907021193  0.00254753970211525  0.00260399988511665  0.00265536217413459
  0.00270629246032301  0.00275680355732274  0.00282251211622845  0.00290543091830245
  0.00300060786822749  0.00309097242554931  0.00315983551910348  0.00322846920178907
  0.00329978803456530  0.00338172329474550  0.00348131551879351  0.00356591355610351
  0.00364511852415648  0.00372163560796269  0.00377737150090295  0.00383266458504840
  0.00388742121662688  0.00394332349885822  0.00400627148310775  0.00408301360161117
  0.00411643274845059  0.00414985189529000  0.00418327268463228  0.00421669475259429
  0.00425011682055630  0.00428371626042657  0.00431733095848309  0.00438284684308703
  0.00452207754171253  0.00461011086344010  0.00469795936094680  0.00478743836293565
  0.00491222594465477  0.00501447168965053  0.00510910236978754  0.00520837920999096
  0.00532665005879591  0.00544484743707020  0.00553724389481609  0.00560709397309175
  0.00567172210419200  0.00574041650108148  0.00581249859545957  0.00589513088880038
  0.00601063724679747  0.00621694199272150  0.00646677018387859  0.00677567271726681
  0.00724529172459042  0.00785859842848677  0.00838068765041663  0.01413402987537856
  0.01951132368138180  0.02056045114056959  0.02246106306222483  0.02642827455883414
  0.03344190976344781  0.03481006644193938  0.03617822312043095  0.03765823915970389
  0.03916478941540617  0.04067133967110845  0.07030142611826397  1.00000000000000000
 -0.00222932805076506  0.01304262362207750  0.02725832364659009  0.04274282850612728
  0.05948922139098295  0.07672027046024979  0.09090318952878522  0.10418279209730437
  0.11812857355631501  0.13249655300261196  0.14815905105592975  0.16402416628128075
  0.18016481732847930  0.19629648757454346  0.21343426181439931  0.23054692376329705
  0.24567690560590630  0.25997578111382413  0.27441995741429914  0.28768793179834973
  0.30118052471188100  0.31450911068485593  0.32781860882615577  0.33963768043547243
  0.35077193760654574  0.35894584230037579  0.36744821075931566  0.37593278789277601
  0.38428759378410088  0.39153784228025645  0.39943190073691914  0.40536037373408285
  0.41152014328018166  0.41764881892673189  0.42366371753324428  0.42988972328936609
  0.43642370455055757  0.44397029726992854  0.44924856198738700  0.45355837032607388
  0.45809446207111681  0.46292446260600328  0.46828923978315212  0.47577448171612707
  0.48368473019139768  0.49171092818938689  0.49828488770190316  0.50530858274836343
  0.51231737136661848  0.51863805336726299  0.52480934141239410  0.53202450695203685
  0.53843457385403681  0.54480750101987030  0.55122038843220034  0.55772056735774556
  0.56423748760388659  0.57013275877590774  0.57585782823644982  0.58179084588567276
  0.58794004346416806  0.59476270561167388  0.60248480132038085  0.61031433435163374
  0.61690567561940446  0.62292385067800815  0.62939416755410993  0.63666852650445760
  0.64462025230953790  0.65343003800190602  0.66270974661545690  0.67309607141350447
  0.68405763975093703  0.69468663523756435  0.70418905294417222  0.71367534365020568
  0.72369115810546070  0.73532716656485964  0.74562544217019122  0.75809740685302451
  0.77164955795135315  0.78561792767250427  0.80159214005064316  0.82042995872443003
  0.83876052722048733  0.85619411295304337  0.87385594617688511  0.89140021167981898
  0.90589387306539848  0.91854864034965955  0.93284984665030857  0.94753718898285588
  0.95958542557032633  0.97110246329477157  0.98408289017708972  1.00000000000000000
  0.46669783277592175  0.54581217300310658  0.56384493405063141  0.58113007527463700
  0.59552556000399814  0.60201831117823545  0.60874114322161910  0.61536850861400028
  0.62205997622029541  0.63060779131195233  0.63856069509184232  0.64562473379207075
  0.65531953747138671  0.66696457158733802  0.67738003568424454  0.68675367435726897
  0.69500590299366038  0.70145652342395148  0.70760185723735491  0.71356284109769585
  0.72062587841719761  0.72895800001717670  0.73634679630479194  0.74373994308590652
  0.74960669108643418  0.75504121837562055  0.75847833114585306  0.76182849787736595
  0.76509820163007991  0.76826648759363669  0.77255745476569615  0.77659897806961220
  0.78100358582409235  0.78536143965647076  0.79074468444988533  0.79655703727245042
  0.80167693655049110  0.80610889366411509  0.81052966611060351  0.81543487422934480
  0.82055167813757612  0.82570947800238181  0.83089868328512984  0.83644750169272186
  0.84194156078514026  0.84709971068507817  0.85169242209976459  0.85630213744963180
  0.86109840273652050  0.86590152463722236  0.86992200323032809  0.87358563387801513
  0.87682367093864688  0.88007690408880235  0.88384257799892407  0.88787107068213911
  0.89236112451605532  0.89694585164241891  0.90150771001140306  0.90620668957609418
  0.91040971016622174  0.91429062248612847  0.91792632983373079  0.92137836682933616
  0.92520132557666868  0.92887757489205847  0.93216962851930796  0.93509872320490928
  0.93805643191209076  0.94103373139643132  0.94369580476315396  0.94634915559114097
  0.94896700064236772  0.95153712294231851  0.95417118298458914  0.95690914092292223
  0.95936561447382673  0.96175557526056710  0.96414545587054590  0.96642899111486325
  0.96867180970197764  0.97089752753461001  0.97309431929035028  0.97527168848389845
  0.97733823345470194  0.97958231131705398  0.98167972236047885  0.98360160900228422
  0.98558914363431771  0.98749137900898631  0.98935330119445886  0.99162691012675785
  0.99373478812137916  0.99584294743748780  0.99793996360367621  1.00000000000000000
  0.01374216934420256  0.12422515876614416  0.13549370474369801  0.14602334275614731
  0.15617130190525402  0.17131466803457637  0.18490921318221618  0.19608876674557432
  0.20571164607085851  0.21323991380805341  0.22168666888222124  0.22966788766750351
  0.23742478791214858  0.24466079034470864  0.24998179507319981  0.25411103919518668
  0.25853395354828540  0.26325981044179603  0.26805124795843216  0.27294868077325740
  0.27914655041628050  0.28807605032123340  0.29594606768716170  0.30369225913625303
  0.31111416619441140  0.31854366959508557  0.32563202467480962  0.33217948978634027
  0.33832427477195431  0.34460487898670333  0.35059497969803466  0.35558901886202482
  0.36066548210026922  0.36598127417493836  0.37137621412551802  0.37746214199000122
  0.38399880416118459  0.39024412646681639  0.39649466827148122  0.40244946172914281
  0.40799754783880349  0.41335414771243245  0.41886847751340528  0.42472168415406697
  0.43128094386467636  0.43810834871978743  0.44534138459217620  0.45245144941585269
  0.45915425814012883  0.46542581822827178  0.47169133729916629  0.47804836968469933
  0.48486465196684125  0.49207575244295282  0.49918556337928988  0.50560584335464709
  0.51239068342464522  0.51863125517751474  0.52521671669413916  0.53229801459878578
  0.53902898659361576  0.54515158743253589  0.55086331198463934  0.55721068871260193
  0.56406019317353917  0.57098765248068994  0.57828990421374038  0.58515569487603525
  0.59184150191034901  0.59882977318855291  0.60625439988518948  0.61447476200741735
  0.62301551250518006  0.63192052795357878  0.64124468240223087  0.65013344057099542
  0.65853454743640527  0.66678236775050170  0.67450116192801157  0.68206584586679675
  0.68971174033143756  0.69883499612822531  0.70742397103351662  0.71588564596471493
  0.72535622421676904  0.73470601536965219  0.74536846765249676  0.75636514264450361
  0.76949725303724703  0.78488223410493718  0.80201991511628479  0.82144809682241915
  0.84176892858088859  0.86430453697945420  0.89675466580094298  1.00000000000000000
   6.6962843334636405E-005  -1.0000000000000000     
 F F F F F F F F F F F F F F F F F F F F F F F F F F F F F F F F F F F F F F F F F F F F F F F F F F F F F F F F F F F F F F F F F F F F F F F F F F F F F F F F F F F F F F F F F F F F F F F F F F F F F F F F F F F F F F F F F F F F F F F F F F F F F F F F F F F F F F F F F F F F F F F F F F F F F F F F F F F F F F F F F F F F F F F F F F F F F F F F F F F F F F F F F F F F F F F F F F F F F F F F F F F F F F F F F F F F F F F F F F F F F F F F F F F F F F F F F F F F F F F F F F F F F F F F F F F F F F F F F F F F F F F F F F F F F F F F F F F F F F F F F F F F F F F F F F F F F F F F F F F F F F F F F F F F F F F F F F F F F F F F F F F F F F F F F F F F F F F F F F F F F F F F F F F F F F F F F F F F F F F F F F F F F F F F F F F F F F F F F F F F F F F F F F F F F F F F F F F F F F F F F F F F F F F F F F F F F F F F F F F F F F F F F F F F F F F F F F F F F F F F F F F F F F F F F F F F F F F F F F F F F F F F F F F F F F F F F F F F F F F F F F F F F F F F F F F F F F F F F F F F F F F F F F F F F F F F
  <DiscreteSampler_grid>
  grouped_processes
  1 # 1 for a reference and 2 for a running grid.
  10 # Attribute 'min_bin_probing_points' of the grid.
  1 # Attribute 'grid_mode' of the grid. 1=='default',2=='initialization'
  0.0000000000000000 # Attribute 'small_contrib_threshold' of the grid.
  0.5000000000000000 # Attribute 'damping_power' of the grid.
 # binID   n_entries weight   weight_sqr   abs_weight
    19   10   1.475915832097736E-001   4.556716614010779E-002   1.475915832097736E-001
    20   10   1.475915832097732E-001   4.556716614010758E-002   1.475915832097732E-001
    22   10   3.350073192810611E-002   2.148804079769217E-003   3.350073192810611E-002
    23   10   3.350073192810603E-002   2.148804079769206E-003   3.350073192810603E-002
    25   10   1.865866577246878E-001   1.028451499722741E-001   1.865866577246878E-001
    26   10   1.865866577246875E-001   1.028451499722739E-001   1.865866577246875E-001
    28   10   4.901635952185775E-002   7.810696146052494E-003   4.901635952185775E-002
    29   10   4.901635952185767E-002   7.810696146052479E-003   4.901635952185767E-002
    34   10   1.475915832097736E-001   4.556716614010776E-002   1.475915832097736E-001
    35   10   1.475915832097732E-001   4.556716614010756E-002   1.475915832097732E-001
    37   10   3.350073192810611E-002   2.148804079769217E-003   3.350073192810611E-002
    38   10   3.350073192810604E-002   2.148804079769206E-003   3.350073192810604E-002
    40   10   1.865866577246877E-001   1.028451499722740E-001   1.865866577246877E-001
    41   10   1.865866577246874E-001   1.028451499722738E-001   1.865866577246874E-001
    43   10   4.901635952185773E-002   7.810696146052497E-003   4.901635952185773E-002
    44   10   4.901635952185766E-002   7.810696146052484E-003   4.901635952185766E-002
  </DiscreteSampler_grid>
