  0.00000133985289721  0.00000142917690186  0.00000148713974006  0.00000153277950845
  0.00000158066256017  0.00000163430293490  0.00000168872414681  0.00000174866835815
  0.00000180635552017  0.00000186813282538  0.00000193044196809  0.00000199142856024
  0.00000205483459609  0.00000212241700538  0.00000219431383425  0.00000227087263871
  0.00000235021583567  0.00000243077307864  0.00000251581696888  0.00000260560378394
  0.00000268913811370  0.00000277179783485  0.00000285808176947  0.00000295084642157
  0.00000305290206325  0.00000315718256367  0.00000326433327895  0.00000336902060759
  0.00000348494009579  0.00000360769557719  0.00000372902258121  0.00000385408371195
  0.00000398514678501  0.00000413246407751  0.00000429266654289  0.00000445992318215
  0.00000463254088516  0.00000481259538618  0.00000500755525926  0.00000519473319886
  0.00000538060670656  0.00000558523267363  0.00000580306296054  0.00000602815541142
  0.00000625962104651  0.00000650351066731  0.00000678089193009  0.00000706910929870
  0.00000736461884042  0.00000768826952902  0.00000801736906466  0.00000834742338231
  0.00000868884958518  0.00000905386627318  0.00000946464553057  0.00000988557016332
  0.00001038160946939  0.00001092677067804  0.00001154774338089  0.00001223083329105
  0.00001294762577654  0.00001370780199163  0.00001456399123681  0.00001554113905176
  0.00001659393132266  0.00001777534187769  0.00001903408908544  0.00002051545550032
  0.00002196848246227  0.00002360407041785  0.00002538219277337  0.00002737570915767
  0.00002972747499630  0.00003213642633600  0.00003458823850766  0.00003731470565108
  0.00004029200654975  0.00004405755072885  0.00004891059153745  0.00005545163929593
  0.00006308345721858  0.00007203053597005  0.00008398536427450  0.00010082834019729
  0.00012326281028980  0.00015121686767062  0.00018695373029155  0.00023383261343462
  0.00031145856459250  0.00042795892706256  0.00056482140942696  0.00086418739019695
  0.00167933160814173  0.00371845261451776  0.02754844056889649  1.00000000000000000
  0.00000013699759499  0.00000016621750981  0.00000020854444545  0.00000026198954599
  0.00000032769029445  0.00000040048256805  0.00000048737947043  0.00000059193287977
  0.00000071273719503  0.00000084466602073  0.00000099013697436  0.00000115684385005
  0.00000135384440433  0.00000158590141074  0.00000183459767410  0.00000212754166039
  0.00000244061982871  0.00000279692095318  0.00000318015402436  0.00000363309947722
  0.00000418601724884  0.00000483699001989  0.00000561106677161  0.00000648444917805
  0.00000740760224919  0.00000848461144768  0.00000948117665321  0.00001049353100326
  0.00001169766064671  0.00001310593369135  0.00001470596997044  0.00001658413156628
  0.00001896814576362  0.00002172355499627  0.00002457968997119  0.00002752196050073
  0.00003071413119074  0.00003452133183844  0.00003887054693731  0.00004382694674883
  0.00004926236240860  0.00005512194790774  0.00006138742082242  0.00006807057564906
  0.00007579030476554  0.00008429355293195  0.00009284131749918  0.00010159660437553
  0.00011059190907586  0.00012095218279412  0.00013363719949468  0.00014767778846974
  0.00016175267726144  0.00017583051786018  0.00019105033075276  0.00020827684477063
  0.00022809975201227  0.00024965234446607  0.00027209757289054  0.00029672476052998
  0.00032444174798569  0.00035565827728076  0.00039153011143193  0.00043025031678389
  0.00047161254289224  0.00051942466908728  0.00057511980336058  0.00062935502672438
  0.00068436721279002  0.00075202607711394  0.00081742405567555  0.00088512284574508
  0.00095125842415843  0.00102669715511413  0.00110253066261929  0.00117100170084906
  0.00124375810631716  0.00133598701498899  0.00145218160678734  0.00159171803761043
  0.00174660751407614  0.00190230420913735  0.00207662777297669  0.00232924179443493
  0.00275891800482610  0.00329904473685768  0.00376755114121938  0.00425156790019538
  0.00491226158396397  0.00561809606753108  0.00628645381218430  0.00708106233244802
  0.00815950524077032  0.01183035862786195  0.02826050043480639  1.00000000000000000
  0.00000167430919707  0.00000175615517486  0.00000186358323645  0.00000199160148587
  0.00000210270757573  0.00000221537001870  0.00000232216469863  0.00000242341021605
  0.00000253587682475  0.00000268044485925  0.00000286924400965  0.00000309626519709
  0.00000332522637058  0.00000354678703421  0.00000376934315742  0.00000399682778023
  0.00000421481126004  0.00000444797852978  0.00000470092205520  0.00000495439470788
  0.00000524835272409  0.00000557515239315  0.00000591045947433  0.00000625119662165
  0.00000660383287872  0.00000698174419701  0.00000739552127685  0.00000784361470687
  0.00000834083540188  0.00000881945226978  0.00000939226854799  0.00000996795489286
  0.00001052910344823  0.00001108032453118  0.00001164913493532  0.00001224845100519
  0.00001290226789021  0.00001363924765226  0.00001444195676636  0.00001542937137266
  0.00001653487010859  0.00001775720606697  0.00001901544326320  0.00002028324544134
  0.00002159893435808  0.00002307633823495  0.00002467409892422  0.00002630763887298
  0.00002803286103549  0.00002985842174778  0.00003194523138176  0.00003448464206095
  0.00003718910963114  0.00004013151799937  0.00004316068141732  0.00004624650936677
  0.00004941544777899  0.00005291420598255  0.00005661133917109  0.00006050274684451
  0.00006472551879744  0.00006952413185513  0.00007550150857241  0.00008168275706637
  0.00008811245879634  0.00009474835561613  0.00010255051322843  0.00011147165986340
  0.00012234601337168  0.00013541314062997  0.00015059541423151  0.00016588359575023
  0.00018259530092671  0.00020152798027935  0.00022302865381250  0.00024918751500774
  0.00027959142807579  0.00030847728256860  0.00034097399514798  0.00037711438384931
  0.00042040949512710  0.00047216234618198  0.00053431229374790  0.00061734128619377
  0.00074075437973876  0.00090590499085973  0.00109040937246279  0.00126524590555029
  0.00151352755460632  0.00204900705381830  0.00279436479230993  0.00369040673277556
  0.00496136924944601  0.00698393476123931  0.07157184442189783  1.00000000000000000
  0.00000168405205165  0.00000232449743709  0.00000277693559955  0.00000321016492611
  0.00000369948172156  0.00000422613707347  0.00000477813762727  0.00000540532520055
  0.00000605332458401  0.00000670496883968  0.00000743544042182  0.00000823438674475
  0.00000907988554473  0.00000997025856058  0.00001087425555725  0.00001174139628947
  0.00001267131397340  0.00001365612124633  0.00001481400734290  0.00001603774578770
  0.00001729721018167  0.00001857558142692  0.00001997810936722  0.00002160838944953
  0.00002344379598177  0.00002538118359402  0.00002750182308380  0.00002975006760177
  0.00003218065388895  0.00003495773681019  0.00003814850714589  0.00004165252470568
  0.00004539483649220  0.00004941035284369  0.00005372902750709  0.00005831887018530
  0.00006323544991269  0.00006854941443591  0.00007474740461202  0.00008249424287268
  0.00009083545272662  0.00009957717790325  0.00010877852915156  0.00011872836938752
  0.00012868920872717  0.00013911937816299  0.00015060257841512  0.00016337273338837
  0.00017830511085058  0.00019442053529942  0.00021176680305470  0.00023001152532732
  0.00024829360120901  0.00026796989212039  0.00028847144381256  0.00031194912281741
  0.00033815706245072  0.00036963870250653  0.00040950199089312  0.00045425100432937
  0.00050030415949331  0.00054514106262008  0.00058698197868846  0.00062736858590063
  0.00067106349539305  0.00071978900406235  0.00077842598933593  0.00084278445651148
  0.00090093315016737  0.00096440743417202  0.00105449676949475  0.00116684782664075
  0.00128495564930835  0.00136399963439107  0.00142171551293139  0.00147705317969679
  0.00153511147570709  0.00160077690359437  0.00165285900848842  0.00169735729066885
  0.00173932540471741  0.00178321005822163  0.00183553403332887  0.00189126722828305
  0.00195856806773818  0.00202559027494051  0.00221991747246725  0.00252136562861792
  0.00277238571294316  0.00306432402544574  0.00341922459005517  0.00381698886627850
  0.00423174190831575  0.00498499623125164  0.01756053454673676  1.00000000000000000
 -0.00157671199768129  0.00560517242099403  0.01198325431917491  0.01873249310067706
  0.02598936641685519  0.03318604660810851  0.03999068449176933  0.04674396369156742
  0.05415622372908631  0.06252089403058149  0.07125395527591948  0.07905121184281132
  0.08751151790131943  0.09606491130324565  0.10477802970180314  0.11366497769217974
  0.12216229631647957  0.13125861748317227  0.14125615594219454  0.15067203827602202
  0.16002915043545793  0.16899811854819111  0.17677420828172200  0.18430046371363609
  0.19239042395399877  0.20119972128424612  0.20935031360570794  0.21698609239127514
  0.22469529866049703  0.23425096237884230  0.24587603923655538  0.25747755078346868
  0.26897266927632135  0.28047090009829972  0.29267642216015999  0.30527590049014836
  0.31863114856340502  0.33112702874366562  0.34354333905082157  0.35647099546110594
  0.37116258098895821  0.38586724327751232  0.39970267404598747  0.41273675494721290
  0.42621884175471481  0.44085712542972844  0.45603696177034536  0.47059933918795216
  0.48521428043509701  0.50046617778672264  0.51645146073288994  0.53401238962121578
  0.55121201476091219  0.56694568111176491  0.58099836819189354  0.59463896972710495
  0.60812772084994604  0.62204894421865187  0.63454939716373615  0.64703979083003671
  0.65947987609125402  0.67178702160642223  0.68408951165962206  0.69691435744505537
  0.71002243944003018  0.72320694919612183  0.73597841584138357  0.74842142546052814
  0.75963668663766315  0.77102672238809500  0.78230956309096200  0.79320117049017091
  0.80278377619671326  0.81297243495415039  0.82414567235301617  0.83472719948444374
  0.84370951838515407  0.85260314907865553  0.86194469069014412  0.87154138189035357
  0.88083692993293616  0.88957378840608359  0.89827731151040646  0.90720241714568828
  0.91588800800753034  0.92394189512601210  0.93137966817120110  0.93891818964165286
  0.94652704943662314  0.95465857759156447  0.96296314952291373  0.97109552075948857
  0.97880195225582567  0.98585538908041870  0.99311314069464340  1.00000000000000000
 -0.00310789201956862  0.01183775660990666  0.02320695033301780  0.03374538273023312
  0.04388193123480416  0.05386198147774005  0.06364374209681954  0.07383850727203400
  0.08497185372019186  0.09608685294932237  0.10678554698243913  0.11661663751236770
  0.12657081672680784  0.13689655538792317  0.14623629359282370  0.15542000700287478
  0.16484560848810059  0.17436929372668417  0.18181891554839169  0.18908297527940232
  0.19676829659401487  0.20588831837887978  0.21629046817749326  0.22694012972311620
  0.23701323078381048  0.24697124588946737  0.25756991895837472  0.26841784522182899
  0.27836891084714532  0.28739147797824782  0.29634477635339029  0.30588627453127620
  0.31601477370058068  0.32631360665101888  0.33647276819622879  0.34656757492302065
  0.35721132493464158  0.36837485050423524  0.37953046130111534  0.39133745354296101
  0.40305877848301430  0.41550720665642760  0.42724881186293551  0.43865098458688190
  0.44977327162731823  0.46133273998127483  0.47399374567937003  0.48685534743669423
  0.49928918750271600  0.51169580369070045  0.52344917829172366  0.53432722905908447
  0.54453276270055628  0.55423057096228379  0.56405844087328216  0.57423677832682629
  0.58508796433566779  0.59602156001515838  0.60720830727044450  0.61811637772127404
  0.62863078827479557  0.63889259877709148  0.64901957521706111  0.66024809147426533
  0.67089281596321415  0.68122766790194844  0.69190394853444692  0.70357837051091376
  0.71540120262016316  0.72682636858510075  0.73754438244514053  0.74744974156075594
  0.75719758161037676  0.76702255153426502  0.77670017634325006  0.78624965842394456
  0.79616476795291591  0.80673166301134347  0.81747773569525972  0.82865473035997528
  0.83975769569445446  0.85153927890190240  0.86342784953861573  0.87569006637984959
  0.88619109947624730  0.89585092490683804  0.90531222793968491  0.91518734160856574
  0.92543705174264934  0.93579762878862638  0.94629021920849610  0.95667195374163516
  0.96668559768001971  0.97683188653448350  0.98828895620386725  1.00000000000000000
 -0.00133611681882378  0.00855698048950457  0.01815633096192682  0.02753319752091011
  0.03894223353398858  0.05104437843675338  0.06364599228926807  0.07527807067447372
  0.08649062787577311  0.09727404460365419  0.10753972646164936  0.11816080830951597
  0.12811157188067246  0.13813932521426642  0.14785180277007298  0.15741463828054042
  0.16769990942967716  0.17882669414605903  0.19044036132732375  0.20218076951116293
  0.21379738531488227  0.22573508942897932  0.23765430631733839  0.24905930765250589
  0.26048395684938447  0.27192461061245621  0.28413504316331561  0.29636803807976964
  0.30856015577395346  0.32057139917763583  0.33229492602526861  0.34388935532744291
  0.35725946444981221  0.37024467418327112  0.38339275559755298  0.39542703662748063
  0.40682605052334286  0.41881151321578797  0.43195528617889811  0.44342225602510743
  0.45290417648008363  0.46312757193185550  0.47374827219215043  0.48368421864810163
  0.49352010739033131  0.50430197863543913  0.51754218511389627  0.52927043001784402
  0.54091957034262739  0.55336487090682973  0.56551590023400888  0.57755143958911870
  0.59018803824477495  0.60381650896513672  0.61661927709847508  0.62905656001038446
  0.64148815379613444  0.65284271495029134  0.66383321075677260  0.67514595270018507
  0.68699837128389385  0.69826413367140217  0.70935231595576287  0.72090165679347773
  0.73159349722587119  0.74141247019922984  0.75055670679012620  0.75947148463107705
  0.76835494422603434  0.77674012288562355  0.78553891456289759  0.79487965769069380
  0.80405748831158197  0.81278506248314575  0.82028436748013522  0.82752104329194376
  0.83512224998775819  0.84385434896604816  0.85334988373229781  0.86267856563731216
  0.87130194991848275  0.87960160879749660  0.88793757388466543  0.89616658629951029
  0.90482740482860124  0.91366146151622585  0.92295008041010973  0.93289620373678950
  0.94237483797432797  0.95263984908596733  0.96220387008670838  0.97038317559198484
  0.97787539206192531  0.98485002066003169  0.99224893577086903  1.00000000000000000
 -0.00206557336326594  0.00782896577660923  0.01530434154811935  0.02369057220076382
  0.03287357203845506  0.04347839256966501  0.05444443766028675  0.06523983681096537
  0.07726935961958545  0.08923901951811733  0.10107259700048450  0.11286128665660679
  0.12388667776064004  0.13457917718329016  0.14437422672071665  0.15275416711062567
  0.16065832724935702  0.16974333058142366  0.17924860408930640  0.18797199319793187
  0.19628576984233292  0.20401551891023034  0.21440793980058201  0.22569857119357137
  0.23618307788738988  0.24624309748230083  0.25651196433497780  0.26708353418775099
  0.27769925355316316  0.28856342884605013  0.30065829422721929  0.31343467237731865
  0.32391265998716923  0.33412652355639688  0.34476702579675983  0.35637306035364419
  0.36747717457170087  0.37815634851974056  0.38949938672626927  0.40159545616654307
  0.41427211116289508  0.42726383398370221  0.43950844582464910  0.45030049774358805
  0.46090216043002014  0.47150624621494891  0.48191898752805495  0.49172578491072927
  0.50266782692664513  0.51446366974439417  0.52564409424799186  0.53616610548723342
  0.54617574038476646  0.55626766266834327  0.56611513185087114  0.57593926323205669
  0.58623788609830685  0.59696446110779999  0.60779311873066466  0.61868290060758369
  0.62893763146880577  0.63972667057085120  0.65081534764195381  0.66261842776739266
  0.67472675121061654  0.68640139295690605  0.69754523677081970  0.70848970414551082
  0.71973227877308188  0.73127781223125821  0.74176019835957097  0.75226048321014560
  0.76060499076649324  0.76931341490661442  0.77863167150620816  0.78846187680458268
  0.79964205909980701  0.81095185617055476  0.82288042807412509  0.83459933583150869
  0.84597270648225875  0.85715378724051250  0.86824314399502289  0.88062935735927306
  0.89278185703035229  0.90348162537398324  0.91302602704741243  0.92248134631009404
  0.93214059772590030  0.94094480723001139  0.94992961813637744  0.95924036520852751
  0.96982149588140720  0.98025636051311438  0.99008488286012075  1.00000000000000000
 -0.00219619080776612  0.00777434757957359  0.01698077522913274  0.02596839096751220
  0.03576722800494175  0.04719514141768375  0.05958324242108172  0.07168721227211620
  0.08338294122906954  0.09475161792470557  0.10598872119864691  0.11639288824953199
  0.12673622860812722  0.13751069418486053  0.14894199078377568  0.16026466502234038
  0.17132500908462084  0.18240858793930093  0.19296073667934463  0.20285007284262091
  0.21252504639513786  0.22340231916723130  0.23595152335885622  0.24998189219008379
  0.26334143130687426  0.27527536097906363  0.28615882367327811  0.29670636139770895
  0.30735728592699307  0.31789608735220437  0.32773444456361134  0.33823868800241580
  0.34953100940677395  0.36214784024496510  0.37335870870066024  0.38312123419242988
  0.39201605012901303  0.40070139950096040  0.40942831678315911  0.42085563613718718
  0.43207338107899179  0.44315490393659118  0.45353395721420364  0.46408234819162614
  0.47464721403158006  0.48479785083063781  0.49552543963861284  0.50635981228576155
  0.51759725295896142  0.52939304358685113  0.54100829978168363  0.55333632934291643
  0.56428143883647286  0.57457297147937925  0.58436210959820767  0.59423045194530000
  0.60498309907817760  0.61550272523467797  0.62687656896157118  0.63944692847328755
  0.65146323291484609  0.66244197638650726  0.67203598686643162  0.68058169544215164
  0.68947185518072895  0.69775494948079031  0.70581934337921570  0.71306910798521594
  0.72075669583617752  0.72882401164937549  0.73935724625063426  0.75070072114251518
  0.76152312900824537  0.77211712612303918  0.78284632513485242  0.79341028320444407
  0.80368043260568123  0.81380835506154559  0.82457838411211415  0.83615105701886294
  0.84754050377172174  0.85919635338883171  0.86969820702919676  0.88008258438835540
  0.89004022014650108  0.89987173458504777  0.90925687456957682  0.91883111893789893
  0.92886555462518128  0.93884461247720652  0.94865125833770136  0.95825894609313278
  0.96843407396765890  0.97852351156464079  0.98932672375655106  1.00000000000000000
 -0.00012213745979464  0.00028184452331710  0.00056398809318504  0.00075881982526299
  0.00092033605930302  0.00107962797584298  0.00123786513092433  0.00139553942486623
  0.00154832294608864  0.00169340145373868  0.00182839278828450  0.00195978886021500
  0.00209186307479707  0.00222753716883508  0.00236481988121264  0.00250304770722919
  0.00264262321065810  0.00277237423489552  0.00289754364620183  0.00302320132004244
  0.00315119913574439  0.00327607672765575  0.00338700904077647  0.00349519175265516
  0.00360167775217685  0.00370178644865364  0.00380311802367441  0.00391423866095864
  0.00402947770073462  0.00414956482624579  0.00429220670445209  0.00444903822061697
  0.00461757733051366  0.00479567666684286  0.00497680648030180  0.00513919993416881
  0.00530472551381181  0.00547481144988258  0.00565596711499205  0.00583588284471401
  0.00600059433446072  0.00615020394512640  0.00629548649754101  0.00646378338029647
  0.00665727696786160  0.00687253728414035  0.00707684431269412  0.00726020028375458
  0.00745966844953744  0.00768493547606715  0.00790496309468227  0.00810172552017377
  0.00828829653611360  0.00847332602230581  0.00870726505659590  0.00893521969262452
  0.00917369205670388  0.00940729585530928  0.00968137671095254  0.00994838476969082
  0.01019336333784819  0.01043168542372456  0.01068972995609601  0.01107628106864051
  0.01141355492081659  0.01172938037645338  0.01208553763628952  0.01248279488317112
  0.01299209866585724  0.01343013629291459  0.01384372203235398  0.01426625883376282
  0.01470524038043276  0.01516886370786633  0.01553818896948078  0.01587030986483079
  0.01619723557693259  0.01667356197613976  0.01748090985178580  0.01873140997379019
  0.02028105829547334  0.02235912688901447  0.02422890553502888  0.02516385892209648
  0.02668418878945823  0.02762704725395823  0.02865297910349849  0.03091732252674951
  0.03284353025832758  0.03381236971161993  0.03645719300955465  0.03782799391074344
  0.03936327114856510  0.04111160803482386  0.42489326930997823  1.00000000000000000
 -0.00228929921305596  0.01026679518608233  0.02153001729354527  0.03206869477100067
  0.04160512298484728  0.04954513826264825  0.05760453039622455  0.06595994327808655
  0.07473310254837998  0.08315300720370181  0.09131611917564014  0.09997325029868684
  0.10974606655876792  0.12095317677085221  0.13209378185016388  0.14273400070861003
  0.15330746272074133  0.16402590796896266  0.17538184761383346  0.18728902465087424
  0.19893516670646280  0.21071253963922085  0.22237602047420563  0.23381976975816562
  0.24460682129543551  0.25569392699179311  0.26705641363069871  0.27809290878579135
  0.28902025289930872  0.30020380804822677  0.31099800327991767  0.32100472011045972
  0.33068125601119874  0.34058993684549022  0.35024658805468900  0.36023595942774433
  0.37070933114113269  0.38146164708183072  0.39240948163808487  0.40384348920264984
  0.41636710936927546  0.43000654892109130  0.44293062154882001  0.45396336553402655
  0.46486674313377924  0.47620042316255584  0.48734869597663844  0.49885033013312585
  0.51151104334857833  0.52449421350650960  0.53697435128201576  0.55010490809491908
  0.56155983961180955  0.57184318193766481  0.58127600716335071  0.59020178923442246
  0.59986289439768703  0.61057587697305371  0.62177488057747399  0.63267206599274572
  0.64340084477100812  0.65493956859914126  0.66727199041670038  0.67926517566603661
  0.69062642074042468  0.70140497293896087  0.71180107402750359  0.72116577304075524
  0.73030542836743750  0.74019042101404575  0.75108017255316328  0.76302181496060317
  0.77463710832437915  0.78570461779456824  0.79678437807832692  0.80811602377137193
  0.81929857612994350  0.82931900018568450  0.83855038534114357  0.84760767038018692
  0.85710003014415470  0.86769110044781572  0.87859993842633788  0.88919697937665587
  0.89949175719532093  0.90966495705220562  0.91988339442494260  0.92952874543735453
  0.93845075465229166  0.94745708033620735  0.95629234517358586  0.96559293162610926
  0.97393796648626552  0.98221785714955312  0.99116216513459687  1.00000000000000000
  0.49553604895776981  0.54683497345311272  0.57617211696965698  0.59133248112527870
  0.60024822839109582  0.60993917165487344  0.62118710763181539  0.63311990449313904
  0.64389435221129909  0.65389191518510648  0.66221194736855871  0.66963901636776446
  0.67698496326283253  0.68685910288407526  0.69685776475890948  0.70601683614819111
  0.71431314329823770  0.72322650019457868  0.73251607571803745  0.73989247177645068
  0.74636027914437120  0.75295729854362048  0.76022784126029430  0.76794161514355241
  0.77574685278780853  0.78299482044521518  0.78933690715652516  0.79567196734515666
  0.80169895106100075  0.80722816421493671  0.81218145394100494  0.81711743797932479
  0.82223460468744791  0.82748309886606874  0.83242708357348882  0.83748162755836852
  0.84265278556327561  0.84781692567519817  0.85262106751271971  0.85710699428676707
  0.86139034724089314  0.86555672367889014  0.86975189058094848  0.87416636870326048
  0.87820792093696487  0.88256116779387972  0.88676035857569691  0.89090385237537117
  0.89475226102994276  0.89835040615673722  0.90182657626645246  0.90528770290059946
  0.90871688345278256  0.91197527119917055  0.91526628354443795  0.91855874960317851
  0.92165392339324914  0.92454623741887820  0.92730895360704069  0.92994521315782208
  0.93261482151174258  0.93524942118168408  0.93770591917640012  0.94004572028131228
  0.94234201901423198  0.94462275414393104  0.94691025558631325  0.94917405294270352
  0.95143220778899984  0.95363831201521765  0.95575988552725955  0.95774433357939592
  0.95957906209532362  0.96137367772159132  0.96311347486335575  0.96478905353835998
  0.96645926396441961  0.96814580208792456  0.96983001562105065  0.97148406663967868
  0.97313889373873264  0.97506635073483405  0.97701686956442779  0.97899534026608948
  0.98091005379167084  0.98268566401258139  0.98437339427917792  0.98600868228701344
  0.98762635377868691  0.98917596459921198  0.99072309109162948  0.99229065234810498
  0.99391207826127281  0.99568838749394173  0.99771022558675115  1.00000000000000000
 -0.02095851383939234  0.12837286158201866  0.17256847476162537  0.20192036122508486
  0.22896672685583055  0.25269438066138811  0.27211428786747710  0.28961988042326986
  0.30618502442718531  0.32105403600108501  0.33527197122080038  0.34913300619913706
  0.36218986674248771  0.37407739374183646  0.38609342666372354  0.39754517032133396
  0.40814305871186096  0.41848564778464248  0.42952649931709314  0.44050979209422797
  0.45125546314571896  0.46147773347772592  0.47120421860167344  0.48036995354008011
  0.48846276783298515  0.49594369359372559  0.50321610042708986  0.51045236285925966
  0.51782715288820502  0.52542619709806482  0.53303833805891643  0.54023379334166988
  0.54714132945112959  0.55387566078740202  0.56026979737686999  0.56672762549048605
  0.57307106071979708  0.57974586074674739  0.58629412354835908  0.59313062240191683
  0.59950272023860451  0.60621491264324312  0.61273822252960908  0.61931402350054243
  0.62565023164529188  0.63180193138959939  0.63788768817776242  0.64379355353272039
  0.64983775673177246  0.65565936658173163  0.66116090508735381  0.66663198496094966
  0.67199091989447568  0.67717607582885286  0.68232754485209657  0.68735968046715545
  0.69231946890471174  0.69725333065540696  0.70219472914929038  0.70733930440135895
  0.71336175131869017  0.71908029684064745  0.72444230653052588  0.72979998513574973
  0.73505799166587094  0.74056625505129459  0.74611043346068184  0.75119711257807276
  0.75596584272102751  0.76063493914339497  0.76562229196669784  0.77041812973433788
  0.77500678885076502  0.77943827669213139  0.78371587741882220  0.78794729892213122
  0.79229341763106043  0.79681756390590719  0.80143500622627806  0.80619308506980303
  0.81113268691583618  0.81614858764519904  0.82083899581693798  0.82509725908519171
  0.82923281106037838  0.83401523189101845  0.84064232157269092  0.84851198032067165
  0.85683062004196964  0.86521125922543884  0.87402135420689886  0.88504171288806166
  0.89969621991287108  0.92186907937572515  0.95547206974113430  1.00000000000000000
   5.6944297684585530E-007  -1.0000000000000000     
 F F F F F F F F F F F F F F F F F F F F F F F F F F F F F F F F F F F F F F F F F F F F F F F F F F F F F F F F F F F F F F F F F F F F F F F F F F F F F F F F F F F F F F F F F F F F F F F F F F F F F F F F F F F F F F F F F F F F F F F F F F F F F F F F F F F F F F F F F F F F F F F F F F F F F F F F F F F F F F F F F F F F F F F F F F F F F F F F F F F F F F F F F F F F F F F F F F F F F F F F F F F F F F F F F F F F F F F F F F F F F F F F F F F F F F F F F F F F F F F F F F F F F F F F F F F F F F F F
  <DiscreteSampler_grid>
  grouped_processes
  1 # 1 for a reference and 2 for a running grid.
  10 # Attribute 'min_bin_probing_points' of the grid.
  1 # Attribute 'grid_mode' of the grid. 1=='default',2=='initialization'
  0.0000000000000000 # Attribute 'small_contrib_threshold' of the grid.
  0.5000000000000000 # Attribute 'damping_power' of the grid.
 # binID   n_entries weight   weight_sqr   abs_weight
    13   10   6.429394756961951E-001   2.018233717185537E+000   6.429394756961951E-001
    14   10   6.429394756961948E-001   2.018233717185534E+000   6.429394756961948E-001
    16   10   1.634575703710834E-001   1.255530301420092E-001   1.634575703710834E-001
    17   10   1.634575703710833E-001   1.255530301420091E-001   1.634575703710833E-001
  </DiscreteSampler_grid>
