 -0.00232428648848516  0.01036712754317607  0.02147207643858482  0.03207223265807530
  0.04231443873612831  0.05175070038450360  0.06115784244656036  0.07112017668192039
  0.08100798477841883  0.09129511551309334  0.10166495307278151  0.11252856618816603
  0.12307626250954593  0.13383240788732467  0.14452761989238186  0.15521177401883882
  0.16567594281159573  0.17593722313303756  0.18611236344850543  0.19601379252616338
  0.20579364805934697  0.21562274237950385  0.22562865239486751  0.23617846802848713
  0.24687228063702360  0.25719749368740003  0.26732892384073359  0.27755492898740464
  0.28796612339443300  0.29825571582799959  0.30828917404730577  0.31845442252698591
  0.32871310673671478  0.33908313431771941  0.34965824521289318  0.36007933396729147
  0.37084073001603940  0.38150934811391551  0.39213016916869714  0.40246104764677548
  0.41285352560662658  0.42313289815051031  0.43326746469721961  0.44363276784239880
  0.45445313613909932  0.46539166141683880  0.47637917619410924  0.48715435597798601
  0.49799011178953578  0.50889469203213888  0.51957617026633329  0.53010549576469734
  0.54054013239087795  0.55064467106350268  0.56104773651562978  0.57172828089515038
  0.58290008645603364  0.59379092426321034  0.60429810594954703  0.61444661625586705
  0.62447754092157215  0.63447491212279827  0.64442362086459681  0.65437577465825725
  0.66479045199500630  0.67552233148304097  0.68630079652417475  0.69685032029480265
  0.70724491805113576  0.71759648719820779  0.72773705246510789  0.73808600459813756
  0.74875136500154660  0.75942522729186490  0.76999008372470645  0.78047799885672486
  0.79035357798594297  0.80077016165109083  0.81147767672940907  0.82309133386880429
  0.83488018141960729  0.84655920216040670  0.85780647322623238  0.86884322410872050
  0.87939042222399844  0.88976228858098483  0.90043971816602542  0.91145419480890788
  0.92263299166753432  0.93276029054645149  0.94292323267211997  0.95308071025323582
  0.96481296877763179  0.97631850459330605  0.98819014768128943  1.00000000000000000
  0.00004703716775216  0.00005409134827390  0.00005977516200189  0.00006478829294506
  0.00006904017285985  0.00007289526107003  0.00007661411856825  0.00008022908190858
  0.00008374139075092  0.00008715087810778  0.00009048581711782  0.00009374933225517
  0.00009698091750369  0.00010026039596932  0.00010353314383678  0.00010692351165874
  0.00011037643748195  0.00011388505230675  0.00011740334028415  0.00012097352778347
  0.00012449533499172  0.00012796972197476  0.00013156838935674  0.00013525441465161
  0.00013898031624571  0.00014288920047930  0.00014686273408594  0.00015076597624254
  0.00015470018673782  0.00015887948973631  0.00016316292553177  0.00016744202586171
  0.00017181504774346  0.00017624418221743  0.00018083614920531  0.00018565545252951
  0.00019102524655419  0.00019663966870400  0.00020225562766764  0.00020786870478733
  0.00021362609248066  0.00021955514894754  0.00022551052582203  0.00023236999610420
  0.00023887686636376  0.00024541964606478  0.00025197525493277  0.00025854496823784
  0.00026546429996884  0.00027315352866501  0.00028189302580673  0.00029148658744215
  0.00030128449939566  0.00031141800742088  0.00032167466828677  0.00033166945388735
  0.00034209187004045  0.00035319183827585  0.00036517224469617  0.00037780420929451
  0.00039107956432449  0.00040525255711595  0.00042041452856168  0.00043662436296541
  0.00045251053445040  0.00046912893495385  0.00048601886865005  0.00050637994961264
  0.00052677460671825  0.00054691784840748  0.00056846936941071  0.00059357135559043
  0.00062585808228932  0.00065460030465791  0.00068136717908934  0.00070990794606630
  0.00074359379348833  0.00078538291488624  0.00082943784733166  0.00087483305954028
  0.00092518075746680  0.00097921898297459  0.00104757322658041  0.00113035238827378
  0.00121773368715783  0.00132276329684003  0.00145709043014555  0.00161016387464837
  0.00180912776724267  0.00204651839984806  0.00233908385181815  0.00272493461014823
  0.00326038199546121  0.00426859313086732  0.00809399570343368  1.00000000000000000
  0.00006739734167407  0.00008962699632656  0.00009867943275846  0.00010540178263980
  0.00011196461939541  0.00011823636556968  0.00012418060840455  0.00012993528429011
  0.00013571341526235  0.00014156041779971  0.00014748839823001  0.00015366591459551
  0.00016017761771095  0.00016694283322841  0.00017365705784316  0.00018040563234578
  0.00018739397383947  0.00019475991430564  0.00020243938831164  0.00021019844038999
  0.00021783330617712  0.00022568553528937  0.00023410836765418  0.00024314865479578
  0.00025244088383773  0.00026183282246321  0.00027138164514539  0.00028152831130474
  0.00029216967508447  0.00030264661170664  0.00031302851303790  0.00032343160654017
  0.00033410128690616  0.00034611685975929  0.00035840058347913  0.00037065051041711
  0.00038305711716625  0.00039577644409497  0.00041002329944411  0.00042513811440249
  0.00044057879995707  0.00045597502332950  0.00047171025423719  0.00048840163477665
  0.00050668899527505  0.00052590705798908  0.00054608712448505  0.00056686817178092
  0.00058900876067954  0.00061325533435535  0.00063862188775628  0.00066419832829533
  0.00069008858022416  0.00071692428724161  0.00074767626499327  0.00078162285365220
  0.00081720531487631  0.00085308452754429  0.00089186196216127  0.00093154207547338
  0.00097297226952717  0.00101447587113195  0.00105641894212762  0.00110537286100502
  0.00115662127271393  0.00121273560912820  0.00127458441099424  0.00133988288768447
  0.00140511043907110  0.00146976845704808  0.00154391086979979  0.00163050163573757
  0.00172533711138189  0.00183151833441784  0.00195424614780312  0.00209017400935947
  0.00223577248241238  0.00239744189640065  0.00257657002404449  0.00278742841078755
  0.00305097801377688  0.00332911044328448  0.00366011286081263  0.00402357616777771
  0.00441862746128726  0.00483848867432494  0.00536979044237728  0.00605333433971939
  0.00702878967927081  0.00826053389973333  0.00991709369275105  0.01219946379804331
  0.01466888648114918  0.01975974615312373  0.06948133548790070  1.00000000000000000
  0.00000186082209074  0.00000189660199410  0.00000195366354118  0.00000201361602802
  0.00000207440964251  0.00000213308810281  0.00000220131386201  0.00000227247892044
  0.00000234587725291  0.00000242423449842  0.00000251630013266  0.00000262615050038
  0.00000274487829942  0.00000287200252528  0.00000301519177956  0.00000316984171335
  0.00000331494157791  0.00000347914130824  0.00000364934730920  0.00000383324162171
  0.00000403029490122  0.00000424432086413  0.00000448335978840  0.00000473775673299
  0.00000500065119851  0.00000527290019866  0.00000556230599605  0.00000589494138433
  0.00000623969630776  0.00000661828663591  0.00000701705237999  0.00000744243498525
  0.00000790653226991  0.00000840449759283  0.00000893294244027  0.00000950553273542
  0.00001012431309818  0.00001079623328974  0.00001152548591008  0.00001227672541233
  0.00001311538626462  0.00001401514972782  0.00001505082617576  0.00001619313696223
  0.00001742038084772  0.00001874579271601  0.00002016687621061  0.00002166299945567
  0.00002323164445674  0.00002488377080107  0.00002666338637320  0.00002865616591659
  0.00003082906248131  0.00003336157631347  0.00003606174036016  0.00003920984552021
  0.00004252413752753  0.00004617170292939  0.00004999507970277  0.00005400229235452
  0.00005829894183234  0.00006297668741800  0.00006823159986097  0.00007410431296343
  0.00008078426209608  0.00008826748611185  0.00009663548069689  0.00010571732173765
  0.00011569862068747  0.00012676647730556  0.00013905066509429  0.00015358824840952
  0.00017076555678978  0.00018958602689987  0.00020969234780569  0.00023218768689555
  0.00025714546861117  0.00028649939712530  0.00031990619307719  0.00035771359419221
  0.00040175589065317  0.00045479079410755  0.00052071771673462  0.00059355690343910
  0.00068635790188597  0.00078776128869790  0.00091645461986388  0.00108330728555610
  0.00128743985582010  0.00153181775006516  0.00183314204021557  0.00235114301083541
  0.00337489781568769  0.00493368897833558  0.16024997692849011  1.00000000000000000
 -0.00203648441347427  0.00859145124331647  0.01868627698292180  0.02914161721108906
  0.04038753975390470  0.05188031757223562  0.06321228194952674  0.07387446937426968
  0.08410986292669315  0.09437224423664481  0.10457555217955740  0.11429837128302170
  0.12397000328047562  0.13400228365120245  0.14413958078373379  0.15426107353877191
  0.16443984388248403  0.17464458670172925  0.18473150357103943  0.19484157049787068
  0.20545621314838070  0.21659225445833641  0.22792768949504799  0.23918329716030134
  0.25003330973619803  0.26049030607657414  0.27090153756782792  0.28155837865899525
  0.29261969600617121  0.30368345186179230  0.31455342755392496  0.32527811355586822
  0.33596455585643709  0.34659464014442337  0.35715287981770488  0.36800644315936443
  0.37888685170399894  0.39001178108391665  0.40098030092166181  0.41184365946976509
  0.42249877401751917  0.43275929329474899  0.44276642632778440  0.45295057184084508
  0.46351678984385741  0.47413162523848768  0.48459997925060377  0.49498918014093063
  0.50544706047731602  0.51580836627275883  0.52613173011989012  0.53649739601187785
  0.54714471071729609  0.55809486218393600  0.56903958726877801  0.57974056521301620
  0.59077351130014288  0.60158518180599196  0.61239096720299868  0.62294895799267636
  0.63360559394566451  0.64419374054571443  0.65459584310741226  0.66487496820269443
  0.67496643958297353  0.68524194525364468  0.69579291777542851  0.70647726064940564
  0.71672275805685448  0.72698863197764652  0.73712187660889084  0.74739338388149945
  0.75748018373912351  0.76741700776181432  0.77739101986884995  0.78758956541759950
  0.79801161511646224  0.80820080721534049  0.81822872303432781  0.82837081201818719
  0.83920005439396972  0.85037580404136592  0.86154751360288684  0.87243233749251592
  0.88295597556106331  0.89369486319739178  0.90443433104127136  0.91466691147516854
  0.92441616518527892  0.93420806029835046  0.94466929224432916  0.95482876332220135
  0.96525994812622484  0.97578339155316263  0.98778576533001416  1.00000000000000000
 -0.00198513997254265  0.00951701378594543  0.02023577232690534  0.03135102568497836
  0.04223952174796455  0.05223707249386134  0.06247259638121545  0.07279502806040809
  0.08370878342989971  0.09435228130879961  0.10500370633857656  0.11536259938330733
  0.12597968041560953  0.13668289838030523  0.14724782936699049  0.15769559624644786
  0.16823614620894481  0.17892984819619884  0.18946354114708494  0.19987251330312067
  0.21060583452791251  0.22167536629446438  0.23239136697664248  0.24287992320979968
  0.25337480202233109  0.26381890303492961  0.27451504557817652  0.28516648668053302
  0.29626000481324416  0.30719300347238010  0.31789258933689296  0.32814441061141197
  0.33853903942226837  0.34932681151260581  0.36009923661851700  0.37119830105777762
  0.38211688980212632  0.39321379537553908  0.40414179143419160  0.41501605845311490
  0.42592441670905079  0.43657960848019517  0.44709770441327801  0.45708964157888748
  0.46694425775938647  0.47674566253687545  0.48650903189983713  0.49667124707464633
  0.50707870486158824  0.51740302523930226  0.52733384084561352  0.53735030893068136
  0.54725409136667535  0.55735497886410845  0.56770461054399202  0.57854481927345691
  0.58886738857320842  0.59847032876975659  0.60839486933220421  0.61882364818264135
  0.62963433356496945  0.63997108245808043  0.65010965818238986  0.66041037774163158
  0.67067383149557014  0.68138099156031107  0.69201504596451402  0.70262133942724181
  0.71313586444186194  0.72393334170278312  0.73511124952571449  0.74667659750210857
  0.75817280069401294  0.76964492082664737  0.78097414850935332  0.79222598479074724
  0.80331808270464278  0.81400439852643525  0.82445063258775375  0.83420180492142371
  0.84416623317252559  0.85392444241850418  0.86372099961383086  0.87361897527052590
  0.88348689568511585  0.89369794337763087  0.90389896410131410  0.91378424051251694
  0.92387613690665094  0.93348937251533326  0.94375396002300838  0.95417329370092918
  0.96591773974224904  0.97764561582812104  0.98916522056286860  1.00000000000000000
 -0.00168685656527989  0.00989266629043860  0.01969025787401904  0.02960312268912823
  0.03910349059375183  0.04867999659049638  0.05856623452769818  0.06852659912919390
  0.07889052710117030  0.08962807788550295  0.10096971967748219  0.11238216969030555
  0.12342478142047160  0.13402178857557620  0.14459780714153034  0.15516601383808676
  0.16584077187411830  0.17660705981769373  0.18774677026225711  0.19906165677208773
  0.21026189432765791  0.22185702834346990  0.23417938270031197  0.24673517662433711
  0.25890786364821328  0.27083342906088415  0.28297076399029075  0.29537282409489146
  0.30807852156776788  0.32027312260137064  0.33181180228878521  0.34321400330256757
  0.35496463620730251  0.36664588183964580  0.37814845857676715  0.38950201114890914
  0.40088129115780125  0.41268330621414978  0.42456862040709353  0.43635028917985297
  0.44797392720810142  0.45989089868023703  0.47174958254047816  0.48355444303496564
  0.49542380241180556  0.50708687035085553  0.51859156560170161  0.53030810452497401
  0.54205425216852543  0.55354471879130585  0.56483384221599731  0.57602578893800949
  0.58716671677782561  0.59828299140194241  0.60939495943966737  0.62046985993595161
  0.63175376599208233  0.64329093441348162  0.65444129129419615  0.66537041087485993
  0.67607639884294912  0.68683340331138376  0.69727039251654832  0.70822862045831114
  0.71927406397014670  0.73024146340015894  0.74070951410869534  0.75124167302968858
  0.76190789233673017  0.77210100446021779  0.78148644268284895  0.79077751210204028
  0.80031092740991983  0.81033259530400537  0.82027618210722375  0.82977447821432893
  0.83917665252514417  0.84856845376056944  0.85789078710138800  0.86711044750714095
  0.87643059768939480  0.88580903020504664  0.89497657542809539  0.90350768911194734
  0.91180751958020456  0.91997910611887657  0.92823398525128653  0.93626643911406371
  0.94397859131496564  0.95157931562648124  0.95929064545067977  0.96736703840365446
  0.97571096462770590  0.98416680994798789  0.99224229873978353  1.00000000000000000
 -0.00243529352345547  0.00967481137017073  0.01970916498793343  0.03002694712638729
  0.04048939494730385  0.05113741323483284  0.06203451911833978  0.07298733197505496
  0.08386949711504324  0.09481491796328360  0.10567874572306493  0.11680436662163628
  0.12743941825200128  0.13745471584398194  0.14742054302161414  0.15707303365563319
  0.16733915668493224  0.17751278043466748  0.18771534381789803  0.19771728349971049
  0.20754512947524961  0.21738215818708442  0.22758681046591811  0.23806058574381897
  0.24851113259854068  0.25865565203514168  0.26887693484461350  0.27951330818103237
  0.29047900893847994  0.30171406881625090  0.31330631394826058  0.32473087345185747
  0.33555778321874274  0.34578309923255551  0.35604069986421810  0.36662736862419359
  0.37680746464412013  0.38710674688087710  0.39692136976560627  0.40714350874212923
  0.41744693722152493  0.42790912427357913  0.43828041388925471  0.44873734458194281
  0.45935303321940940  0.46999560416722430  0.48072025050401657  0.49098208567090873
  0.50135169766600107  0.51153939752490218  0.52177900431288482  0.53239485923489105
  0.54334843079728612  0.55510605197367413  0.56689787515116408  0.57855729581039073
  0.58957248064334267  0.60039175640180886  0.61058129144472462  0.62095320548065336
  0.63123507932374479  0.64207162930008166  0.65363334480038326  0.66510183225188013
  0.67634344489235276  0.68755755468231339  0.69853716260663534  0.70924133429504821
  0.71950110411275370  0.72964208556495458  0.73974800642358030  0.74978134275365971
  0.76006586820694499  0.77069915400841149  0.78137892547306176  0.79184105939715221
  0.80225260160665601  0.81267310902766920  0.82316068525930819  0.83367572392887168
  0.84459128907200387  0.85586208457181301  0.86717264527642968  0.87792769528995818
  0.88854036557798355  0.89874794602205044  0.90857511449495854  0.91830692677513370
  0.92822486703391660  0.93863274965726362  0.94887613924653058  0.95927553175782965
  0.96987226331822829  0.98025137675761920  0.99007425509723301  1.00000000000000000
 -0.00023309977737773  0.01683767666237907  0.02931061471133790  0.04117919082006274
  0.05294576237126832  0.06441127214683490  0.07525934672501644  0.08629596259610590
  0.09766041017472969  0.10898614087705510  0.11987300431982831  0.13024812788808898
  0.14031435537080239  0.15002777260335651  0.15949383364651556  0.16890579714978685
  0.17817143249243955  0.18728670331116384  0.19619448273587814  0.20495818018819373
  0.21374904071916387  0.22264103996218093  0.23173268867736829  0.24158005541207567
  0.25122747736460221  0.26052907426574973  0.26960644594796612  0.27899258866433446
  0.28829064644179736  0.29752455057790245  0.30660805470716901  0.31607254586389122
  0.32536968831773250  0.33441154001808859  0.34316466455455619  0.35224314124287648
  0.36175196923021763  0.37168667807043854  0.38177523816604442  0.39173119378235444
  0.40154350106549425  0.41105680434896313  0.42015078232466696  0.42909521095321729
  0.43823812670702372  0.44764612594804337  0.45710884650480527  0.46664030179274996
  0.47645681623825631  0.48658777927754782  0.49689072420648067  0.50701893904253659
  0.51697014240504169  0.52699815379779791  0.53689339201900421  0.54677516220692546
  0.55668543328519060  0.56692022803520725  0.57704049141312430  0.58718368762080220
  0.59726695928879037  0.60728257842061140  0.61677069189579858  0.62600319143328154
  0.63528202814611912  0.64499733362961320  0.65510521779378506  0.66550913862402916
  0.67613923328317749  0.68689310666844261  0.69781341864036461  0.70886869390149942
  0.71970743815219074  0.73066221308285895  0.74129580901884207  0.75209665058295949
  0.76252074617888566  0.77256363169739728  0.78215053898986142  0.79208505863054290
  0.80278301796264462  0.81420933798878192  0.82514661940878609  0.83597582601233456
  0.84710200956821391  0.85874931225921991  0.87044834109533353  0.88244008147506303
  0.89491559242953411  0.90762250968352787  0.92064302332547043  0.93429153488256833
  0.94844922937745157  0.96321606257055303  0.97979365085018855  1.00000000000000000
 -0.00243793153560962  0.01049417243420098  0.02186653401569121  0.03366054949871513
  0.04532107106534662  0.05626375554189652  0.06661655017879509  0.07725708322170469
  0.08840085355168807  0.09944992753871573  0.10980144216098139  0.11973600652467560
  0.12969044217695011  0.13991333711064449  0.15056563275700896  0.16144610300866782
  0.17271286422510054  0.18441994631742187  0.19615222554984132  0.20779979144218499
  0.21932158648537117  0.23053145062597422  0.24126340055673673  0.25163508982272742
  0.26196163952888446  0.27240332217703700  0.28290162363199317  0.29345675984312303
  0.30430189476080421  0.31505803854046877  0.32510578069309864  0.33525038753223019
  0.34526438091931005  0.35532047430626340  0.36486614688032409  0.37446809279951271
  0.38432547264342892  0.39438733588018093  0.40448154437738271  0.41460566372526220
  0.42479463744337215  0.43521923219675906  0.44585526358518085  0.45666836171082342
  0.46732930710217158  0.47768071382446103  0.48795413577652147  0.49823193977482960
  0.50851166271276815  0.51902971820525945  0.52999881606676469  0.54143104368898554
  0.55276805807050700  0.56382515256710475  0.57445656408016776  0.58478208529684672
  0.59489624893293958  0.60503724710704743  0.61532839140938311  0.62593217218404440
  0.63649106996226568  0.64694942345245221  0.65693267951756351  0.66716264715864715
  0.67758534623992606  0.68806079065764225  0.69788694077650548  0.70731045741156640
  0.71694835899162768  0.72705458191869532  0.73734221080448248  0.74750462449269717
  0.75778437003143484  0.76847618757559089  0.77944541883454499  0.79025384561323686
  0.80054009613816235  0.81065069013451230  0.82110785052502855  0.83193450395474877
  0.84257395195131901  0.85301266766452699  0.86305961487827254  0.87380100516178949
  0.88433263631417114  0.89544932758446272  0.90610685024300452  0.91687754049941084
  0.92817749247712134  0.93891872688083411  0.94917069924700892  0.95900216989377951
  0.96916667451247662  0.97950434696124089  0.98979014197131920  1.00000000000000000
 -0.00234856986334823  0.00953891345067272  0.02022816528589118  0.03140183640593194
  0.04301359537239054  0.05444964098983478  0.06585913427900709  0.07755274148273383
  0.08900102753493962  0.09973545929231492  0.11058714467072547  0.12172567922559790
  0.13284179163524151  0.14344515776416178  0.15383494353369298  0.16421973106993432
  0.17482060440718836  0.18554763072153221  0.19637572104496409  0.20716614771985301
  0.21812514394178792  0.22913127376684694  0.23979614099186763  0.25011491174764461
  0.26051496284549303  0.27104448744203025  0.28193666458971112  0.29249916031651518
  0.30357015292608758  0.31457015960419760  0.32528422771225435  0.33649687757699459
  0.34768152578236661  0.35879564968456618  0.36928362162147210  0.37950157765452736
  0.38995672061095416  0.40035506225258144  0.41055605339686485  0.42101327123132515
  0.43124411387562150  0.44148428291165254  0.45123112524494646  0.46100794893822217
  0.47146718322570452  0.48169943566436241  0.49232841258300897  0.50266357876305467
  0.51324909908701355  0.52388342320296732  0.53458810383498523  0.54508701724704078
  0.55511725593527039  0.56525222129362296  0.57543030721510435  0.58593626982070335
  0.59650359790553920  0.60723815117104984  0.61785711701519608  0.62833897901747071
  0.63857373333112522  0.64862227776783010  0.65841663618715396  0.66862525462476774
  0.67894941166555467  0.68898640235148978  0.69843265589653036  0.70810739301635528
  0.71837275595110706  0.72938192690353554  0.74066352622888854  0.75190218002981668
  0.76278865638473103  0.77352664967354146  0.78361444103579980  0.79378439475648221
  0.80395244698998647  0.81457886179536076  0.82501473586236351  0.83518905495657347
  0.84564285737968692  0.85606193113040840  0.86630821683549797  0.87645116950444746
  0.88680072131486132  0.89737800802245982  0.90788079778869524  0.91837040643466494
  0.92875964697025271  0.93886397427206114  0.94895995841945902  0.95884173433655917
  0.96867965458907146  0.97889148237599655  0.98928001569553570  1.00000000000000000
  0.75110967913489157  0.76319178643391838  0.77251287359305443  0.77767105524879721
  0.78228594158299691  0.78730285062984506  0.79270307506611937  0.79758054771696762
  0.80174042546782620  0.80529237817249189  0.80859258538586842  0.81207646105249987
  0.81542938713455648  0.81912110670873461  0.82266234514811132  0.82598338160712437
  0.82912244843956506  0.83227724766027877  0.83522920193897454  0.83809533415447413
  0.84087260454264723  0.84372043635442762  0.84649342103759573  0.84929174020358400
  0.85200559250808172  0.85468404573918200  0.85718766202109598  0.85981615452926285
  0.86233195845260557  0.86475147520175699  0.86709691924915733  0.86950307661314030
  0.87202389679506831  0.87453332118760507  0.87689747097992232  0.87916254519975090
  0.88143718288175243  0.88372128158941221  0.88595810395944241  0.88814338147513983
  0.89030000631033446  0.89244290500829759  0.89458158879304372  0.89669618184729694
  0.89878344831891788  0.90086905467914435  0.90293502262190817  0.90500994791070166
  0.90705439611664462  0.90907740300772233  0.91109295523216449  0.91313346385778682
  0.91517702193961681  0.91721133405370459  0.91923636339679060  0.92128224005811932
  0.92331937405196918  0.92531994424477382  0.92726767534651700  0.92915423763583604
  0.93103397365765317  0.93291716574903683  0.93478266656019371  0.93666591760965645
  0.93849633255226961  0.94035882206981181  0.94218518161930387  0.94402241996863090
  0.94589112493972194  0.94778588129255636  0.94964064964387063  0.95148668355359833
  0.95328036539154082  0.95507223222741033  0.95685017472078326  0.95870186621832876
  0.96056450086058875  0.96243348729240186  0.96424259674169244  0.96599689569397285
  0.96775182508780155  0.96954308440491677  0.97138049135655025  0.97326665486713881
  0.97517398290740720  0.97705836217871267  0.97903385381130081  0.98105945902628877
  0.98315531510186760  0.98524627833593359  0.98736573433971686  0.98950461597652895
  0.99172358773918146  0.99406332467888803  0.99680784116176624  1.00000000000000000
 -0.01322359725898985  0.11049205794759452  0.14254133261180116  0.16154515458176572
  0.17667650901537638  0.19026954699545312  0.20338818731642383  0.21532394600083463
  0.22621338577875716  0.23641270097683320  0.24593448980409438  0.25473854533666335
  0.26334132285841944  0.27196276795857344  0.28036089583183138  0.28833254344659126
  0.29603203138703654  0.30346544088058536  0.31084156339803215  0.31813148367788274
  0.32548064637995855  0.33256955412273298  0.33925627562728050  0.34582670885536881
  0.35247902686977595  0.35923339606953025  0.36595789428589076  0.37248102433486618
  0.37899984754686927  0.38546859224580149  0.39195841334722686  0.39817710095610309
  0.40392439184209128  0.40960602511235050  0.41535126984867810  0.42128029118581467
  0.42727738469488302  0.43323359409436124  0.43915696543939514  0.44499100215929166
  0.45080389605687810  0.45656305978948347  0.46210667488199175  0.46744218596932718
  0.47283460989903892  0.47837962620097646  0.48397231349302949  0.48937914239518066
  0.49467840510242006  0.49995545232819633  0.50536485377707918  0.51085226652921489
  0.51649077123409848  0.52215475035720416  0.52780485688745071  0.53343263693933696
  0.53899941884862956  0.54456719677250265  0.55024385753292837  0.55604532485986080
  0.56194889268926274  0.56780503496799972  0.57349918322370363  0.57907956049592602
  0.58463646584503115  0.59045596847182247  0.59647967526251500  0.60269141598488329
  0.60900661908590459  0.61546699776411928  0.62207885541478269  0.62904551689926880
  0.63613381893972776  0.64327175685227300  0.65030994220940941  0.65728279475024154
  0.66413694196454032  0.67132562248057415  0.67871646108367278  0.68633891784521128
  0.69405539736684962  0.70185542637644804  0.71000647644531456  0.71879467818185394
  0.72821936703313195  0.73804724744643857  0.74770441430351786  0.75750805493365336
  0.76778463938087027  0.77850093951943111  0.78996636342789361  0.80334773934077552
  0.81962375642065433  0.84143040513571132  0.88370785880811309  1.00000000000000000
   7.8120651499886122E-007  -1.0000000000000000     
 F F F F F F F F F F F F F F F F F F F F F F F F F F F F F F F F F F F F F F F F F F F F F F F F F F F F F F F F F F F F F F F F F F F F F F F F F F F F F F F F F F F F F F F F F F F F F F F F F F F F F F F F F F F F F F F F F F F F F F F F F F F F F F F F F F F F F F F F F F F F F F F F F F F F F F F F F F F F F F F F F F F F F F F F F F F F F F F F F F F F F F F F F F F F F F F F F F F F F F F F F F F F F F F F F F F F F F F F F F F F F F F F F F F F F F F F F F F F F F F F F F F F F F F F F F F F F F F F
  <DiscreteSampler_grid>
  grouped_processes
  1 # 1 for a reference and 2 for a running grid.
  10 # Attribute 'min_bin_probing_points' of the grid.
  1 # Attribute 'grid_mode' of the grid. 1=='default',2=='initialization'
  0.0000000000000000 # Attribute 'small_contrib_threshold' of the grid.
  0.5000000000000000 # Attribute 'damping_power' of the grid.
 # binID   n_entries weight   weight_sqr   abs_weight
    13   10   8.002921707716566E-004   2.445576243312003E-006   8.002921707716566E-004
    16   10   1.007860620610023E-003   3.921611492112988E-006   1.007860620610023E-003
    22   10   8.044136957904647E-004   2.572777951304286E-006   8.044136957904647E-004
    25   10   1.046129727719038E-003   4.263524072907036E-006   1.046129727719038E-003
  </DiscreteSampler_grid>
