 Process in group number            1
 A PDF is used, so alpha_s(MZ) is going to be modified
 Old value of alpha_s from param_card:   0.13000000000000003     
  ****************************************
 
       NNPDFDriver version 1.0.3
   Grid: NNPDF23_lo_as_0130_qed_mem0.grid
  ****************************************
 New value of alpha_s from PDF nn23lo1:  0.13000000000000000     
 Warning! ptj set to xqcut=   15.000000000000000       to improve integration efficiency
 Note that this might affect non-radiated jets,
 e.g. from decays. Use cut_decays=F in run_card.
 Warning! mmjj set to xqcut=   15.000000000000000       to improve integration efficiency
 Note that this might affect non-radiated jets,
 e.g. from decays. Use cut_decays=F in run_card.
 Define smin to   2425.0000000000000     
 Define smin to   2425.0000000000000     
 Define smin to   2425.0000000000000     
 Define smin to   2425.0000000000000     
 Define smin to   2425.0000000000000     
 Define smin to   2425.0000000000000     
 Define smin to   2425.0000000000000     
 Define smin to   2425.0000000000000     
 Define smin to   2425.0000000000000     
 Define smin to   2425.0000000000000     
 Define smin to   2425.0000000000000     
 Define smin to   2425.0000000000000     
 Define smin to   2425.0000000000000     
 Define smin to   2425.0000000000000     
 Define smin to   2425.0000000000000     
 Define smin to   2425.0000000000000     
 Define smin to   2425.0000000000000     
 Define smin to   2425.0000000000000     
 Define smin to   2425.0000000000000     
 Define smin to   2425.0000000000000     
 *****************************************************
 *               MadGraph/MadEvent                   *
 *        --------------------------------           *
 *          http://madgraph.hep.uiuc.edu             *
 *          http://madgraph.phys.ucl.ac.be           *
 *          http://madgraph.roma2.infn.it            *
 *        --------------------------------           *
 *                                                   *
 *          PARAMETER AND COUPLING VALUES            *
 *                                                   *
 *****************************************************

  External Params
  ---------------------------------
  
 mdl_MB =    4.7000000000000002     
 mdl_MT =    173.00000000000000     
 mdl_MTA =    1.7769999999999999     
 mdl_MZ =    91.188000000000002     
 mdl_MH =    125.00000000000000     
 aEWM1 =    132.50700000000001     
 mdl_Gf =    1.1663900000000000E-005
 aS =   0.13000000000000003     
 mdl_ymb =    4.7000000000000002     
 mdl_ymt =    173.00000000000000     
 mdl_ymtau =    1.7769999999999999     
 mdl_WT =    1.4915000000000000     
 mdl_WZ =    2.4414039999999999     
 mdl_WW =    2.0476000000000001     
 mdl_WH =    6.3823389999999999E-003
  Internal Params
  ---------------------------------
  
 mdl_conjg__CKM3x3 =    1.0000000000000000     
 mdl_conjg__CKM1x1 =    1.0000000000000000     
 mdl_CKM3x3 =    1.0000000000000000     
 mdl_complexi =                (0.0000000000000000,1.0000000000000000)
 mdl_MZ__exp__2 =    8315.2513440000002     
 mdl_MZ__exp__4 =    69143404.913893804     
 mdl_sqrt__2 =    1.4142135623730951     
 mdl_MH__exp__2 =    15625.000000000000     
 mdl_aEW =    7.5467711139788835E-003
 mdl_MW =    80.419002445756163     
 mdl_sqrt__aEW =    8.6872153846781555E-002
 mdl_ee =   0.30795376724436879     
 mdl_MW__exp__2 =    6467.2159543705357     
 mdl_sw2 =   0.22224648578577766     
 mdl_cw =   0.88190334743339216     
 mdl_sqrt__sw2 =   0.47143025548407230     
 mdl_sw =   0.47143025548407230     
 mdl_g1 =   0.34919219678733299     
 mdl_gw =   0.65323293034757990     
 mdl_vev =    246.21845810181637     
 mdl_vev__exp__2 =    60623.529110035903     
 mdl_lam =   0.12886910601690263     
 mdl_yb =    2.6995554250465490E-002
 mdl_yt =   0.99366614581500623     
 mdl_ytau =    1.0206617000654717E-002
 mdl_muH =    88.388347648318430     
 mdl_I1x33 =          (2.69955542504654901E-002,0.0000000000000000)
 mdl_I2x33 =               (0.99366614581500623,0.0000000000000000)
 mdl_I3x33 =               (0.99366614581500623,0.0000000000000000)
 mdl_I4x33 =          (2.69955542504654901E-002,0.0000000000000000)
 mdl_ee__exp__2 =    9.4835522759998875E-002
 mdl_sw__exp__2 =   0.22224648578577769     
 mdl_cw__exp__2 =   0.77775351421422245     
  Internal Params evaluated point by point
  ----------------------------------------
  
 mdl_sqrt__aS =   0.36055512754639896     
 mdl_G__exp__2 =    1.6336281798666927     
  Couplings of sm
  ---------------------------------
  
        GC_10 =  -0.12781E+01   0.00000E+00
        GC_11 =   0.00000E+00   0.12781E+01
        GC_12 =   0.00000E+00   0.16336E+01
         GC_1 =  -0.00000E+00  -0.10265E+00
         GC_2 =   0.00000E+00   0.20530E+00
         GC_3 =  -0.00000E+00  -0.30795E+00
        GC_50 =  -0.00000E+00  -0.28804E+00
        GC_58 =  -0.00000E+00  -0.27437E-01
        GC_59 =   0.00000E+00   0.82310E-01

 Collider parameters:
 --------------------

 Running at P P   machine @    13000.000000000000       GeV
 PDF set = nn23lo1
 alpha_s(Mz)= 0.1300 running at 2 loops.
 alpha_s(Mz)= 0.1300 running at 2 loops.
 Renormalization scale set on event-by-event basis
 Factorization   scale set on event-by-event basis


 getting user params
Enter number of events and max and min iterations: 
 Number of events and iterations         1000           5           3
Enter desired fractional accuracy: 
 Desired fractional accuracy:   0.10000000000000001     
Enter 0 for fixed, 2 for adjustable grid: 
Suppress amplitude (0 no, 1 yes)? 
 Using suppressed amplitude.
Exact helicity sum (0 yes, n = number/event)? 
 Explicitly summing over helicities
Enter Configuration Number: 
Running Configuration Number:   10
 Not subdividing B.W.
 Attempting mappinvarients           1           7
 Determine nb_t
 T-channel found:            2
 Completed mapping           7
 about to integrate           13        1000           7           3          13           1
 Using non-zero grid deformation.
 13 dimensions   1000 events 13 invarients  7 iterations  1 config(s),  (0.99)
 Using h-tuple random number sequence.
 Error opening grid
 Using Uniform Grid!          28
 Using uniform alpha   1.0000000000000000     
 Grid defined OK
 Masses: 0.000E+00 0.000E+00 0.000E+00 0.000E+00 0.000E+00 0.000E+00 0.000E+00
 Set CM energy to      13000.00
 Mapping Graph          10  to config          10
 Determine nb_t
 T-channel found:            2
Setting grid   1    0.75740E-07   1
Setting grid   2    0.75740E-07   1
Setting grid   3    0.13314E-05   1
Setting grid   4    0.13314E-05   1
 Transforming s_hat 1/s           12   2.5000000000000005E-005   2425.0000000000000        168999999.99999997     
Using random seed offsets    10 :      5
  with seed                   24
 Ranmar initialization seeds       31068        9402
  Particle       3       4       5       6       7
      Et >    10.0    10.0    15.0    15.0    15.0
       E >     0.0     0.0     0.0     0.0     0.0
     Eta <     2.5     2.5     5.0     5.0     5.0
   xqcut:      0.0     0.0    15.0    15.0    15.0
d R # 3  >    -0.0     0.4     0.0     0.0     0.0
d R # 4  >    -0.0    -0.0     0.0     0.0     0.0
d R # 5  >    -0.0    -0.0    -0.0     0.0     0.0
d R # 6  >    -0.0    -0.0    -0.0    -0.0     0.0
s min # 3>     0.0     0.0     0.0     0.0     0.0
s min # 4>     0.0     0.0     0.0     0.0     0.0
s min # 5>     0.0     0.0     0.0   225.0   225.0
s min # 6>     0.0     0.0     0.0     0.0   225.0
xqcutij # 3>     0.0     0.0     0.0     0.0     0.0
xqcutij # 4>     0.0     0.0     0.0     0.0     0.0
xqcutij # 5>     0.0     0.0     0.0    15.0    15.0
xqcutij # 6>     0.0     0.0    15.0     0.0    15.0
 
 ********************************************
 * You are using the DiscreteSampler module *
 *      part of the MG5_aMC framework       *
 *         Author: Valentin Hirschi         *
 ********************************************
 
 RESET CUMULATIVE VARIABLE
 Iteration  1   Mean: 0.4694E+00 Abs mean: 0.4694E+00   Fluctuation:  0.795E-01   0.460E+02     0.9%
  1    0.4694E+00 0.4694E+00 +- 0.7952E-01      5.36
 Writing out events   7.3376211265011506E-003   5.3570906584739548     
 Relative summed weights:
  0.3142E-01  0.0000E+00  0.0000E+00  0.0000E+00  0.3940E-02  0.0000E+00  0.0000E+00  0.0000E+00  0.3524E-02  0.0000E+00  0.0000E+00  0.0000E+00  0.0000E+00  0.0000E+00  0.0000E+00  0.0000E+00  0.0000E+00  0.0000E+00  0.0000E+00  0.0000E+00  0.0000E+00  0.0000E+00  0.0000E+00  0.0000E+00  0.0000E+00  0.0000E+00  0.0000E+00  0.0000E+00  0.0000E+00  0.0000E+00  0.0000E+00  0.0000E+00  0.0000E+00  0.0000E+00  0.0000E+00  0.0000E+00  0.0000E+00  0.0000E+00  0.0000E+00  0.0000E+00
  0.7584E-01  0.0000E+00  0.4180E-01  0.7909E-01  0.1047E-02  0.0000E+00  0.1727E-02  0.9770E-02  0.3693E-03  0.0000E+00  0.2295E-03  0.0000E+00  0.1265E+00  0.1373E-01  0.1285E+00  0.1340E+00  0.0000E+00  0.0000E+00  0.0000E+00  0.0000E+00  0.3134E-01  0.6436E-01  0.4429E-01  0.5970E-01  0.7231E-04  0.8291E-03  0.5024E-02  0.3157E-01  0.0000E+00  0.0000E+00  0.0000E+00  0.0000E+00  0.2196E-02  0.5135E-02  0.1087E-01  0.4571E-03  0.7852E-01  0.1415E-01  0.3422E-04  0.1331E-04
 Relative number of events:
  0.7396E-01  0.0000E+00  0.0000E+00  0.0000E+00  0.5917E-02  0.0000E+00  0.0000E+00  0.0000E+00  0.4931E-02  0.0000E+00  0.0000E+00  0.0000E+00  0.0000E+00  0.0000E+00  0.0000E+00  0.0000E+00  0.0000E+00  0.0000E+00  0.0000E+00  0.0000E+00  0.0000E+00  0.0000E+00  0.0000E+00  0.0000E+00  0.0000E+00  0.0000E+00  0.0000E+00  0.0000E+00  0.0000E+00  0.0000E+00  0.0000E+00  0.0000E+00  0.0000E+00  0.0000E+00  0.0000E+00  0.0000E+00  0.0000E+00  0.0000E+00  0.0000E+00  0.0000E+00
  0.7101E-01  0.0000E+00  0.3452E-01  0.3057E-01  0.7890E-02  0.0000E+00  0.7890E-02  0.8876E-02  0.7890E-02  0.0000E+00  0.1972E-02  0.0000E+00  0.1874E-01  0.2268E-01  0.1548E+00  0.1607E+00  0.0000E+00  0.0000E+00  0.0000E+00  0.0000E+00  0.2564E-01  0.2564E-01  0.8481E-01  0.1134E+00  0.3945E-02  0.2959E-02  0.1479E-01  0.1677E-01  0.0000E+00  0.0000E+00  0.0000E+00  0.0000E+00  0.7890E-02  0.4931E-02  0.6903E-02  0.6903E-02  0.3649E-01  0.3254E-01  0.2959E-02  0.9862E-03
 Events:
          75           0           0           0           6           0           0           0           5           0           0           0           0           0           0           0           0           0           0           0           0           0           0           0           0           0           0           0           0           0           0           0           0           0           0           0           0           0           0           0
          72           0          35          31           8           0           8           9           8           0           2           0          19          23         157         163           0           0           0           0          26          26          86         115           4           3          15          17           0           0           0           0           8           5           7           7          37          33           3           1
 Iteration  2   Mean: 0.4180E+00 Abs mean: 0.4180E+00   Fluctuation:  0.539E-01   0.442E+02     3.4%
  2    0.4180E+00 0.4180E+00 +- 0.5387E-01      5.76
 Relative summed weights:
  0.3835E-01  0.0000E+00  0.0000E+00  0.0000E+00  0.2770E-02  0.0000E+00  0.0000E+00  0.0000E+00  0.2555E-02  0.0000E+00  0.5116E-04  0.0000E+00  0.0000E+00  0.0000E+00  0.0000E+00  0.0000E+00  0.0000E+00  0.0000E+00  0.0000E+00  0.0000E+00  0.0000E+00  0.0000E+00  0.0000E+00  0.0000E+00  0.0000E+00  0.0000E+00  0.0000E+00  0.0000E+00  0.0000E+00  0.0000E+00  0.0000E+00  0.0000E+00  0.0000E+00  0.0000E+00  0.0000E+00  0.0000E+00  0.0000E+00  0.0000E+00  0.0000E+00  0.0000E+00
  0.1101E+00  0.0000E+00  0.3525E-01  0.2128E-01  0.3162E-02  0.0000E+00  0.3217E-02  0.1093E-01  0.4552E-01  0.0000E+00  0.9146E-03  0.0000E+00  0.3460E-02  0.9613E-02  0.2173E+00  0.8588E-01  0.0000E+00  0.0000E+00  0.0000E+00  0.0000E+00  0.4985E-01  0.1045E+00  0.5964E-01  0.8755E-01  0.1163E-01  0.3936E-03  0.2331E-02  0.7962E-02  0.0000E+00  0.0000E+00  0.0000E+00  0.0000E+00  0.2053E-02  0.2384E-02  0.8040E-03  0.2517E-03  0.2612E-01  0.5393E-01  0.6651E-05  0.2070E-03
 Relative number of events:
  0.6222E-01  0.0000E+00  0.0000E+00  0.0000E+00  0.6969E-02  0.0000E+00  0.0000E+00  0.0000E+00  0.5973E-02  0.0000E+00  0.1991E-02  0.0000E+00  0.0000E+00  0.0000E+00  0.0000E+00  0.0000E+00  0.0000E+00  0.0000E+00  0.0000E+00  0.0000E+00  0.0000E+00  0.0000E+00  0.0000E+00  0.0000E+00  0.0000E+00  0.0000E+00  0.0000E+00  0.0000E+00  0.0000E+00  0.0000E+00  0.0000E+00  0.0000E+00  0.0000E+00  0.0000E+00  0.0000E+00  0.0000E+00  0.0000E+00  0.0000E+00  0.0000E+00  0.0000E+00
  0.6720E-01  0.0000E+00  0.3634E-01  0.4082E-01  0.8462E-02  0.0000E+00  0.5973E-02  0.5475E-02  0.8960E-02  0.0000E+00  0.2489E-02  0.0000E+00  0.1493E-01  0.1593E-01  0.1498E+00  0.1712E+00  0.0000E+00  0.0000E+00  0.0000E+00  0.0000E+00  0.2837E-01  0.2539E-01  0.1000E+00  0.1165E+00  0.6471E-02  0.1991E-02  0.1145E-01  0.1095E-01  0.0000E+00  0.0000E+00  0.0000E+00  0.0000E+00  0.9457E-02  0.2987E-02  0.3484E-02  0.3982E-02  0.3435E-01  0.3783E-01  0.4978E-03  0.1493E-02
 Events:
         125           0           0           0          14           0           0           0          12           0           4           0           0           0           0           0           0           0           0           0           0           0           0           0           0           0           0           0           0           0           0           0           0           0           0           0           0           0           0           0
         135           0          73          82          17           0          12          11          18           0           5           0          30          32         301         344           0           0           0           0          57          51         201         234          13           4          23          22           0           0           0           0          19           6           7           8          69          76           1           3
 Iteration  3   Mean: 0.6285E+00 Abs mean: 0.6285E+00   Fluctuation:  0.857E-01   0.229E+03     4.8%
  3    0.6285E+00 0.6285E+00 +- 0.8571E-01      8.62
 Relative summed weights:
  0.5578E-01  0.0000E+00  0.0000E+00  0.0000E+00  0.1918E-02  0.0000E+00  0.0000E+00  0.0000E+00  0.5824E-02  0.0000E+00  0.2281E-02  0.0000E+00  0.0000E+00  0.0000E+00  0.0000E+00  0.0000E+00  0.0000E+00  0.0000E+00  0.0000E+00  0.0000E+00  0.0000E+00  0.0000E+00  0.0000E+00  0.0000E+00  0.0000E+00  0.0000E+00  0.0000E+00  0.0000E+00  0.0000E+00  0.0000E+00  0.0000E+00  0.0000E+00  0.0000E+00  0.0000E+00  0.0000E+00  0.0000E+00  0.0000E+00  0.0000E+00  0.0000E+00  0.0000E+00
  0.4012E-01  0.0000E+00  0.3144E-01  0.2486E-01  0.4014E-02  0.0000E+00  0.2626E-02  0.1078E-01  0.2619E-02  0.0000E+00  0.1516E-04  0.0000E+00  0.5858E-02  0.1565E-01  0.1856E+00  0.3025E+00  0.0000E+00  0.0000E+00  0.0000E+00  0.0000E+00  0.2936E-01  0.3660E-01  0.4049E-01  0.5248E-01  0.1315E-01  0.2243E-02  0.2880E-01  0.1034E-01  0.0000E+00  0.0000E+00  0.0000E+00  0.0000E+00  0.6081E-02  0.4241E-02  0.2735E-02  0.1843E-02  0.3730E-01  0.3967E-01  0.2462E-02  0.2902E-03
 Relative number of events:
  0.6262E-01  0.0000E+00  0.0000E+00  0.0000E+00  0.5467E-02  0.0000E+00  0.0000E+00  0.0000E+00  0.7207E-02  0.0000E+00  0.2237E-02  0.0000E+00  0.0000E+00  0.0000E+00  0.0000E+00  0.0000E+00  0.0000E+00  0.0000E+00  0.0000E+00  0.0000E+00  0.0000E+00  0.0000E+00  0.0000E+00  0.0000E+00  0.0000E+00  0.0000E+00  0.0000E+00  0.0000E+00  0.0000E+00  0.0000E+00  0.0000E+00  0.0000E+00  0.0000E+00  0.0000E+00  0.0000E+00  0.0000E+00  0.0000E+00  0.0000E+00  0.0000E+00  0.0000E+00
  0.6262E-01  0.0000E+00  0.3554E-01  0.3926E-01  0.7704E-02  0.0000E+00  0.7207E-02  0.7207E-02  0.6710E-02  0.0000E+00  0.1491E-02  0.0000E+00  0.1690E-01  0.1740E-01  0.1725E+00  0.1643E+00  0.0000E+00  0.0000E+00  0.0000E+00  0.0000E+00  0.2535E-01  0.2783E-01  0.1004E+00  0.1066E+00  0.3231E-02  0.2982E-02  0.1143E-01  0.8698E-02  0.0000E+00  0.0000E+00  0.0000E+00  0.0000E+00  0.5219E-02  0.7207E-02  0.6461E-02  0.4970E-02  0.3305E-01  0.3678E-01  0.1243E-02  0.2237E-02
 Events:
         252           0           0           0          22           0           0           0          29           0           9           0           0           0           0           0           0           0           0           0           0           0           0           0           0           0           0           0           0           0           0           0           0           0           0           0           0           0           0           0
         252           0         143         158          31           0          29          29          27           0           6           0          68          70         694         661           0           0           0           0         102         112         404         429          13          12          46          35           0           0           0           0          21          29          26          20         133         148           5           9
 Accuracy:    0.132   0.100   0.082   2.576
 Found          207  events.
 Wrote           12  events.
 Actual xsec   0.50610261545333801     
 Correct abs xsec   0.50610261545333801     
 Event xsec   0.50610261545333801     
 Events wgts > 1:            0
 % Cross section > 1:    0.0000000000000000        0.0000000000000000     
 Iteration  4   Mean: 0.6526E+00 Abs mean: 0.6526E+00   Fluctuation:  0.571E-01   0.189E+03     5.7%
  4    0.6526E+00 0.6526E+00 +- 0.5710E-01      7.83
 Relative summed weights:
  0.8534E-01  0.0000E+00  0.0000E+00  0.0000E+00  0.8834E-02  0.0000E+00  0.0000E+00  0.0000E+00  0.1325E-01  0.0000E+00  0.9171E-03  0.0000E+00  0.0000E+00  0.0000E+00  0.0000E+00  0.0000E+00  0.0000E+00  0.0000E+00  0.0000E+00  0.0000E+00  0.0000E+00  0.0000E+00  0.0000E+00  0.0000E+00  0.0000E+00  0.0000E+00  0.0000E+00  0.0000E+00  0.0000E+00  0.0000E+00  0.0000E+00  0.0000E+00  0.0000E+00  0.0000E+00  0.0000E+00  0.0000E+00  0.0000E+00  0.0000E+00  0.0000E+00  0.0000E+00
  0.8811E-01  0.0000E+00  0.3613E-01  0.3540E-01  0.2750E-02  0.0000E+00  0.3183E-02  0.3927E-02  0.1904E-02  0.0000E+00  0.6465E-02  0.0000E+00  0.3202E-01  0.2444E-01  0.1397E+00  0.1506E+00  0.0000E+00  0.0000E+00  0.0000E+00  0.0000E+00  0.1802E-01  0.2371E-01  0.9307E-01  0.1287E+00  0.1760E-02  0.3509E-02  0.1023E-01  0.9809E-02  0.0000E+00  0.0000E+00  0.0000E+00  0.0000E+00  0.5960E-02  0.1233E-01  0.2648E-02  0.4776E-02  0.2614E-01  0.2235E-01  0.5629E-03  0.3469E-02
 Relative number of events:
  0.6774E-01  0.0000E+00  0.0000E+00  0.0000E+00  0.8451E-02  0.0000E+00  0.0000E+00  0.0000E+00  0.6214E-02  0.0000E+00  0.2113E-02  0.0000E+00  0.0000E+00  0.0000E+00  0.0000E+00  0.0000E+00  0.0000E+00  0.0000E+00  0.0000E+00  0.0000E+00  0.0000E+00  0.0000E+00  0.0000E+00  0.0000E+00  0.0000E+00  0.0000E+00  0.0000E+00  0.0000E+00  0.0000E+00  0.0000E+00  0.0000E+00  0.0000E+00  0.0000E+00  0.0000E+00  0.0000E+00  0.0000E+00  0.0000E+00  0.0000E+00  0.0000E+00  0.0000E+00
  0.6388E-01  0.0000E+00  0.3517E-01  0.3207E-01  0.7457E-02  0.0000E+00  0.6836E-02  0.6463E-02  0.6090E-02  0.0000E+00  0.3231E-02  0.0000E+00  0.1864E-01  0.1790E-01  0.1693E+00  0.1677E+00  0.0000E+00  0.0000E+00  0.0000E+00  0.0000E+00  0.2461E-01  0.2399E-01  0.9545E-01  0.1095E+00  0.4101E-02  0.3107E-02  0.1019E-01  0.1106E-01  0.0000E+00  0.0000E+00  0.0000E+00  0.0000E+00  0.5966E-02  0.5717E-02  0.5593E-02  0.5344E-02  0.3766E-01  0.3492E-01  0.1740E-02  0.1864E-02
 Events:
         545           0           0           0          68           0           0           0          50           0          17           0           0           0           0           0           0           0           0           0           0           0           0           0           0           0           0           0           0           0           0           0           0           0           0           0           0           0           0           0
         514           0         283         258          60           0          55          52          49           0          26           0         150         144        1362        1349           0           0           0           0         198         193         768         881          33          25          82          89           0           0           0           0          48          46          45          43         303         281          14          15
 Accuracy:    0.101   0.100   0.060   2.840
 Found          254  events.
 Wrote           23  events.
 Actual xsec   0.58954094240118493     
 Correct abs xsec   0.58954094240118493     
 Event xsec   0.58954094240118482     
 Events wgts > 1:            2
 % Cross section > 1:    1.4522928580132308E-003  0.24634300242118556     
 Iteration  5   Mean: 0.1279E+01 Abs mean: 0.1279E+01   Fluctuation:  0.405E+00   0.600E+04     6.0%
  5    0.1279E+01 0.1279E+01 +- 0.4053E+00     40.09
 Relative summed weights:
  0.4851E-01  0.0000E+00  0.0000E+00  0.0000E+00  0.1010E-01  0.0000E+00  0.0000E+00  0.0000E+00  0.1062E+00  0.0000E+00  0.2942E-03  0.0000E+00  0.0000E+00  0.0000E+00  0.0000E+00  0.0000E+00  0.0000E+00  0.0000E+00  0.0000E+00  0.0000E+00  0.0000E+00  0.0000E+00  0.0000E+00  0.0000E+00  0.0000E+00  0.0000E+00  0.0000E+00  0.0000E+00  0.0000E+00  0.0000E+00  0.0000E+00  0.0000E+00  0.0000E+00  0.0000E+00  0.0000E+00  0.0000E+00  0.0000E+00  0.0000E+00  0.0000E+00  0.0000E+00
  0.5709E-01  0.0000E+00  0.2101E-01  0.2106E-01  0.4754E-02  0.0000E+00  0.2290E-02  0.6103E-02  0.6105E-02  0.0000E+00  0.1568E-02  0.0000E+00  0.1058E-01  0.5288E-02  0.7455E-01  0.1400E+00  0.0000E+00  0.0000E+00  0.0000E+00  0.0000E+00  0.1311E-01  0.2418E-01  0.3959E-01  0.3657E-01  0.1463E-02  0.2626E-02  0.7188E-02  0.7282E-02  0.0000E+00  0.0000E+00  0.0000E+00  0.0000E+00  0.2982E+00  0.8083E-02  0.6784E-02  0.1709E-02  0.1721E-01  0.1831E-01  0.7647E-03  0.1420E-02
 Relative number of events:
  0.6614E-01  0.0000E+00  0.0000E+00  0.0000E+00  0.7445E-02  0.0000E+00  0.0000E+00  0.0000E+00  0.5584E-02  0.0000E+00  0.2358E-02  0.0000E+00  0.0000E+00  0.0000E+00  0.0000E+00  0.0000E+00  0.0000E+00  0.0000E+00  0.0000E+00  0.0000E+00  0.0000E+00  0.0000E+00  0.0000E+00  0.0000E+00  0.0000E+00  0.0000E+00  0.0000E+00  0.0000E+00  0.0000E+00  0.0000E+00  0.0000E+00  0.0000E+00  0.0000E+00  0.0000E+00  0.0000E+00  0.0000E+00  0.0000E+00  0.0000E+00  0.0000E+00  0.0000E+00
  0.6496E-01  0.0000E+00  0.3450E-01  0.3350E-01  0.8438E-02  0.0000E+00  0.7011E-02  0.5894E-02  0.6514E-02  0.0000E+00  0.2482E-02  0.0000E+00  0.1793E-01  0.1973E-01  0.1760E+00  0.1679E+00  0.0000E+00  0.0000E+00  0.0000E+00  0.0000E+00  0.2513E-01  0.2525E-01  0.9809E-01  0.1012E+00  0.2854E-02  0.3723E-02  0.1173E-01  0.9865E-02  0.0000E+00  0.0000E+00  0.0000E+00  0.0000E+00  0.6390E-02  0.6080E-02  0.5150E-02  0.5894E-02  0.3487E-01  0.3356E-01  0.1861E-02  0.1985E-02
 Events:
        1066           0           0           0         120           0           0           0          90           0          38           0           0           0           0           0           0           0           0           0           0           0           0           0           0           0           0           0           0           0           0           0           0           0           0           0           0           0           0           0
        1047           0         556         540         136           0         113          95         105           0          40           0         289         318        2837        2706           0           0           0           0         405         407        1581        1631          46          60         189         159           0           0           0           0         103          98          83          95         562         541          30          32
 Accuracy:    0.135   0.100   0.059   5.285
 Found          135  events.
 Wrote            3  events.
 Actual xsec   0.67799654845659207     
 Correct abs xsec   0.67799654845659207     
 Event xsec   0.67799654845659207     
 Events wgts > 1:            0
 % Cross section > 1:    0.0000000000000000        0.0000000000000000     
 Iteration  6   Mean: 0.6804E+00 Abs mean: 0.6804E+00   Fluctuation:  0.331E-01   0.455E+03     5.9%
  6    0.6804E+00 0.6804E+00 +- 0.3307E-01      8.69
 Relative summed weights:
  0.8959E-01  0.0000E+00  0.0000E+00  0.0000E+00  0.4615E-02  0.0000E+00  0.0000E+00  0.0000E+00  0.6261E-02  0.0000E+00  0.5804E-02  0.0000E+00  0.0000E+00  0.0000E+00  0.0000E+00  0.0000E+00  0.0000E+00  0.0000E+00  0.0000E+00  0.0000E+00  0.0000E+00  0.0000E+00  0.0000E+00  0.0000E+00  0.0000E+00  0.0000E+00  0.0000E+00  0.0000E+00  0.0000E+00  0.0000E+00  0.0000E+00  0.0000E+00  0.0000E+00  0.0000E+00  0.0000E+00  0.0000E+00  0.0000E+00  0.0000E+00  0.0000E+00  0.0000E+00
  0.1175E+00  0.0000E+00  0.5386E-01  0.5062E-01  0.7509E-02  0.0000E+00  0.7467E-02  0.9790E-02  0.4794E-02  0.0000E+00  0.4174E-02  0.0000E+00  0.1561E-01  0.1673E-01  0.1374E+00  0.1670E+00  0.0000E+00  0.0000E+00  0.0000E+00  0.0000E+00  0.2738E-01  0.3263E-01  0.6172E-01  0.6414E-01  0.2643E-02  0.1696E-02  0.1575E-01  0.1104E-01  0.0000E+00  0.0000E+00  0.0000E+00  0.0000E+00  0.5527E-02  0.5944E-02  0.2095E-02  0.4565E-02  0.3374E-01  0.3021E-01  0.1145E-02  0.1015E-02
 Relative number of events:
  0.6912E-01  0.0000E+00  0.0000E+00  0.0000E+00  0.8474E-02  0.0000E+00  0.0000E+00  0.0000E+00  0.6673E-02  0.0000E+00  0.2266E-02  0.0000E+00  0.0000E+00  0.0000E+00  0.0000E+00  0.0000E+00  0.0000E+00  0.0000E+00  0.0000E+00  0.0000E+00  0.0000E+00  0.0000E+00  0.0000E+00  0.0000E+00  0.0000E+00  0.0000E+00  0.0000E+00  0.0000E+00  0.0000E+00  0.0000E+00  0.0000E+00  0.0000E+00  0.0000E+00  0.0000E+00  0.0000E+00  0.0000E+00  0.0000E+00  0.0000E+00  0.0000E+00  0.0000E+00
  0.7046E-01  0.0000E+00  0.3393E-01  0.3383E-01  0.8846E-02  0.0000E+00  0.6798E-02  0.6891E-02  0.6115E-02  0.0000E+00  0.2266E-02  0.0000E+00  0.1816E-01  0.1831E-01  0.1695E+00  0.1712E+00  0.0000E+00  0.0000E+00  0.0000E+00  0.0000E+00  0.2480E-01  0.2328E-01  0.9892E-01  0.1020E+00  0.3383E-02  0.3352E-02  0.1049E-01  0.1040E-01  0.0000E+00  0.0000E+00  0.0000E+00  0.0000E+00  0.5339E-02  0.5090E-02  0.4563E-02  0.4873E-02  0.3318E-01  0.3383E-01  0.1738E-02  0.1831E-02
 Events:
        2227           0           0           0         273           0           0           0         215           0          73           0           0           0           0           0           0           0           0           0           0           0           0           0           0           0           0           0           0           0           0           0           0           0           0           0           0           0           0           0
        2270           0        1093        1090         285           0         219         222         197           0          73           0         585         590        5462        5517           0           0           0           0         799         750        3187        3286         109         108         338         335           0           0           0           0         172         164         147         157        1069        1090          56          59
 Accuracy:    0.076   0.100   0.037   4.165
 Finished due to accuracy    7.6447512751754154E-002  0.10000000000000001     

 -------------------------------------------------------------------------------
 Accumulated results:   Integral =  0.6473E+00
                        Std dev  =  0.2425E-01
                       Cross sec =  0.6473E+00
             Chi**2 per DoF.     =      4.1650
 -------------------------------------------------------------------------------
 Found          617  events.
 Wrote           75  events.
 Actual xsec   0.68454638434956105     
 Correct abs xsec   0.68454638434956105     
 Event xsec   0.68454638434956039     
 Events wgts > 1:            2
 % Cross section > 1:    5.0857512455589702E-003  0.74293741984939843     
-------------------------------------------------
---------------------------
 Results Last   3 iters: Integral =   0.6845E+00
                     Abs integral =   0.6845E+00
                          Std dev =   0.2883E-01
                  Chi**2 per DoF. =      1.2392
-------------------------------------------------
---------------------------
 Status  0.10000000000000001                7           7

ls status:
events.lhe
ftn26
input_app.txt
results.dat
run1_app.log
