  0.00000013388345472  0.00000014029103912  0.00000014692642674  0.00000015367460355
  0.00000016142576501  0.00000016995558064  0.00000017609481080  0.00000018100882864
  0.00000018686855096  0.00000019376802084  0.00000020119714276  0.00000020998233812
  0.00000021957699945  0.00000023774353838  0.00000025206945646  0.00000026643384396
  0.00000028046959604  0.00000029357069543  0.00000030921219326  0.00000032577030882
  0.00000034224643404  0.00000036556494336  0.00000039124055007  0.00000041926216046
  0.00000044410871390  0.00000047160652881  0.00000049476128301  0.00000051380489473
  0.00000053262600596  0.00000055160992898  0.00000057099916011  0.00000059520952307
  0.00000062437481432  0.00000065940107201  0.00000068333131432  0.00000070634111555
  0.00000072887020834  0.00000075007098043  0.00000077325966273  0.00000079951202116
  0.00000082805468996  0.00000085732873464  0.00000088847072244  0.00000092602431628
  0.00000097176946473  0.00000103923441466  0.00000111623980765  0.00000122001747778
  0.00000131311067009  0.00000141576007971  0.00000151421498497  0.00000160795556386
  0.00000170434471621  0.00000180390033526  0.00000190355069317  0.00000200408288772
  0.00000213342749996  0.00000226323585373  0.00000240422689371  0.00000254293116687
  0.00000269630682935  0.00000283803710103  0.00000298948809943  0.00000312298383386
  0.00000326609033800  0.00000344380819928  0.00000371666175267  0.00000400223118981
  0.00000432180841447  0.00000476232437589  0.00000525182265121  0.00000584302268540
  0.00000656819230274  0.00000736996088648  0.00000826176216427  0.00000924863921532
  0.00001048147170810  0.00001192284523362  0.00001357139952951  0.00001567020329706
  0.00001861923684643  0.00002254932360227  0.00002755553946739  0.00003414746155333
  0.00004385735813282  0.00005645899468539  0.00007458304390744  0.00010338234391416
  0.00014595267562487  0.00023607949723551  0.00034553448037605  0.00054937494963359
  0.00099149553995124  0.00287065802612200  0.00799131225043058  1.00000000000000000
  0.00000174284171319  0.00000178013384361  0.00000181486253268  0.00000185254392643
  0.00000187471125363  0.00000189573138924  0.00000191220664595  0.00000192690388924
  0.00000194139588186  0.00000195579235535  0.00000198657797249  0.00000202765710399
  0.00000206849405080  0.00000211291952442  0.00000216100443838  0.00000221559077714
  0.00000226325799130  0.00000231000504552  0.00000235733655414  0.00000240789223767
  0.00000247195332697  0.00000253893921804  0.00000262566880980  0.00000272317113505
  0.00000281259873385  0.00000289624621062  0.00000299697273360  0.00000307110084541
  0.00000314660347040  0.00000322463073941  0.00000330672795883  0.00000343111417802
  0.00000354733540058  0.00000366190647943  0.00000377668409082  0.00000390542352108
  0.00000405462504735  0.00000420592022054  0.00000435011268431  0.00000448515035295
  0.00000464012701247  0.00000485968539210  0.00000511571647662  0.00000538095918046
  0.00000565518073265  0.00000596781759634  0.00000627732772599  0.00000662018009175
  0.00000699833769836  0.00000737944312821  0.00000778131146298  0.00000818919244698
  0.00000859029127750  0.00000899812461365  0.00000939524169139  0.00000983465617103
  0.00001030571215543  0.00001088729417010  0.00001160784604774  0.00001243127318136
  0.00001340564607310  0.00001444060805986  0.00001551565612817  0.00001663800985959
  0.00001790564861474  0.00001924121385657  0.00002079944706851  0.00002243158348699
  0.00002441120685432  0.00002653523642968  0.00002927260591323  0.00003235332026529
  0.00003596314510366  0.00003998911249725  0.00004475173199183  0.00005186813684235
  0.00006063156787108  0.00007084451706196  0.00008346590720177  0.00009842160889044
  0.00011507335201390  0.00013042605906363  0.00014751160094388  0.00016482926300327
  0.00019136575315158  0.00022959540818293  0.00027243764532350  0.00034428335852069
  0.00044861398899430  0.00052472752898353  0.00062196810507506  0.00071646782900738
  0.00096345659938602  0.00187521439838710  0.02108820852666565  1.00000000000000000
  0.00000319145749995  0.00000334060523002  0.00000353021471740  0.00000375973649496
  0.00000399969498746  0.00000423952151053  0.00000449780397032  0.00000473396110374
  0.00000495119214617  0.00000517823399817  0.00000539594711306  0.00000568417252849
  0.00000593663125197  0.00000612977710601  0.00000628879575512  0.00000645337212502
  0.00000661976025090  0.00000678968165240  0.00000697949397778  0.00000728639025012
  0.00000762146102295  0.00000798217244839  0.00000842059118945  0.00000891007579574
  0.00000930697478626  0.00000967195463114  0.00001002322562716  0.00001041676068412
  0.00001078099869653  0.00001112742873329  0.00001149351508858  0.00001190172412631
  0.00001241949656722  0.00001298889857751  0.00001357931119145  0.00001412024254032
  0.00001472707118969  0.00001521070182330  0.00001569352976037  0.00001617085677824
  0.00001686062537313  0.00001781302557400  0.00001883602370296  0.00001997087910162
  0.00002112171922139  0.00002225891246368  0.00002353239012172  0.00002499443974857
  0.00002631616413034  0.00002766031130659  0.00002900462561286  0.00003030789509932
  0.00003162742890231  0.00003371515379386  0.00003578805244532  0.00003799613085790
  0.00004025387011430  0.00004276530856034  0.00004557222940331  0.00004844984905171
  0.00005148626574915  0.00005425935122880  0.00005695946416631  0.00006023966473925
  0.00006426449160325  0.00006889073631911  0.00007358456243717  0.00007824301157118
  0.00008274422380709  0.00008797290035423  0.00009414042852490  0.00010144518678331
  0.00010838040138949  0.00011526214981188  0.00012242106036244  0.00013173278971710
  0.00014297572147533  0.00015467973742396  0.00016972852399081  0.00018744014999210
  0.00021167113879332  0.00024363413953351  0.00027816129923278  0.00031515929815240
  0.00035102828332989  0.00039371258538827  0.00045060505994079  0.00051014607637079
  0.00057859089541457  0.00067195096381819  0.00079824754832526  0.00100916603644063
  0.00149352690883469  0.00280845944065935  0.03739256074794364  1.00000000000000000
  0.00000121192318386  0.00000207438078525  0.00000244815654698  0.00000275801890021
  0.00000305613020386  0.00000333249101945  0.00000358534884739  0.00000386022115579
  0.00000417209923211  0.00000452945957077  0.00000486925753636  0.00000523144449013
  0.00000560646936645  0.00000600428707182  0.00000645388966729  0.00000694177667426
  0.00000748309759846  0.00000808191620087  0.00000869905865468  0.00000935418168005
  0.00001001701313215  0.00001067049751881  0.00001150073496287  0.00001239803784781
  0.00001334059330411  0.00001417147042772  0.00001506087880418  0.00001586783844969
  0.00001676714838852  0.00001783337308353  0.00001881509568045  0.00002007987920350
  0.00002153524972506  0.00002298028338534  0.00002466821977116  0.00002637768088449
  0.00002817255783825  0.00003006004481803  0.00003173777653201  0.00003341015222539
  0.00003516826799226  0.00003716247163170  0.00003979178219930  0.00004281138817747
  0.00004620986229840  0.00004940570434918  0.00005257137912254  0.00005556480010382
  0.00005818775777280  0.00006134011580711  0.00006477003812662  0.00006854171424477
  0.00007315732821672  0.00007822941832842  0.00008326157109299  0.00008836475151397
  0.00009359116865798  0.00009999215082602  0.00010803512607870  0.00011567705415228
  0.00012278028425571  0.00013013762997644  0.00013787877240210  0.00014674346371591
  0.00015691094416558  0.00016699231081700  0.00017751581027728  0.00019020356213330
  0.00020268241527080  0.00021352958720948  0.00022508916370004  0.00023658708513459
  0.00024909322171609  0.00026017784551737  0.00027148595615651  0.00028734995983904
  0.00030770592829255  0.00032449181074380  0.00034865855754153  0.00037533404112077
  0.00040347822012703  0.00043893926233705  0.00047818419001667  0.00052124169426372
  0.00057008929360627  0.00061990127300357  0.00066075316248428  0.00071293564688916
  0.00077293266822844  0.00086222193535587  0.00101222500129016  0.00127558604099272
  0.00170103772568951  0.00249963732770180  0.03384594525625400  1.00000000000000000
 -0.00149814694981524  0.00883507488272613  0.01887868376862472  0.03032513018380345
  0.04212705747053404  0.05434037685025885  0.06707457827959845  0.08041339558097917
  0.09101887022806636  0.10068531341790751  0.11088982092508808  0.12123706108661723
  0.13144038494004751  0.14027567827457121  0.14708022449469943  0.15426194816398384
  0.16223831842966210  0.17157689706832943  0.18227628141661451  0.19284480666868192
  0.20272390471204346  0.21248089491894956  0.22315550126918787  0.23321025938474310
  0.24313226076059671  0.25408529049759865  0.26656523575570612  0.27929033961864180
  0.29142741294060176  0.30294480030567478  0.31397176693889572  0.32507114085715422
  0.33630958398947708  0.34729228405404744  0.35838203764655130  0.37056758106308063
  0.38321650017137654  0.39649213950267792  0.40943487913498827  0.42113445222383850
  0.43340886243416521  0.44559187088056290  0.45733533473677401  0.46810980573717914
  0.47904146628181271  0.48966585360404014  0.50010526067384775  0.51099315268157919
  0.52199479212053201  0.53252393215467975  0.54241367873646662  0.55230239280222282
  0.56338918928479087  0.57502498573327154  0.58436833650341913  0.59059641250299633
  0.59655256164970283  0.60301485650821274  0.61086721759359253  0.62086876599400298
  0.62897148188257856  0.63683251621805492  0.64272832764070975  0.64835201706281553
  0.65367269111318305  0.65931510950461336  0.66719465276646661  0.67649396992352606
  0.68702118466139250  0.69787882449620298  0.70811936645738771  0.71832842543625630
  0.72981557373614703  0.74096125517593081  0.75216290182173740  0.76505826994298021
  0.77827224210729473  0.79096258604652814  0.80397247901350233  0.81687046041989442
  0.82779373917765697  0.83784375245634157  0.84886600301952508  0.86227257803468660
  0.87767928805194595  0.89251378291889749  0.90672230606795112  0.91957548721083615
  0.93024538758925190  0.94003046955971648  0.94923746306945223  0.95945102376520952
  0.97097840025477389  0.98099776536814454  0.99079344143089187  1.00000000000000000
 -0.00305281123933645  0.01218854302904000  0.02274494590564383  0.03418091837671814
  0.04405994941078142  0.05436026983282443  0.06538004904332759  0.07696891146800616
  0.08941449609740205  0.10157286477463963  0.11326059928844461  0.12646545802743658
  0.13934751070693230  0.15109841787485520  0.16161087485452430  0.17171714775823999
  0.18094755931118606  0.18958315736567821  0.19862767189125646  0.21004894583297121
  0.22232574103421560  0.23395354231831184  0.24544091510824018  0.25646296007040648
  0.26845527873617892  0.28138142053370274  0.29451484487707685  0.30732202940996239
  0.32029224822928121  0.33427645501583259  0.34741435308255958  0.36026509240175658
  0.37396485999443291  0.38843400232566361  0.40294052433929567  0.41790335406722856
  0.43130432329755819  0.44237574083465403  0.45154533830157462  0.46069924707487631
  0.47078755222900998  0.48094161319286910  0.49007583374076918  0.49836762157674858
  0.50702526371712786  0.51607203039108618  0.52460998272324078  0.53288047159205321
  0.54056733786397171  0.54901402510482378  0.55702803176601612  0.56668929946698632
  0.57674769273387438  0.58570554193606617  0.59403579120496164  0.60280449614540288
  0.61177932385495770  0.62250683590083455  0.63556819564833034  0.64586040628809294
  0.65379121878218938  0.66072822918847529  0.66755013766881321  0.67661810741885109
  0.68724219928739350  0.69876189011579215  0.70974680627358366  0.71978965507706005
  0.73021809259355708  0.74087726853959968  0.75155075283179418  0.76149515089115094
  0.77116643814657848  0.78305104694404515  0.79544402629046618  0.80872732043818307
  0.81991579669360970  0.83262664800609620  0.83920234681656025  0.84636983142409883
  0.85364836390050935  0.86114865927492479  0.86951778838553540  0.87915712163716675
  0.88812227943382738  0.89785666655152341  0.90778172781065058  0.91859383243799275
  0.93072375906863569  0.94229423001948376  0.95296592166222427  0.96355569730688662
  0.97344807374861042  0.98233570685737492  0.99046294438535987  1.00000000000000000
 -0.00293083415613590  0.01224708094434570  0.02530703053572241  0.03824309549496883
  0.04985445060557883  0.06036156477324062  0.07119463910601427  0.08254489851644754
  0.09526067667289360  0.10544538739754795  0.11362871791209778  0.12129054790111141
  0.12815828354525080  0.13694678883647962  0.14740776145416193  0.15718933330979395
  0.16775122072455562  0.17542764154819054  0.18308044774214463  0.19081575239056792
  0.19855018195348417  0.20900588750644111  0.22041251182037805  0.23123711129674124
  0.24111671767943188  0.25066579450814630  0.26122102637618627  0.27270747318921351
  0.28690836725210062  0.30080678540857364  0.31406957091895082  0.32816321401122128
  0.33914788444978211  0.34674598438336574  0.35293822308122802  0.35903208862916680
  0.36693200951595401  0.37540394648525927  0.38341383880207874  0.39148699814686921
  0.40297989137967771  0.41668067173690132  0.43125595446728959  0.44374121571448644
  0.45552801103804630  0.46581151253228958  0.47569656138903177  0.48609888447279209
  0.49703475451395429  0.50887719724021307  0.52021985549415772  0.52995584367970949
  0.54013252482253382  0.54979818206516451  0.55980293934089842  0.56940250107515200
  0.57929668521140010  0.58858191229220203  0.59701832910836949  0.60599625911135813
  0.61503912548076578  0.62455380709879260  0.63454022105742436  0.64313343054332861
  0.65437511469563081  0.66382937492871263  0.67140756576160909  0.67825591163605548
  0.68491279794423665  0.69100316659261929  0.69851207779381685  0.71088074995302331
  0.72461320331034162  0.73917585057696977  0.75368085439566190  0.76760476603238870
  0.78064684460305955  0.79265014039394943  0.80399699459497054  0.81554270654680150
  0.82679520237667758  0.83702436747257647  0.84537129749660822  0.85393566604960391
  0.86395271038914523  0.87495252695731107  0.88800753049974834  0.90110460304025819
  0.91351406821509218  0.92523563768810546  0.93657049668878045  0.94817091277196552
  0.96000969526648749  0.97259766715396034  0.98641185144126209  1.00000000000000000
 -0.00005958118352055 -0.00002114168083369  0.00001729782185318  0.00008873660861653
  0.00021076069725228  0.00033278478588802  0.00042921152309062  0.00051629395243194
  0.00060331679517835  0.00065276143043463  0.00070220606569091  0.00075438975565217
  0.00081008667773763  0.00086704771613872  0.00093053051450944  0.00099485763734659
  0.00106343471815563  0.00113594535395629  0.00121914769736457  0.00129767353866927
  0.00136949653057932  0.00144202050368354  0.00151655418850654  0.00158912586078192
  0.00165302601845420  0.00171692617612649  0.00178754517025978  0.00186042496347761
  0.00193172302654864  0.00200197181437685  0.00207871081046999  0.00216632544379340
  0.00225275044464479  0.00233833087873299  0.00243064813360437  0.00252526464461231
  0.00261019728520241  0.00269525762501368  0.00278102164343966  0.00286776588833446
  0.00295759633061753  0.00304978662138103  0.00314566976291428  0.00324829527330554
  0.00335386891098362  0.00345508310339330  0.00356539693677711  0.00368419148335417
  0.00380819994483354  0.00394125542540889  0.00408363024359374  0.00420063623846940
  0.00427263183853269  0.00434462743859598  0.00441608782213756  0.00448748753323186
  0.00455644365785352  0.00462204352788711  0.00468764339792071  0.00478624220870179
  0.00490117628339600  0.00504351857236658  0.00527714708044945  0.00555039609769365
  0.00584140625127595  0.00617384610909694  0.00650939399714725  0.00680423598479027
  0.00710292086469471  0.00739804768706838  0.00771109082453152  0.00808007287130910
  0.00879748449025272  0.00917964709292721  0.00946596878192113  0.00973780373004241
  0.00999908073611215  0.01044199183011558  0.01112325137802377  0.01155474810517896
  0.01204727730988214  0.01244975141168315  0.01292338288025985  0.01450258385184375
  0.01583136493437433  0.01659371327100290  0.01815814035843392  0.01873310516786124
  0.01994461157504792  0.02114241257309288  0.02179889983350730  0.02251369496704742
  0.02380561646099037  0.03214237010952666  0.09149244173138070  1.00000000000000000
 -0.00279444867085547  0.01029032614216640  0.01713350489981663  0.02351188414436989
  0.02933703826375301  0.03548754180114876  0.04039601487009829  0.04598200799126585
  0.05261690530952595  0.06011549393089450  0.06927251334684907  0.07900564013744329
  0.08904803888700180  0.10023932415017406  0.11079863873276359  0.12029007562351281
  0.12873285508748120  0.13484688779114171  0.14073082499674966  0.14697363758136045
  0.15395014856900210  0.16386029359679069  0.17436557540836048  0.18551310139044166
  0.19911813644141504  0.21299633295281259  0.22789764667461229  0.24397455253206565
  0.26073472655373586  0.27652148631232970  0.28996808087074488  0.30157707663754896
  0.31425022507270112  0.32917831770546119  0.34234453006038018  0.35473396828004322
  0.36650368139699108  0.37768798203282233  0.38799723409996817  0.39886444818361610
  0.40983012010407271  0.42079577602575879  0.43280628236120561  0.44832030670311046
  0.46142120155290595  0.47178537427683404  0.48066354467851929  0.48885475005881868
  0.50032160435787554  0.51505003783317094  0.53141076957013977  0.54728196082587988
  0.56172863277552698  0.57472727391412837  0.58721646984687403  0.59984360002441617
  0.61227876112315072  0.62471681764524634  0.63698821100280600  0.64810648889540756
  0.65926664921675782  0.67167661831647263  0.68401136748289737  0.69325945421919366
  0.70121315079175306  0.70986442355714152  0.72069136603493278  0.73259292742239013
  0.74166948445021585  0.74971075251632313  0.75768765959847473  0.76590490320975901
  0.77504710825277046  0.78314221191685940  0.79029239469284474  0.79972719085848387
  0.81181738763856692  0.82644134715349460  0.84058577477336771  0.85580710271826788
  0.87047940809677171  0.88278720402364907  0.89390899713046745  0.90585671560704206
  0.91575000872395684  0.92445506629859364  0.93278169088691154  0.94099640325362877
  0.94999627886435312  0.95809113521601186  0.96538692970335360  0.97258970073248141
  0.97923889205286063  0.98587174640039610  0.99299639708945175  1.00000000000000000
 -0.00005821474120001  0.00005025946749004  0.00013965048957424  0.00022904151165845
  0.00031439897437110  0.00039774581066613  0.00048109264696117  0.00054107661882888
  0.00057747632137402  0.00061387602391916  0.00065373688815714  0.00069478326607704
  0.00073545097746514  0.00077525060957274  0.00081505024168035  0.00085328894395627
  0.00089110293616682  0.00092896505213200  0.00096713213540167  0.00100529921867133
  0.00104616551305692  0.00109017397088600  0.00113418242871507  0.00117775951493643
  0.00122125291199725  0.00126517374692562  0.00131101743276837  0.00135686111861113
  0.00139614009625984  0.00143207276380856  0.00146800543135729  0.00150338985911682
  0.00153809858427428  0.00157280730943174  0.00160760674345108  0.00164259162154412
  0.00167757649963717  0.00171685252316599  0.00176588791050339  0.00181544588013896
  0.00186799874916970  0.00191985027767714  0.00196724956752863  0.00201464885738012
  0.00206094595931672  0.00210712709040885  0.00215277160129234  0.00219813056696924
  0.00224461287622191  0.00229308003942908  0.00234388919730093  0.00240314525029604
  0.00246583502352322  0.00253250474196651  0.00261781200981245  0.00270592998258492
  0.00279107425574736  0.00286894581901367  0.00293623171714300  0.00299282162572621
  0.00304621821370450  0.00310462846906915  0.00316439858176792  0.00322746893835880
  0.00329124465659205  0.00338922233225103  0.00349059807456560  0.00360399753740886
  0.00379375288772295  0.00420198865986224  0.00437684415066899  0.00455256264028420
  0.00474898474634871  0.00490488959220936  0.00502666134714020  0.00514848106254845
  0.00529553757213635  0.00543172935804352  0.00561634396420018  0.00583126995628960
  0.00616364028248789  0.00662379457590308  0.00689188294623597  0.00712586480391610
  0.00744208265989101  0.00766730905156712  0.00864589731406816  0.00899298415347617
  0.00989343063827691  0.01012836198785203  0.01036450779176069  0.01231778887058464
  0.01305611416381513  0.01866773797081286  0.07573486306096720  1.00000000000000000
 -0.00130370227990377  0.00284015692618066  0.00877537125284104  0.01422422182476444
  0.01859714553713545  0.02252373927996917  0.02647434102884870  0.03066363440551170
  0.03673280039869714  0.04725615398650298  0.05830073029905741  0.06847464333953260
  0.07702028776592090  0.08662698908537785  0.09602001938325327  0.10449329247440359
  0.11150290313047258  0.11782182159620430  0.12480168787725833  0.13420514621588264
  0.14323515933406553  0.15108555322947506  0.15905961922646106  0.16687686656744899
  0.17440868343526036  0.18227790123434429  0.19081299469609839  0.19974807779901152
  0.20981381393629148  0.22020745114899545  0.23131374833167997  0.24292080362925650
  0.25814053448398466  0.27365193323466569  0.28803872386049389  0.30224649118883518
  0.31698204240267946  0.33285875229356454  0.34901524387665556  0.36592854103310696
  0.38167946244173595  0.39726842552317587  0.41344128727324975  0.43218537892322401
  0.45102007359476487  0.46758789873271767  0.48092180320445177  0.49185281037859163
  0.50289934759866917  0.51281911747981423  0.52324213262023900  0.53513970832612578
  0.54748190316447998  0.56182746362869818  0.57852518831506883  0.59663239823022463
  0.61373524298289395  0.63296086518240069  0.65151930612769215  0.66840582074370058
  0.68306933518550428  0.69690688667503442  0.71008634810379057  0.72513041654260413
  0.73919305581389949  0.75432144162567139  0.77050165404229287  0.78441624264015186
  0.79666834988024837  0.80775417623322077  0.81805318852071496  0.82728561495054964
  0.83627573817725631  0.84537678546596406  0.85409847285323248  0.86264814859353744
  0.87139193937369386  0.88026049850904431  0.88871594863800074  0.89651895761477252
  0.90383727532621472  0.90998968835186600  0.91534766521475164  0.92064548308465144
  0.92584769438036452  0.93209916021911687  0.93856152636781243  0.94520532089586995
  0.95195723006425881  0.95854799660765977  0.96467334387857762  0.97080642599653377
  0.97750528086084987  0.98540441393036438  0.99314796494411128  1.00000000000000000
  0.52678168190922325  0.53156471406298400  0.54277083033912954  0.55602372489520768
  0.56804534621741909  0.57915903680297387  0.58872051852530094  0.60836121695581036
  0.62087848576537275  0.63031873074890343  0.63940173401063172  0.64611746703649309
  0.65133867431506254  0.65627926852774576  0.66245680966765064  0.67011888670902320
  0.67788174539912649  0.68428789331844420  0.68952354424004858  0.69454851827935959
  0.69971723029641042  0.70563575751847907  0.71228794512076388  0.71868518130881531
  0.72456338555031641  0.73041150946209277  0.73557850589492091  0.74060812812244192
  0.74626821880684913  0.75315467891041576  0.76049744241832795  0.76679181261870322
  0.77296624698669003  0.77849784782906306  0.78354424519863330  0.78820313926586216
  0.79274154626039617  0.79752230022383930  0.80303008069042670  0.80835773884464135
  0.81342975585287947  0.81809998759738101  0.82240057856965165  0.82680588234875807
  0.83146507652237978  0.83653636883673921  0.84164672920231642  0.84652168092932567
  0.85077634023624837  0.85496327943576089  0.85926713218818762  0.86362752342468863
  0.86785721307874553  0.87200661807168678  0.87625064149167209  0.88058427522415905
  0.88524879595717842  0.88969120721748840  0.89420399549062635  0.89846520300657418
  0.90251019543563804  0.90623857616199255  0.91000507365701577  0.91324465818778888
  0.91602260858642504  0.91869082139461233  0.92115901512301346  0.92363528754585156
  0.92635166980518380  0.92947010525693352  0.93255102114029287  0.93563530216323854
  0.93900946310228928  0.94212293736082242  0.94488608121552553  0.94754180844921265
  0.94999086080839967  0.95248384497199567  0.95486768455784954  0.95715324357407006
  0.95944392881130902  0.96170245833674117  0.96408524993378308  0.96667464917564039
  0.96927002514195293  0.97184104366657909  0.97433970288208605  0.97671988112257091
  0.97921607082322037  0.98178869313533546  0.98443999735405752  0.98716488611146336
  0.98996553435688839  0.99297550045002425  0.99632121164288301  1.00000000000000000
  0.04337829413649132  0.14433452549140743  0.15226741440236288  0.15917965531494302
  0.16564851622474461  0.17501725519844966  0.18312626205157853  0.19062572611345330
  0.19987200048287002  0.20899511384613123  0.21656627302747070  0.22347451535374910
  0.22988817522076696  0.23372928625063183  0.23867781608011793  0.24533137604777708
  0.25171633205376959  0.25709748174105240  0.26220885821227402  0.26759422659381082
  0.27366527323384249  0.27969465228530416  0.28464970856383010  0.28939728736325271
  0.29409702260753545  0.29948311566029018  0.30444002824756478  0.30908073096552940
  0.31377159157136053  0.31854473544973810  0.32386717118215780  0.32955885050905004
  0.33569473679721140  0.34190487649006313  0.34775197103272776  0.35325550181424648
  0.35938895842443008  0.36595933113215673  0.37274505673519565  0.38026569389051534
  0.38748970399824634  0.39482176144462733  0.40237378597079493  0.41005603978049338
  0.41724408408311231  0.42408922618339456  0.43103042729310664  0.43722421556601698
  0.44291222493090576  0.44851424254788919  0.45430090959980152  0.46036100095766386
  0.46598435126582533  0.47140067788400886  0.47709641691629212  0.48287417367041346
  0.48764363443419306  0.49231920977482152  0.49686336512495433  0.50312495966588611
  0.50957240738225007  0.51565446228715028  0.52056596966297708  0.52654584797825232
  0.53240478764672861  0.53903078254971815  0.54617948636318248  0.55402300086411194
  0.56213014356894331  0.56983476927582233  0.57709994077053106  0.58450549055649881
  0.59254086690017360  0.60148755148028143  0.61019708797158234  0.61789292281840835
  0.62459130361361426  0.63173680741179061  0.64057950427224197  0.65175474943126144
  0.66114363642127794  0.67002917553603925  0.67903676076123021  0.68851099544528260
  0.70053443477284194  0.71235681243508020  0.72355861667916088  0.73489893735389433
  0.74754834323967290  0.76231620200387962  0.77905752207468149  0.79854875696035799
  0.81972252610055385  0.84496786464483120  0.88122113389627021  1.00000000000000000
   2.1289366889202672E-005  -1.0000000000000000     
 F F F F F F F F F F F F F F F F F F F F F F F F F F F F F F F F F F F F F F F F F F F F F F F F F F F F F F F F F F F F F F F F F F F F F F F F F F F F F F F F F F F F F F F F F F F F F F F F F F F F F F F F F F F F F F F F F F F F F F F F F F F F F F F F F F F F F F F F F F F F F F F F F F F F F F F F F F F F F F F F F F F F F F F F F F F F F F F F F F F F F F F F F F F F F F F F F F F F F F F F F F F F F F F F F F F F F F F F F F F F F F F F F F F F F F F F F F F F F F F F F F F F F F F F F F F F F F F F F F F F F F F F F F F F F F F F F F F F F F F F F F F F F F F F F F F F F F F F F F F F F F F F F F F F F F F F F F F F F F F F F F F F F F F F F F F F F F F F F F F F F F F F F F F F F F F F F F F F F F F F F F F F F F F F F F F F F F F F F F F F F F F F F F F F F F F F F F F F F F F F F F F F F F F F F F F F F F F F F F F F F F F F F F F F F F F F F F F F F F F F F F F F F F F F F F F F F F F F F F F F F F F F F F F F F F F F F F F F F F F F F F F F F F F F F F F F F F F F F F F F F F F F F F F F F F F F
  <DiscreteSampler_grid>
  grouped_processes
  1 # 1 for a reference and 2 for a running grid.
  10 # Attribute 'min_bin_probing_points' of the grid.
  1 # Attribute 'grid_mode' of the grid. 1=='default',2=='initialization'
  0.0000000000000000 # Attribute 'small_contrib_threshold' of the grid.
  0.5000000000000000 # Attribute 'damping_power' of the grid.
 # binID   n_entries weight   weight_sqr   abs_weight
    19   10   6.253279600350419E-001   3.114047876479500E+000   6.253279600350419E-001
    20   10   6.253279600350410E-001   3.114047876479491E+000   6.253279600350410E-001
    22   10   1.570162835756540E-001   1.975059524976114E-001   1.570162835756540E-001
    23   10   1.570162835756538E-001   1.975059524976106E-001   1.570162835756538E-001
    25   10   6.145219020482485E-001   3.004914892907327E+000   6.145219020482485E-001
    26   10   6.145219020482475E-001   3.004914892907316E+000   6.145219020482475E-001
    28   10   1.518459132336672E-001   1.839142468782174E-001   1.518459132336672E-001
    29   10   1.518459132336670E-001   1.839142468782167E-001   1.518459132336670E-001
    34   10   6.253279600350417E-001   3.114047876479500E+000   6.253279600350417E-001
    35   10   6.253279600350410E-001   3.114047876479490E+000   6.253279600350410E-001
    37   10   1.570162835756539E-001   1.975059524976112E-001   1.570162835756539E-001
    38   10   1.570162835756538E-001   1.975059524976105E-001   1.570162835756538E-001
    40   10   6.145219020482482E-001   3.004914892907323E+000   6.145219020482482E-001
    41   10   6.145219020482474E-001   3.004914892907314E+000   6.145219020482474E-001
    43   10   1.518459132336672E-001   1.839142468782172E-001   1.518459132336672E-001
    44   10   1.518459132336670E-001   1.839142468782167E-001   1.518459132336670E-001
  </DiscreteSampler_grid>
