 -0.00203021815584332  0.00587226876449211  0.01351537293536361  0.02116032584640473
  0.03266383311807614  0.04383175560918709  0.05504972408902224  0.06605115941707472
  0.07737449421298939  0.08923277912417833  0.10163548106523555  0.11327573433432077
  0.12380609161702970  0.13389999950497292  0.14416563908278146  0.15477306137445793
  0.16511493299051913  0.17528127874303823  0.18531315287923500  0.19559597140580881
  0.20604839939878986  0.21773233644317777  0.22971201614549860  0.24161457067903871
  0.25322116645956583  0.26498040968840308  0.27624890358846549  0.28740384915491096
  0.29858015114985476  0.31002514844092816  0.32108014801815066  0.33220280142557990
  0.34297027790491108  0.35311552819229508  0.36272365320939565  0.37223247203840831
  0.38277396700759886  0.39436601839161678  0.40561173964270486  0.41815101418611977
  0.42987322621036905  0.44089720673880678  0.45128109832788810  0.46165190250338178
  0.47226226728144932  0.48309396463356269  0.49289039974042570  0.50267228160604693
  0.51273273690516663  0.52397211243514552  0.53570913007459708  0.54672045140894510
  0.55757548087630671  0.56783122226950755  0.57811249133207643  0.58756335097720713
  0.59705007421963241  0.60640837118749258  0.61615169741025622  0.62569323099300533
  0.63538331982442320  0.64452292738875239  0.65433412505943267  0.66365623718668043
  0.67349123497756902  0.68327725678098683  0.69366382060188214  0.70424202729144492
  0.71475375372268302  0.72501974180585715  0.73587947335006798  0.74692632483065635
  0.75852913737481586  0.77031985749834220  0.78199857485284219  0.79310328521158058
  0.80407153574667389  0.81499050231441394  0.82634214105428783  0.83778231125385783
  0.84939126845830115  0.86052047492006600  0.87158809917822955  0.88173410855678358
  0.89197063729027459  0.90169401402887084  0.91139208336934086  0.92136371259003857
  0.93192155890804751  0.94220439242083065  0.95200738242619631  0.96143182190332754
  0.97111522865814159  0.98074879519870950  0.99036353345181527  1.00000000000000000
  0.00001023097382981  0.00002153919853105  0.00002709761218719  0.00003265602584332
  0.00003821443949945  0.00004377285315558  0.00004677994305250  0.00004801313913802
  0.00004924633522354  0.00005047953130906  0.00005320160428042  0.00006006726455113
  0.00006831453404836  0.00007626457431356  0.00008358614801386  0.00009055539894252
  0.00009716994942308  0.00010368306131068  0.00011059969066039  0.00011775026580828
  0.00012462771768755  0.00013142538595852  0.00013830818509847  0.00014512816169283
  0.00015186142133656  0.00015892347420919  0.00016628458361049  0.00017396781628755
  0.00018188671828054  0.00019007739533680  0.00019875954972257  0.00020754053462368
  0.00021648808592206  0.00022591453673743  0.00023590311774808  0.00024653922921506
  0.00025743873147852  0.00026808360497019  0.00027903177528000  0.00029049657592359
  0.00030225377502102  0.00031461947503053  0.00032737207682093  0.00034052796651786
  0.00035439634837480  0.00036816393798784  0.00038149902664467  0.00039517349746892
  0.00041025965757631  0.00042671729269924  0.00044421418516253  0.00046268896946977
  0.00048194415833348  0.00050262622828326  0.00052447702877595  0.00054748644248840
  0.00057077541745327  0.00059553158702003  0.00062153057849362  0.00064924590100040
  0.00067783955540370  0.00070683802094985  0.00074361012782087  0.00078230916938790
  0.00082171906434108  0.00086209487344175  0.00090419449477900  0.00094978482333778
  0.00099830724602434  0.00104735558368407  0.00109307567179687  0.00114110308938237
  0.00119064050493550  0.00125732199533603  0.00134058729397691  0.00142821848740572
  0.00150585042946782  0.00158698435716965  0.00167473783388342  0.00176971358911580
  0.00188187825599061  0.00201776513244036  0.00218069833974472  0.00237324741076539
  0.00255971604431725  0.00270971146725732  0.00286134671798533  0.00302963012357982
  0.00325952664356572  0.00351538140296168  0.00375600606921102  0.00410564499456169
  0.00474580683026109  0.00563805416114498  0.04490059526306602  1.00000000000000000
  0.00000138019957096  0.00000141425568932  0.00000145353814161  0.00000150883769316
  0.00000156417043833  0.00000162173469174  0.00000168479715566  0.00000175009445759
  0.00000181746516068  0.00000188586022817  0.00000195439833698  0.00000202320734239
  0.00000209287657552  0.00000216663939429  0.00000224864098116  0.00000233056817353
  0.00000241346905104  0.00000250404798977  0.00000260123445006  0.00000270134771523
  0.00000280527342141  0.00000291153477918  0.00000303550695649  0.00000316597960293
  0.00000329890396485  0.00000343513737363  0.00000357518034486  0.00000371878052520
  0.00000386467482531  0.00000401191060948  0.00000416389665247  0.00000432574730236
  0.00000449797682189  0.00000467641583340  0.00000486482279351  0.00000505818514041
  0.00000524392613709  0.00000543916606183  0.00000566170163539  0.00000591252286239
  0.00000617651336266  0.00000644606952909  0.00000676575417127  0.00000707950846145
  0.00000741707000125  0.00000779351638618  0.00000821341126431  0.00000867318971633
  0.00000915422232006  0.00000963855615161  0.00001006054240080  0.00001050773443356
  0.00001099257642603  0.00001153262329304  0.00001216811849091  0.00001289260917718
  0.00001361434912130  0.00001443294574785  0.00001537616983613  0.00001639654685551
  0.00001748115209348  0.00001864451143143  0.00001987443836005  0.00002110263730268
  0.00002235191651418  0.00002375963478444  0.00002538961415094  0.00002732742876469
  0.00002947191226333  0.00003175543739295  0.00003434580582040  0.00003706537155179
  0.00004041192578319  0.00004379897432667  0.00004780964915091  0.00005206120854296
  0.00005754271218606  0.00006374165064368  0.00007090182269343  0.00007951595301230
  0.00009035209063237  0.00010428272599221  0.00012046536546444  0.00013937540518482
  0.00016382865336104  0.00019860071144884  0.00024624494442669  0.00031300730316352
  0.00039572257917923  0.00050727431760576  0.00067691270610116  0.00098237775252644
  0.00145249104218105  0.00264308358066935  0.01992383670070745  1.00000000000000000
  0.00000287306568745  0.00000309214671114  0.00000337009763077  0.00000365468246120
  0.00000393680439020  0.00000421889574214  0.00000450730416961  0.00000486984826559
  0.00000526629249600  0.00000566668363247  0.00000603117101277  0.00000641090499580
  0.00000680615650863  0.00000724609321612  0.00000770588456489  0.00000812782003342
  0.00000866034893891  0.00000923231166157  0.00000989614840380  0.00001051614177282
  0.00001112751323859  0.00001179933768371  0.00001254902563428  0.00001329448004520
  0.00001381325879378  0.00001435894886781  0.00001492945412084  0.00001558077485429
  0.00001649252435595  0.00001760005471427  0.00001876827204909  0.00002003210239697
  0.00002138305400708  0.00002276966177881  0.00002427483101391  0.00002577811076540
  0.00002732835659298  0.00002898280195387  0.00003081136295569  0.00003276727580583
  0.00003496226814200  0.00003726695188553  0.00003981153532518  0.00004250279911163
  0.00004543326490093  0.00004866619305927  0.00005213277819563  0.00005582144973730
  0.00005967911622740  0.00006400445844475  0.00006856953789953  0.00007360590065638
  0.00007887752006665  0.00008447935882519  0.00009037716420685  0.00009680167204890
  0.00010409752215956  0.00011198437615007  0.00012017434653634  0.00012904906812125
  0.00013828176284239  0.00014790138284733  0.00015788172723143  0.00016854734913788
  0.00018029595304964  0.00019310023054746  0.00020728014932305  0.00022287434732851
  0.00023902841359239  0.00025608278814445  0.00027485180153554  0.00029789100908142
  0.00032342425687749  0.00035045246121843  0.00038020172818944  0.00041377335430894
  0.00045031642864151  0.00048786456215664  0.00053533595560418  0.00058648400172409
  0.00065514240989435  0.00074395463396924  0.00084878893673168  0.00096092848036523
  0.00108912679776446  0.00123457222936728  0.00140577396230502  0.00159293394815743
  0.00183203686670770  0.00216479539846631  0.00271238108481693  0.00356471181780793
  0.00507685721128581  0.00740988715098049  0.02141903594248661  1.00000000000000000
 -0.00184786758455354  0.01043651772109390  0.02156783062125695  0.03311796374673774
  0.04424674707389835  0.05344777892817518  0.06185297345274172  0.06876153385418163
  0.07651428360950308  0.08475219485587150  0.09392352231198051  0.10544150452737916
  0.11661870061679025  0.12750272833740448  0.13837197774102841  0.14964395242450951
  0.16080318783428746  0.17123030796736990  0.18129672688506104  0.19127067957368601
  0.20098681113252104  0.21102964985438294  0.22137265994156671  0.23183189842391047
  0.24145727337092424  0.25096663328896612  0.26071793615432648  0.27081241459612232
  0.28089093593466424  0.29093225231514408  0.30126947209072313  0.31169983483009078
  0.32243241513363025  0.33316907974129795  0.34371256205601353  0.35435103877536273
  0.36502629337094483  0.37681754668777212  0.38859025971075067  0.39999352590515208
  0.41062900070364783  0.42105446984496747  0.43140291115800378  0.44180574835285041
  0.45242016686529679  0.46322589172324075  0.47422052550330390  0.48573202586954145
  0.49682990733206989  0.50734536104255312  0.51770085248653730  0.52782313642204770
  0.53736669170813178  0.54715616707454051  0.55690097112259007  0.56714689813722352
  0.57617181661554107  0.58556544696488244  0.59536424331673976  0.60553530657219068
  0.61567713611481345  0.62618373345328671  0.63760838959500121  0.64908688898876754
  0.66026053892130709  0.67120824776449839  0.68228518332426791  0.69318967438195989
  0.70407688527037371  0.71474919343518772  0.72517689118475503  0.73547620480455211
  0.74614134767457807  0.75714842664314996  0.76846030717819436  0.78016988223033112
  0.79169996370584139  0.80337862797439563  0.81535411293861904  0.82800400184387091
  0.84003480968935129  0.85179592925333836  0.86427923589496969  0.87638059468188112
  0.88735544148210233  0.89754380916875964  0.90716398045793489  0.91680493831496090
  0.92653474613775932  0.93666322136379976  0.94710527745986284  0.95732228024033439
  0.96792941606617111  0.97878017638810622  0.98976338122590557  1.00000000000000000
 -0.00232371395926534  0.00985416474994296  0.02067192056232768  0.03193918578169953
  0.04347568486391541  0.05573935159270252  0.06739390187403119  0.07797489039213543
  0.08902589781549243  0.10048493472552100  0.11191297090853143  0.12357943674778485
  0.13585885479208590  0.14737207895540491  0.15710929391643197  0.16647511618843086
  0.17583125011588943  0.18502477109012933  0.19409316737309515  0.20338245946937611
  0.21365441853200151  0.22484107865282396  0.23556549407633046  0.24569227996640042
  0.25527844225678009  0.26515466353935674  0.27588387474109638  0.28693455495659753
  0.29838992093746886  0.30931709100274241  0.32025854460142195  0.33140778549688910
  0.34305624030548343  0.35409902178689029  0.36454483067699611  0.37479217237159707
  0.38558750010312409  0.39687670918971452  0.40778846682736714  0.41829585595966073
  0.42831027052291748  0.43654068357490022  0.44510031605469225  0.45387770368095232
  0.46339599698600981  0.47443571133021306  0.48544904585431675  0.49635828643541696
  0.50665066441537898  0.51668301912660364  0.52660626022245371  0.53671733950179989
  0.54681514891855787  0.55728703637587296  0.56812522235038510  0.57913573525935302
  0.58983489749634976  0.60031278643246466  0.61134544067764784  0.62262626195509729
  0.63362411680277753  0.64431960302774738  0.65590182412251086  0.66789943466676316
  0.67936078178162207  0.68972480246686141  0.70003850575981441  0.71055812525659301
  0.72124386570347376  0.73139489805019375  0.74078785005670211  0.75013333538592120
  0.75971504864892625  0.76920165554078790  0.77846575647752769  0.78750158084509392
  0.79651112512357314  0.80601285986796667  0.81599115935035604  0.82671163004549875
  0.83729828638343629  0.84760016918595205  0.85796501944897352  0.86813163337832400
  0.87864003193821294  0.88954369891484253  0.90032924055206121  0.91083422805927416
  0.92184550236275420  0.93271080284056695  0.94475980420702654  0.95623503279559452
  0.96724097148044696  0.97811289056783068  0.98895448448458501  1.00000000000000000
 -0.00209070554273474  0.00875595345921781  0.01873694880754071  0.03112134705605332
  0.04373491395933685  0.05693707709078764  0.06981098007686148  0.08151959067437578
  0.09241827837932959  0.10323092252355039  0.11482226339381379  0.12663839493135512
  0.13794910174335148  0.14931277207516089  0.16046863013029133  0.17169054943315942
  0.18301588163155991  0.19421116630155902  0.20580018977901274  0.21814288801398465
  0.23074504292773115  0.24326561759401691  0.25672676978137271  0.27055558937578977
  0.28362799503268199  0.29652077761492662  0.30991763784817389  0.32354178854066229
  0.33648111207462500  0.34936532214358912  0.36205604997518298  0.37463197061820214
  0.38641349434438044  0.39862727792126662  0.41143202100468779  0.42421490684714064
  0.43660569450967734  0.44885868032091947  0.46073042718241575  0.47218490748906899
  0.48328483593690064  0.49418480830010647  0.50543171209578408  0.51715000576677650
  0.52712992092118793  0.53632595736561672  0.54552199206402463  0.55475688879390139
  0.56556476064566419  0.57660349978341452  0.58764819124673418  0.59955458035390474
  0.61164545861900887  0.62381106896378036  0.63562645252230898  0.64730968642670916
  0.65880814966413259  0.67044016996735478  0.68213407898564005  0.69408126493972877
  0.70582244443335307  0.71678156349576805  0.72707194407170572  0.73693779669176973
  0.74615854226309208  0.75505596826302568  0.76409076504791063  0.77404498639004293
  0.78409566600757175  0.79400085608140014  0.80380634739559031  0.81385901009493489
  0.82387357866040356  0.83334977936424803  0.84243898333267675  0.85118196713578032
  0.86042896020362825  0.87004238399847278  0.87966147674637341  0.88899957497325455
  0.89755901130781290  0.90528151429558057  0.91275888034846508  0.92049098700215926
  0.92824724546087634  0.93569740744248286  0.94282500804058667  0.94970533865370732
  0.95658701012987779  0.96279506156070682  0.96882832915479289  0.97494332268497008
  0.98120597548737198  0.98757160964078228  0.99391213263491485  1.00000000000000000
 -0.00217353101876270  0.00930920853944165  0.02008009847657514  0.03114863903444903
  0.04243928497827096  0.05420052331318805  0.06603994301438368  0.07771619404348222
  0.08888525122463162  0.09959041208375784  0.10984970035872560  0.11974622179353435
  0.12952865512831388  0.13967707657085818  0.14963348908795313  0.15968024667126829
  0.16834783109431994  0.17618519783449929  0.18400644180877682  0.19185499776319423
  0.20121582604147464  0.21156366145026198  0.22210470935098761  0.23201692876576968
  0.24200022955465794  0.25201582990837024  0.26279899705697091  0.27380132285006642
  0.28407078642003419  0.29385325240416865  0.30374969101912552  0.31401162205220134
  0.32488264624549740  0.33574748259313769  0.34587510217230799  0.35579923235135191
  0.36513759119668471  0.37474497027337322  0.38459249935748813  0.39469853213281791
  0.40464027869199110  0.41412267791240792  0.42374920563390656  0.43358845672604152
  0.44376636275166859  0.45363478717147415  0.46360892675896997  0.47415613401638756
  0.48494155131793010  0.49675223316666389  0.50872021332421258  0.52019614942149994
  0.53091577832128267  0.54179392799093107  0.55343256670643393  0.56570682015585461
  0.57799157215374530  0.58900339918297973  0.59927229764518297  0.60951712755681364
  0.62024453378714228  0.63167565440157813  0.64314607556029812  0.65475131100619621
  0.66681923411055211  0.67879553502927137  0.68990029092771077  0.70062416021875251
  0.71082221348837660  0.72106792084069737  0.73120467997124083  0.74140906239656545
  0.75239777462547608  0.76333434981180337  0.77428971680531922  0.78491782874078242
  0.79543420043142621  0.80565183256060491  0.81548452613549893  0.82511067138279770
  0.83491461053976479  0.84481677717451087  0.85476430074626664  0.86497747377554368
  0.87549062354865304  0.88648860775038463  0.89737477912227381  0.90841931938538922
  0.91993311829841251  0.93152767484964816  0.94305949728290728  0.95408545313223792
  0.96492619804252844  0.97580497707605474  0.98777222983788937  1.00000000000000000
 -0.00181031860357652  0.00697525484048203  0.01403870834988816  0.02171580079081318
  0.02972795494415417  0.03727356209577257  0.04455221087425245  0.05168235416419687
  0.05841364865807504  0.06593857461389319  0.07426977196289980  0.08276431395485712
  0.09111377858243817  0.09900599552207434  0.10653453325981418  0.11406188233212224
  0.12234703178771961  0.13122697850695850  0.14029476031529861  0.14894291533533147
  0.15722654544873343  0.16498534378167265  0.17272260814555276  0.18066975577694330
  0.18909449418304816  0.19808037628699579  0.20704330249143488  0.21640101548696181
  0.22565710254675986  0.23471429717472389  0.24372577117539401  0.25289377361177962
  0.26251830566041262  0.27282093718991324  0.28317813977570916  0.29285728186410925
  0.30243222606821296  0.31230632075363235  0.32261855284089958  0.33302668969743021
  0.34277942676788020  0.35258863636231230  0.36296354753273441  0.37386523129166360
  0.38489331866180870  0.39582519628300217  0.40670104041979044  0.41772834174842116
  0.42868340229314522  0.43924517027200538  0.44930956384849730  0.45962286828800686
  0.47047844335380284  0.48119704025086429  0.49141949426047815  0.50193460289679515
  0.51378732047148756  0.52608063595436128  0.53850475031659240  0.54980513030516909
  0.55866418751123126  0.56764780254018454  0.57686861780007470  0.58728214775614951
  0.59951004261827467  0.61149112351077728  0.62367856331742610  0.63661541864369764
  0.64975533794118401  0.66282454060076090  0.67540884444641358  0.68835089069660871
  0.70102233471698283  0.71315262463763285  0.72571168111073836  0.74002267826370982
  0.75389685524888517  0.76671609553022502  0.77832142355013501  0.79039186586181298
  0.80331538367133926  0.81659511990174671  0.82977314099427502  0.84217674254189168
  0.85509457941124423  0.86707477076104322  0.88061533697534422  0.89432900563208739
  0.90795122944160833  0.92235435855073666  0.93669972968370219  0.95030347299847362
  0.96291032361386220  0.97557070278811442  0.98774624737086736  1.00000000000000000
 -0.00207885133942558  0.01050582178671085  0.02111894260332412  0.03239632236767153
  0.04409700665680151  0.05666388418436328  0.06860073921877068  0.07959079106225402
  0.08997557008487492  0.10025402495696013  0.11149478819548397  0.12363406113570810
  0.13529614327264014  0.14595049397423937  0.15648799508105529  0.16661663687982040
  0.17686095484539671  0.18769319831496767  0.19914777113738608  0.21048501769459968
  0.22165549713152921  0.23295135426493979  0.24429551260391824  0.25518460816224531
  0.26590805890062763  0.27671756738053283  0.28586580184473948  0.29422569407883109
  0.30258565440670787  0.31083346430101111  0.32102153333362765  0.33098874066326622
  0.34056806852489258  0.35031324259622992  0.36087302237606100  0.37216125243884701
  0.38364238185184035  0.39482933281645965  0.40655476918315891  0.41795019304909908
  0.42904187456565768  0.43963759741149927  0.44988717649845894  0.46005386645656327
  0.46942099704369494  0.47868661699972226  0.48811994826070054  0.49840967683651077
  0.50986729353418891  0.52134615766120096  0.53260598484426358  0.54360651382780201
  0.55445036871667108  0.56533089690242166  0.57607582782925582  0.58738349900430664
  0.59741742924617813  0.60673828454163103  0.61609719486166259  0.62509345386259241
  0.63416882901065463  0.64322221235215604  0.65266551026583808  0.66246737889172269
  0.67321800007055588  0.68457538810976570  0.69611868555698220  0.70709468291257171
  0.71777458462239985  0.72825475084672142  0.73837195960058699  0.74817972182942705
  0.75808001093386534  0.76827058967611495  0.77841567166722236  0.78813722656848795
  0.79758904626892080  0.80734356814378161  0.81778843143994973  0.82865064973284341
  0.83968017576803744  0.85056810934605986  0.86083383627611709  0.87109314854908304
  0.88166637074176413  0.89170871137894003  0.90138023775594445  0.91156031297696227
  0.92255787289153646  0.93387948218224548  0.94486958198138482  0.95606973216052704
  0.96761489214411700  0.97852882428730437  0.98946777849138401  1.00000000000000000
 -0.00302501019077125  0.01189355502328457  0.02402627776907929  0.03612831721083587
  0.04699042111400725  0.05730815243458455  0.06739480004536923  0.07834272347814739
  0.08988594884030693  0.10149468913561696  0.11310287105671214  0.12445324981610871
  0.13642947067464548  0.14783813195092857  0.15880972066031027  0.16866030930204801
  0.17800828079864323  0.18763754299284729  0.19771739152052664  0.20848708445813868
  0.21950372534934126  0.23034838455370710  0.24054365488498552  0.25034501705482720
  0.25822206416750854  0.26594085604418100  0.27361320603894268  0.28181888538243066
  0.29127007972248586  0.30146385851896140  0.31205277235507395  0.32277290204804743
  0.33345098319077005  0.34405406835242380  0.35448224309515397  0.36478850582731603
  0.37543829100073112  0.38682399281544655  0.39893615609923705  0.41087554355891470
  0.42192068224963353  0.43236209718953228  0.44271540899218104  0.45366667016122358
  0.46537979503583493  0.47708769457402522  0.48777385208882262  0.49824970640667648
  0.50865770300710089  0.51919190973611018  0.52961723011432049  0.54018692524248901
  0.54996829623130750  0.55924710675154632  0.56870317417862537  0.57893024119383707
  0.58942431970394826  0.60026506341745367  0.61092216690237799  0.62136198310484159
  0.63167268417231381  0.64217191013107577  0.65269995739017006  0.66263815151530503
  0.67256470145115743  0.68274755003652565  0.69396733264240873  0.70552810636708130
  0.71674569621711870  0.72757059249464962  0.73808979981391487  0.74933082228712644
  0.76083081721237988  0.77175408938433621  0.78174721041533235  0.79179341091935251
  0.80260365522862198  0.81405729947893746  0.82479669877041373  0.83542757713365368
  0.84585571212574928  0.85623762053935548  0.86713481080789667  0.87773758022464032
  0.88784871253246167  0.89827619057159047  0.90832045986379661  0.91867548134729748
  0.92849699593158086  0.93850271410477248  0.94904623844334657  0.95968172930412132
  0.96949806981214948  0.97927587679545003  0.98907379642487014  1.00000000000000000
  0.46559260135574593  0.48086543676147875  0.49613827216721162  0.51141110757294450
  0.52668394297867738  0.54195677838441014  0.57172211103155801  0.61885693069758319
  0.66599175036360836  0.71312657002963342  0.75641869507329318  0.76451996231643815
  0.77113119242802808  0.77742484654819077  0.78224921433737649  0.78618910548091026
  0.78989773439234123  0.79384878195182207  0.79868086412991501  0.80358260228499989
  0.80806451807891877  0.81256072707573213  0.81679899155181401  0.82038897594807281
  0.82386798407601758  0.82760002512282915  0.83199488338319172  0.83616982627714942
  0.83995417204350020  0.84361838695262137  0.84710129918361210  0.85053419097312710
  0.85365559164244686  0.85648451213952803  0.85933182544956699  0.86227658709104382
  0.86532650193560423  0.86841625869132477  0.87149264996847009  0.87452725519040508
  0.87728987312547424  0.87994354789108131  0.88253768553230583  0.88519914790352905
  0.88785891406251194  0.89054976064297509  0.89317759810789532  0.89567194348157986
  0.89809506601594269  0.90048212385354531  0.90279465132059611  0.90507538990175129
  0.90738096647496513  0.90971523562056711  0.91210429173086571  0.91438102114240360
  0.91657950718083125  0.91870287276810458  0.92089642360347002  0.92314825619141216
  0.92543825927261769  0.92770383953729019  0.92977330888491061  0.93174773443923353
  0.93366949699462676  0.93568224980984060  0.93778266149290768  0.93993880406594232
  0.94212027011782273  0.94426785885865705  0.94636736269535582  0.94845169777838767
  0.95048038640697041  0.95252261424699813  0.95450851392228175  0.95644076792645505
  0.95839215940714029  0.96037259848686807  0.96234395633883285  0.96433397646524910
  0.96644026709743092  0.96856307132938191  0.97066319253877920  0.97273715556701301
  0.97485423701912766  0.97689535399377025  0.97885903628277615  0.98079510508238066
  0.98271925657075176  0.98470646994298172  0.98677127125545139  0.98885328678363316
  0.99101656297374230  0.99343924990394117  0.99637973748078845  1.00000000000000000
 -0.01327816386916805  0.10913758166583409  0.14664132963470586  0.17152715491678225
  0.19010487089774103  0.20458323128337683  0.21739785344365350  0.22971100881786735
  0.24148010563399117  0.25242647616832026  0.26169689614808778  0.27077097295221486
  0.27882042523907802  0.28722350167764671  0.29476316540979119  0.30195947389418532
  0.30938024246217960  0.31725681429304836  0.32517090732762172  0.33255235676205236
  0.33971853098371946  0.34713736930161593  0.35502174199249337  0.36314417222791562
  0.37068624407460754  0.37755564581620660  0.38399674488405444  0.39026041632620700
  0.39647488867810660  0.40256357730497450  0.40786609821586972  0.41322436006519814
  0.41860981607202674  0.42431035011006918  0.43060991919697383  0.43670185176025772
  0.44257733721038339  0.44818430114316288  0.45384330067527245  0.45926381748753448
  0.46489380817686071  0.47065968005534614  0.47664937369101468  0.48234672869426748
  0.48782964830712044  0.49324185005144322  0.49873713163565775  0.50440285697955944
  0.51021527084800145  0.51611995011331879  0.52190180829544419  0.52750280777062597
  0.53297821133179546  0.53828259167395509  0.54369213911882641  0.54904738142223097
  0.55442773004933033  0.55981509217009473  0.56526922021649539  0.57133970670490353
  0.57763869268045032  0.58389989219812211  0.59012156298736917  0.59641109849119578
  0.60278956475140222  0.60922314921881149  0.61586262968908978  0.62231932134601042
  0.62887825438196188  0.63549372140241145  0.64236904762264402  0.64930299690292637
  0.65649093758818844  0.66398375195523618  0.67124781465041439  0.67795566033021948
  0.68434754017216926  0.69078774056300685  0.69788834645431563  0.70562070701936697
  0.71392657181320140  0.72183319361861709  0.72939123747106116  0.73735370180717974
  0.74592257491534952  0.75508009664700981  0.76459014460684527  0.77398280196877345
  0.78455860336411909  0.79674466397421595  0.81017767457457124  0.82369574347835950
  0.83882841882071491  0.85921136223567951  0.88937933694310478  1.00000000000000000
   6.0574940121780606E-006  -1.0000000000000000     
 F F F F F F F F F F F F F F F F F F F F F F F F F F F F F F F F F F F F F F F F F F F F F F F F F F F F F F F F F F F F F F F F F F F F F F F F F F F F F F F F F F F F F F F F F F F F F F F F F F F F F F F F F F F F F F F F F F F F F F F F F F F F F F F F F F F F F F F F F F F F F F F F F F F F F F F F F F F F F F F F F F F F F F F F F F F F F F F F F F F F F F F F F F F F F F F F F F F F F F F F F F F F F F F F F F F F F F F F F F F F F F F F F F F F F F F F F F F F F F F F F F F F F F F F F F F F F F F F
  <DiscreteSampler_grid>
  grouped_processes
  1 # 1 for a reference and 2 for a running grid.
  10 # Attribute 'min_bin_probing_points' of the grid.
  1 # Attribute 'grid_mode' of the grid. 1=='default',2=='initialization'
  0.0000000000000000 # Attribute 'small_contrib_threshold' of the grid.
  0.5000000000000000 # Attribute 'damping_power' of the grid.
 # binID   n_entries weight   weight_sqr   abs_weight
    13   10   1.817601157664160E-002   1.391194009774218E-003   1.817601157664160E-002
    16   10   2.370542024938509E-002   2.362605963797324E-003   2.370542024938509E-002
    22   10   1.604704795839310E-002   1.132136767015030E-003   1.604704795839310E-002
    25   10   2.026944534557052E-002   1.834742104812910E-003   2.026944534557052E-002
  </DiscreteSampler_grid>
