 -0.00234549735832110  0.01041506396365845  0.02192777040192005  0.03403653138390372
  0.04443792272980232  0.05426989250675014  0.06414857790372006  0.07471432618689083
  0.08683321659843418  0.09796247902912171  0.10807374911105516  0.11823262930531095
  0.12871941096646411  0.14062000948078796  0.15233342961248178  0.16449398383731323
  0.17512928592809535  0.18518113315720505  0.19501480026198931  0.20587402749290931
  0.21795050518519088  0.22942562668043542  0.23977659285123862  0.24920915069101074
  0.25821431508535531  0.26788417464896908  0.27805225711813009  0.28980969465238465
  0.30144865163904089  0.31353570561483890  0.32611610005587482  0.33807248000075119
  0.34927350058086271  0.36008149935693112  0.37066366474511353  0.38171354429522969
  0.39269608952939478  0.40435297955666749  0.41600150158253807  0.42722243981218688
  0.43822393135616816  0.44893711148375437  0.45962110987484001  0.47012700044312511
  0.48077216426258240  0.49166532240364719  0.50239618083551529  0.51379385091407437
  0.52552927981098507  0.53865970077362413  0.55177200597989251  0.56486731812943891
  0.57728852949522580  0.58776244021792001  0.59719574008076592  0.60712203810312826
  0.61809730702434529  0.62912775966499312  0.64002915388122683  0.65096863629473012
  0.66114391915748771  0.67143577136248278  0.68146412707980997  0.69135249384256625
  0.70045867904768278  0.71012117836663702  0.72020869031224155  0.73002380570132175
  0.73938499066308327  0.74888708062509668  0.75963983133902391  0.77075537538364902
  0.78215340854048998  0.79263643074372303  0.80260367148143807  0.81257686340326962
  0.82359561310388929  0.83513012651909968  0.84629913434409343  0.85668908428716295
  0.86717076656386294  0.87646451727787278  0.88575571706994471  0.89511772847960247
  0.90560093451274759  0.91513811262500955  0.92166572706575745  0.92815270911008407
  0.93458026271657846  0.94184954487530637  0.95123758805589675  0.96198138549117007
  0.97224491327447304  0.98190998616066150  0.99130835157441499  1.00000000000000000
  0.00000164432633542  0.00000167744119391  0.00000170180175303  0.00000172484621755
  0.00000174988969495  0.00000178361911217  0.00000182196964261  0.00000186295531558
  0.00000190551447896  0.00000195199929693  0.00000200070392858  0.00000205029272184
  0.00000210347452500  0.00000216843381227  0.00000223738683297  0.00000229901722357
  0.00000235548192432  0.00000241895331779  0.00000248429616949  0.00000255842628658
  0.00000266466841645  0.00000276830775001  0.00000287564277526  0.00000299239755600
  0.00000311357588906  0.00000323380284117  0.00000335437169060  0.00000348997571821
  0.00000364555181513  0.00000381770261073  0.00000399465278511  0.00000418112552371
  0.00000435988926216  0.00000453870550268  0.00000472480268315  0.00000492156385405
  0.00000512901784672  0.00000534101103744  0.00000556581455040  0.00000582485853256
  0.00000609040669522  0.00000636739096525  0.00000667799787546  0.00000702437649281
  0.00000737124617476  0.00000775849670789  0.00000809300077366  0.00000841936479924
  0.00000875293923537  0.00000910685943345  0.00000946711697424  0.00000991971641742
  0.00001039982132185  0.00001090801369013  0.00001143414878213  0.00001198901081041
  0.00001261793019173  0.00001328542522158  0.00001400909320244  0.00001485166442640
  0.00001572557127214  0.00001664336995676  0.00001761821549958  0.00001868316859916
  0.00001989009509266  0.00002123149577271  0.00002252186234816  0.00002393865272680
  0.00002546724203109  0.00002728042334278  0.00002940612012450  0.00003170853017369
  0.00003407770243778  0.00003664718233320  0.00003958889767273  0.00004282233095676
  0.00004683012366480  0.00005171334295950  0.00005797609355951  0.00006500817219794
  0.00007337061372096  0.00008321074873680  0.00009569718271710  0.00011161886162724
  0.00013221767166177  0.00015881970336902  0.00019066551152187  0.00022947429745396
  0.00028577611732524  0.00037681077827122  0.00051464064707035  0.00076198446490970
  0.00118093630693380  0.00240886727802997  0.04472053300033359  1.00000000000000000
  0.00000168319060383  0.00000179721216655  0.00000185774800938  0.00000190282963980
  0.00000195279660073  0.00000200486521702  0.00000204774252365  0.00000209236867427
  0.00000214283969465  0.00000220064767732  0.00000226395521871  0.00000233308242568
  0.00000240391079860  0.00000247899899490  0.00000256610133042  0.00000266609024200
  0.00000276136793978  0.00000285950849328  0.00000297024933511  0.00000311652805982
  0.00000326829879495  0.00000343057415576  0.00000359671158300  0.00000377188753212
  0.00000395120920320  0.00000415512563937  0.00000438448956236  0.00000462313075568
  0.00000486998389988  0.00000512701435300  0.00000537922801283  0.00000564960288307
  0.00000594977214488  0.00000625008756071  0.00000657663380297  0.00000693179276970
  0.00000728711102135  0.00000770704346853  0.00000815943977946  0.00000863247124802
  0.00000915750743454  0.00000971316649734  0.00001030186826868  0.00001091881264536
  0.00001149335357625  0.00001208884324088  0.00001270632182674  0.00001332876426112
  0.00001405523212166  0.00001488830474994  0.00001578582440594  0.00001677720755887
  0.00001789872563235  0.00001911981280963  0.00002055207132481  0.00002194422298210
  0.00002341092632676  0.00002504007004485  0.00002682173885827  0.00002898858064070
  0.00003136637551533  0.00003388660256113  0.00003634790237529  0.00003903585744572
  0.00004193393399974  0.00004548278496862  0.00004952603723239  0.00005384960728528
  0.00005875835116630  0.00006432275180894  0.00007049439400814  0.00007724569427014
  0.00008460616375206  0.00009271605526339  0.00010202622245489  0.00011261642556598
  0.00012696952748981  0.00014431644613309  0.00016370496763537  0.00018261500940969
  0.00020440456716705  0.00022925388649605  0.00025684455096958  0.00028735950669952
  0.00032217199498795  0.00035967760729935  0.00040918692465434  0.00047106321199278
  0.00057640929678259  0.00073857331936865  0.00098732046838356  0.00140415385705851
  0.00235649877468271  0.00394220919938750  0.01129047251365995  1.00000000000000000
  0.00000246334614452  0.00000281078970239  0.00000296944455801  0.00000315748939650
  0.00000335231258015  0.00000362188103370  0.00000394072310305  0.00000422628742709
  0.00000454319563807  0.00000486336503738  0.00000516420311186  0.00000548051014507
  0.00000580994903731  0.00000618634839522  0.00000661918860590  0.00000706606972484
  0.00000753445360453  0.00000803633712698  0.00000854075734094  0.00000904637252629
  0.00000957257859212  0.00001014088040002  0.00001081985556562  0.00001152744804560
  0.00001221911248705  0.00001294716460229  0.00001372053710116  0.00001456889320969
  0.00001547428538451  0.00001641375317464  0.00001749915355031  0.00001877749350736
  0.00002007221867684  0.00002136428839823  0.00002257872192223  0.00002387152856956
  0.00002523556524807  0.00002687214169351  0.00002865050157835  0.00003040855173514
  0.00003219889223039  0.00003411468100151  0.00003620363083928  0.00003883056541300
  0.00004154378370314  0.00004447367025176  0.00004762866835010  0.00005106121271438
  0.00005488269070713  0.00005894225065474  0.00006341472344093  0.00006806433105393
  0.00007275475655213  0.00007746630630214  0.00008217021874757  0.00008696706938551
  0.00009209716378469  0.00009779702811035  0.00010382406380862  0.00011027129451482
  0.00011738256237965  0.00012416088549001  0.00013200682233274  0.00014003015049401
  0.00014709135288838  0.00015424856251019  0.00016206251443618  0.00017040951445499
  0.00018020290939436  0.00019380025157634  0.00020974887668638  0.00022534695411877
  0.00024200701715198  0.00026116591129144  0.00028217158654253  0.00031105032081911
  0.00034107086698642  0.00037441102984249  0.00041014078517695  0.00045016072217242
  0.00049353441332435  0.00053757288081067  0.00058422883366593  0.00063886794415140
  0.00070250125620471  0.00077509285620107  0.00085405550918313  0.00095362280623579
  0.00110505492619123  0.00128850709506887  0.00151840433327931  0.00180397125699307
  0.00217100950674736  0.00270330543422451  0.01992127252702433  1.00000000000000000
 -0.00110037438829335  0.01119209140869704  0.02175202554017447  0.03185169779710377
  0.04105165060861442  0.05014838450348716  0.05916826221474002  0.06951471303393397
  0.08019647804475946  0.09047089298866133  0.10047784898744776  0.11095640609524783
  0.12188669939034219  0.13204160311661706  0.14194615228147361  0.15183130961732516
  0.16208539163165847  0.17260479567824905  0.18486728770007943  0.19593467011111834
  0.20600601808800889  0.21530860551699016  0.22509369045709884  0.23589019124199076
  0.24744866722763600  0.25872973362546897  0.26936184060208468  0.27942026791437774
  0.28964966726650498  0.30010162630308629  0.31109126451730801  0.32340508234392246
  0.33638653632628907  0.34962312010297408  0.36282364411336976  0.37534488965286483
  0.38660750819563705  0.39718150944406805  0.40741850804532459  0.41746381370720670
  0.42729130419152933  0.43630718759705445  0.44515373233727823  0.45402530168290867
  0.46351097330529989  0.47451726786313564  0.48500330688176474  0.49544944768974281
  0.50721275726861637  0.52032538769652692  0.53324829627332659  0.54569320895876794
  0.55802952240458648  0.56953922261949497  0.57959744529462554  0.58928558895154892
  0.59922734933246369  0.60973792983602493  0.62085909374423243  0.63210542132434311
  0.64366425915837944  0.65574306096017654  0.66810406602061401  0.68077381602150977
  0.69305950279759621  0.70481163836531990  0.71581946503467819  0.72758038179978279
  0.73926162220921821  0.75050349272738204  0.76073841774781625  0.77123411726235735
  0.78109406817020766  0.79136559890185454  0.80144542521147322  0.81188328127989262
  0.82164312078871360  0.83100031403161656  0.84061112434918395  0.85038382995793604
  0.85970946050138719  0.86950966706629007  0.87999363190471447  0.88979648766986141
  0.89676292694315263  0.90299597668516196  0.90913122855525386  0.91543368764097843
  0.92300570434962204  0.93477694179490889  0.94612818322725767  0.95695883836480600
  0.96774691964927118  0.97882188304588957  0.98956528595221815  1.00000000000000000
 -0.00228555567309115  0.00867256684982258  0.01810153717644856  0.02764599854177354
  0.03711241284467430  0.04669024724346638  0.05673971613039010  0.06659268133823494
  0.07544485085488409  0.08394235968957324  0.09313578988483533  0.10365753103967662
  0.11512473474635199  0.12503594786334882  0.13515358445644227  0.14450616861379550
  0.15396218741486808  0.16426007336365453  0.17471538207261722  0.18498229518738676
  0.19520501984674640  0.20619004326248988  0.21788215466660521  0.22952620340984448
  0.24055846223009866  0.25165506262547127  0.26235187577067809  0.27198174426471333
  0.28134505993143905  0.29121954636584779  0.30205822276308508  0.31369762067739615
  0.32374915903141049  0.33128195532411259  0.33880788776529758  0.34654413488288160
  0.35501049814003877  0.36647639264954340  0.37780852390638192  0.38957636444079852
  0.40121648080939259  0.41247787560222676  0.42424193044714914  0.43659937643839469
  0.44832628564497018  0.45982797348630183  0.47136300854384355  0.48298066285116276
  0.49391482501158168  0.50424646472077306  0.51497145407220524  0.52684529254852630
  0.53921889949471435  0.55063688746052541  0.56117473559535047  0.57155289525689656
  0.58214443308226516  0.59353192968227730  0.60488276363775650  0.61566704945977380
  0.62565962816837839  0.63511143548879156  0.64478730048788191  0.65438714464445913
  0.66432727195162999  0.67472203422630173  0.68552312748298261  0.69656254701622888
  0.70718677230948035  0.71726709285802726  0.72682665242682121  0.73575436019595664
  0.74454980998113030  0.75376715922052240  0.76393839816404818  0.77458368526555199
  0.78571826021003466  0.79727577912313130  0.80940065244969772  0.82057495147609494
  0.83093403232485896  0.84159121442892915  0.85256388838874086  0.86379177453794997
  0.87525954497537417  0.88748635068445503  0.89983422150047121  0.91158957204809843
  0.92279596209806425  0.93371126645762181  0.94477084149937274  0.95585860511416587
  0.96678709814431918  0.97745368704042657  0.98850532406709446  1.00000000000000000
 -0.00241880845432196  0.01097997948209149  0.02263799811317346  0.03359896274813223
  0.04455594277254695  0.05566636627754362  0.06767810774477807  0.07899375028008530
  0.08955202625696075  0.09907194744384851  0.10860764948728475  0.11822764482155339
  0.12849103641929760  0.13964713678385202  0.15171745572190359  0.16323362409676354
  0.17350864560039289  0.18236081714474775  0.19071942725106353  0.19902076419642040
  0.20760832900756099  0.21695505442656088  0.22716734953982420  0.23748057430310643
  0.24854397846031620  0.26052651266332000  0.27284641044457197  0.28429912712263133
  0.29469440083202475  0.30481674048064517  0.31539171339097971  0.32694925821974791
  0.33906835371945826  0.35064624215472290  0.36021207560687241  0.36973089606789633
  0.37880110630050007  0.38855122507222878  0.39752594703485661  0.40600489913136911
  0.41449654293725346  0.42352477151428802  0.43420803302154110  0.44557248066540445
  0.45635093189068332  0.46681968373058019  0.47752816370700329  0.48812752030418044
  0.49920289940772350  0.51071103322317435  0.52246602047043600  0.53420654909874254
  0.54622629587653104  0.55848200093162781  0.56996489081172053  0.58069985327681084
  0.58944061782674706  0.59880690898497579  0.60785331648823859  0.61806902671939590
  0.62974222188544760  0.64232708929300397  0.65307484161355256  0.66080205952114557
  0.66828430454472920  0.67566408295009117  0.68361850817001679  0.69424012645965727
  0.70537261375188109  0.71646227618973035  0.72733853091484324  0.73818217912383732
  0.74891551155859204  0.76009980498335106  0.77121265306271758  0.78157091551664182
  0.79113098773611534  0.80077912827293918  0.81118143037325607  0.82282244243440672
  0.83534045712910387  0.84796286633332063  0.85995070472188584  0.87144376205140106
  0.88274595434334846  0.89415431587128602  0.90333577544302357  0.91135254673758881
  0.91950569726125031  0.92871229642065301  0.93981339654215346  0.95163186875755756
  0.96258089326610408  0.97429019296832664  0.98652447369084484  1.00000000000000000
 -0.00003515167787173  0.00010432914004523  0.00024635559288877  0.00041970712845202
  0.00057154067407023  0.00064910391750716  0.00072736438797496  0.00080695830546337
  0.00088520335665181  0.00096215270454272  0.00104282398821729  0.00112583759976141
  0.00121233682996423  0.00129995612066190  0.00139127949453977  0.00148436957384552
  0.00158375501860109  0.00168621561765952  0.00179113842938610  0.00189684059707435
  0.00199976042515177  0.00209685397659503  0.00219762711533714  0.00230115515671234
  0.00240578410969108  0.00251628444105968  0.00264245082306629  0.00277499351239435
  0.00290595700262093  0.00303348503114338  0.00316477368822244  0.00329783823057309
  0.00343300251649478  0.00357310470691560  0.00372274096666127  0.00388360957940944
  0.00406330063369129  0.00425312232817623  0.00443926663288135  0.00461058559585136
  0.00477484133123524  0.00493982965481144  0.00510738511194610  0.00529047852838650
  0.00546851574799809  0.00564460751029035  0.00582630193621278  0.00603220027735377
  0.00627905502762198  0.00654107627699389  0.00680657541387363  0.00706894602217758
  0.00734498191625760  0.00765120390049339  0.00797066356791344  0.00829037875129929
  0.00857747208271819  0.00885664219280330  0.00915457959163582  0.00948091067153187
  0.00984852166574396  0.01022161728215296  0.01060081437099786  0.01090052387826801
  0.01121915391952113  0.01150546540278082  0.01176581575771625  0.01200975826203112
  0.01245073546464010  0.01303904275277226  0.01381482219269970  0.01449540458600812
  0.01506508010160940  0.01561274421546666  0.01617407470876586  0.01667726504403140
  0.01711016127953709  0.01755711167827937  0.01798460648266448  0.01866838949880177
  0.01941965428955971  0.02015519906996554  0.02095698942109521  0.02234099453701407
  0.02372431324611365  0.02554249931681014  0.02687357579228558  0.02782424985471938
  0.02884092826048440  0.03069132542253958  0.03256798340601357  0.03408087050521637
  0.03650812826089070  0.04671503466356226  0.14649620160810184  1.00000000000000000
 -0.00197215545913491  0.00795236311509925  0.01762726378806351  0.02774323225339801
  0.03937955727472257  0.05040625186783533  0.06089727994683516  0.07124266779644524
  0.08111580528790374  0.09200113901012520  0.10372491176967354  0.11714761192047496
  0.13037650726284672  0.14246390504081882  0.15334444811803560  0.16343613023816062
  0.17374894708295671  0.18503767405212174  0.19690042948904316  0.20841221230823126
  0.21895416378385932  0.22840482152079369  0.23762636092373160  0.24653623775614278
  0.25588756950614949  0.26588031491505193  0.27699594303156866  0.28822951171401651
  0.29957761725916660  0.31123228543315934  0.32337928536974037  0.33539499070450385
  0.34684956717939608  0.35733306918264041  0.36725594419054880  0.37726902003884449
  0.38752571443476574  0.39980895864320282  0.41121542881813067  0.42293844781359108
  0.43500599335390749  0.44667452128173440  0.45756978369425272  0.46847081174520994
  0.47907440648332827  0.48846155891790932  0.49678911812748666  0.50573775525742204
  0.51533919833520259  0.52570457931261849  0.53668079425583359  0.54787995417479241
  0.55908065992958600  0.56967665818143765  0.58003635573706092  0.59042504864456935
  0.60104448657988152  0.61149019727130716  0.62169055908198478  0.63203100658302236
  0.64224595318631872  0.65295750107016493  0.66414878445752668  0.67531598749748212
  0.68647873829976624  0.69811020382170186  0.70959477227969814  0.72038822262263691
  0.73099101391679278  0.74205347297196134  0.75309855224192024  0.76358817560305103
  0.77361581283336311  0.78382283704961253  0.79438270231949459  0.80484802440620895
  0.81535393008494805  0.82608038898140645  0.83772084008390557  0.84872942338164459
  0.85893165080226963  0.86951272870483809  0.88062127511213928  0.89092110035260941
  0.90067749758315863  0.91030816869224906  0.91988798416793138  0.92901599291629167
  0.93617671254047574  0.94301377854582968  0.94994379888031444  0.95766655456711380
  0.96673052203669230  0.97787974803107858  0.98931531986269139  1.00000000000000000
 -0.00002114332060450  0.00001869523427208  0.00005853378914866  0.00013145396675714
  0.00021238459926217  0.00029290786000566  0.00037295696913173  0.00044986836998486
  0.00049631705543150  0.00054276574087814  0.00058468392341818  0.00062663553437157
  0.00067055239566860  0.00071286902339044  0.00075235137075697  0.00079175464651283
  0.00083104579801786  0.00086941515608170  0.00090668833636090  0.00095003843774876
  0.00100273209508484  0.00106065964700668  0.00112284716756566  0.00118445525107374
  0.00124579546467288  0.00130358071027236  0.00136042453236904  0.00141662262565521
  0.00147260275876377  0.00153076081775391  0.00158992775911118  0.00165343565010877
  0.00171840476842768  0.00179112509165502  0.00186371830836520  0.00193597219945284
  0.00201557658563944  0.00209638051574353  0.00217637638063366  0.00225793699975941
  0.00233883811739132  0.00241821810266557  0.00250461188743546  0.00259499847198112
  0.00269182563083053  0.00276547782046608  0.00283651585478470  0.00291806651700675
  0.00300066257597248  0.00308806693332583  0.00318117244776829  0.00328660093656363
  0.00339209419509388  0.00349861074715153  0.00360748873710393  0.00375984208480054
  0.00392225319701350  0.00407695188431490  0.00422249881261701  0.00436447178927719
  0.00448702705041429  0.00460421203686658  0.00472633656962357  0.00486225976085924
  0.00500905686191093  0.00515286094699449  0.00528860868202209  0.00544504442586473
  0.00563260573955085  0.00588640651939783  0.00614146332069628  0.00634776780139060
  0.00653281401808918  0.00671245373934093  0.00691982521091935  0.00709419685572512
  0.00729429553117392  0.00749818044531948  0.00773177658493798  0.00805360570495357
  0.00847909183670167  0.00926857860870075  0.00954996253102319  0.00981813834281848
  0.01007206616159276  0.01039093953503555  0.01090571859855611  0.01258321360112483
  0.01397121961472757  0.01563652133216349  0.01594641232199831  0.01625630331183313
  0.01935088269158387  0.02030483672112330  0.06234989559412685  1.00000000000000000
 -0.00273706549400639  0.01234057330615012  0.02334773121820704  0.03412711808207956
  0.04467889654527295  0.05566568677676623  0.06594090152182676  0.07576198507822482
  0.08549443774460916  0.09563858704530656  0.10653369251102136  0.11784833496611595
  0.12947790021339239  0.14098842829831476  0.15258111857322018  0.16386415889081193
  0.17427582924023502  0.18405153086594742  0.19324463471144943  0.20296943254181582
  0.21295509078917416  0.22338412815752437  0.23425920404529124  0.24531792229319052
  0.25637692455946265  0.26719544216208008  0.27733806593524213  0.28673226140423308
  0.29583449040774551  0.30494043580171459  0.31507936268587500  0.32611965471599674
  0.33401277072110819  0.34114807364247951  0.34811878082692188  0.35513581186204041
  0.36376530016295944  0.37504591569680235  0.38665270306612948  0.39787219543929264
  0.40900741268758639  0.41980823887897717  0.43127978682328127  0.44166192634224721
  0.45229268094404113  0.46282073699559695  0.47419750789518667  0.48544777210657092
  0.49627784273143016  0.50705123551083042  0.51784092139064741  0.52861683239450885
  0.53944000839594919  0.55061816082753756  0.56214759435642991  0.57322660424044913
  0.58252138600489023  0.59234250623501994  0.60259133388846875  0.61377552642177147
  0.62566626096374367  0.63761441948592379  0.64929510044090377  0.66089178929220294
  0.67182087620257314  0.68293702575103765  0.69399622869677213  0.70584407292494356
  0.71733496694250520  0.72825765341931381  0.73903217759825213  0.75055091982985644
  0.76282228586958878  0.77485397008339052  0.78566248427485874  0.79572197142241863
  0.80546860876459059  0.81543731023888777  0.82580726508716706  0.83558289679068554
  0.84510214420438801  0.85464462461268165  0.86441028912205020  0.87400715654907202
  0.88288898413396122  0.89180127315552582  0.90156545472792660  0.91195829624486624
  0.92176656017104475  0.93169232832764592  0.94219459149053064  0.95369599744422728
  0.96516889960457164  0.97682137887182441  0.98831333703757218  1.00000000000000000
  0.77113489006596547  0.77658542739016923  0.77986028989286837  0.78298400275411806
  0.78634845560850242  0.78992443677986612  0.79318178616528701  0.79652533888754562
  0.79992709225084657  0.80365222457501406  0.80683822347894896  0.81003339940523733
  0.81309144997463523  0.81589519111658582  0.81864997672212303  0.82129989985456986
  0.82395386434978102  0.82670372879435816  0.82967076016787911  0.83279507917968598
  0.83608887154346312  0.83951945453701315  0.84248174963439926  0.84520331691391759
  0.84788023869622919  0.85070446766335439  0.85365319043290133  0.85666655309140216
  0.85949965516476634  0.86210107731728658  0.86457060430991139  0.86702091939442860
  0.86937640018245932  0.87165621967663287  0.87390278567445512  0.87630240226689604
  0.87878205599892423  0.88134294434299520  0.88378661029254257  0.88612338723435169
  0.88836688781433770  0.89067003838730763  0.89309983434551421  0.89566120698506246
  0.89835858815175851  0.90102858197217273  0.90358260500363086  0.90595986634018577
  0.90828920999492047  0.91064438278442750  0.91297111382256990  0.91527153024076680
  0.91754963971511061  0.91987584705647329  0.92226618558711726  0.92459180413087094
  0.92692719245285660  0.92922470855867889  0.93163314134548103  0.93406956766392824
  0.93638943724669321  0.93847056010232777  0.94040016339889221  0.94227566165899646
  0.94415175873739354  0.94606490652133024  0.94790032708481498  0.94966700745668520
  0.95141787893037943  0.95315056282720323  0.95490244024825788  0.95654463115942501
  0.95814147995184973  0.95977451179189188  0.96146057053232525  0.96321411844255933
  0.96509147503355797  0.96679297952260046  0.96844500505889064  0.96998524165830036
  0.97144936741355259  0.97299306993830292  0.97469333754007415  0.97630295080618801
  0.97801563716445283  0.97969347553668984  0.98149431125607589  0.98345257850185241
  0.98545355380081079  0.98745584538193132  0.98951322962826616  0.99167865708736580
  0.99379809459106005  0.99573977089645216  0.99783447301740125  1.00000000000000000
 -0.01414924786251870  0.12684223476758341  0.15075802568903626  0.16453568003485630
  0.17651166912725635  0.18880491988017303  0.20166340183723436  0.21409709242536995
  0.22568705369661188  0.23556132426777762  0.24491388465382408  0.25441806647517229
  0.26356688915953541  0.27190481954359191  0.27956936184723474  0.28737816683311690
  0.29537068732399663  0.30290085883364681  0.31005838972929040  0.31708506031860645
  0.32457586553603240  0.33262020928195307  0.34038299607002687  0.34759880965785067
  0.35450979807357252  0.36126619992741066  0.36769073468661978  0.37438416017914278
  0.38108539772383965  0.38761826404800603  0.39384092303805140  0.39984839940662920
  0.40569728117589399  0.41145304775881231  0.41716157778645241  0.42323705327935340
  0.42929814330879701  0.43518926540667713  0.44088572027428102  0.44621113586352162
  0.45153549093491718  0.45729593364296323  0.46358129175676516  0.47046833327908077
  0.47729902794218620  0.48369710051284248  0.48976822867348263  0.49590842030619631
  0.50140411464015666  0.50637902357103881  0.51104804788340219  0.51584911661110855
  0.52146165816278045  0.52760898800297351  0.53292442676683205  0.53699027334862537
  0.54106418532059741  0.54516090714854926  0.54954591082637327  0.55462657124781178
  0.56030008471657144  0.56601321772648583  0.57192059856754163  0.57785560969233529
  0.58374925023162860  0.59019616694810684  0.59705579828016297  0.60447307825028873
  0.61216015849174510  0.61992587449282621  0.62753629027901969  0.63494204998165193
  0.64234112984405589  0.64998873952192038  0.65794295435605166  0.66608274491138753
  0.67392477454215671  0.68130433314702432  0.68868701810650168  0.69634272121633467
  0.70472885881866254  0.71311530330889839  0.72151445172410689  0.72983412916729640
  0.73885237964833983  0.74858151020328945  0.75630710240576593  0.76427427225116407
  0.77228793672636875  0.78235563467623614  0.79576708025487242  0.81065058755265484
  0.82737424910999424  0.84903363556553180  0.88280654279890169  1.00000000000000000
   1.1335006611333154E-004  -1.0000000000000000     
 F F F F F F F F F F F F F F F F F F F F F F F F F F F F F F F F F F F F F F F F F F F F F F F F F F F F F F F F F F F F F F F F F F F F F F F F F F F F F F F F F F F F F F F F F F F F F F F F F F F F F F F F F F F F F F F F F F F F F F F F F F F F F F F F F F F F F F F F F F F F F F F F F F F F F F F F F F F F F F F F F F F F F F F F F F F F F F F F F F F F F F F F F F F F F F F F F F F F F F F F F F F F F F F F F F F F F F F F F F F F F F F F F F F F F F F F F F F F F F F F F F F F F F F F F F F F F F F F
  <DiscreteSampler_grid>
  grouped_processes
  1 # 1 for a reference and 2 for a running grid.
  10 # Attribute 'min_bin_probing_points' of the grid.
  1 # Attribute 'grid_mode' of the grid. 1=='default',2=='initialization'
  0.0000000000000000 # Attribute 'small_contrib_threshold' of the grid.
  0.5000000000000000 # Attribute 'damping_power' of the grid.
 # binID   n_entries weight   weight_sqr   abs_weight
    13   10   8.038504303565090E-001   5.257299789973303E+000   8.038504303565090E-001
    16   10   1.045458693670792E+000   8.943945277630290E+000   1.045458693670792E+000
    22   10   7.559777422439533E-001   4.475728466421836E+000   7.559777422439533E-001
    25   10   9.549634748242195E-001   7.096100752137565E+000   9.549634748242195E-001
  </DiscreteSampler_grid>
