 Process in group number            1
 A PDF is used, so alpha_s(MZ) is going to be modified
 Old value of alpha_s from param_card:   0.13000000000000003     
  ****************************************
 
       NNPDFDriver version 1.0.3
   Grid: NNPDF23_lo_as_0130_qed_mem0.grid
  ****************************************
 New value of alpha_s from PDF nn23lo1:  0.13000000000000000     
 Warning! ptj set to xqcut=   15.000000000000000       to improve integration efficiency
 Note that this might affect non-radiated jets,
 e.g. from decays. Use cut_decays=F in run_card.
 Warning! mmjj set to xqcut=   15.000000000000000       to improve integration efficiency
 Note that this might affect non-radiated jets,
 e.g. from decays. Use cut_decays=F in run_card.
 Define smin to   2425.0000000000000     
 Define smin to   2425.0000000000000     
 Define smin to   2425.0000000000000     
 Define smin to   2425.0000000000000     
 Define smin to   2425.0000000000000     
 Define smin to   2425.0000000000000     
 Define smin to   2425.0000000000000     
 Define smin to   2425.0000000000000     
 Define smin to   2425.0000000000000     
 Define smin to   2425.0000000000000     
 Define smin to   2425.0000000000000     
 Define smin to   2425.0000000000000     
 Define smin to   2425.0000000000000     
 Define smin to   2425.0000000000000     
 Define smin to   2425.0000000000000     
 Define smin to   2425.0000000000000     
 Define smin to   2425.0000000000000     
 Define smin to   2425.0000000000000     
 Define smin to   2425.0000000000000     
 Define smin to   2425.0000000000000     
 *****************************************************
 *               MadGraph/MadEvent                   *
 *        --------------------------------           *
 *          http://madgraph.hep.uiuc.edu             *
 *          http://madgraph.phys.ucl.ac.be           *
 *          http://madgraph.roma2.infn.it            *
 *        --------------------------------           *
 *                                                   *
 *          PARAMETER AND COUPLING VALUES            *
 *                                                   *
 *****************************************************

  External Params
  ---------------------------------
  
 mdl_MB =    4.7000000000000002     
 mdl_MT =    173.00000000000000     
 mdl_MTA =    1.7769999999999999     
 mdl_MZ =    91.188000000000002     
 mdl_MH =    125.00000000000000     
 aEWM1 =    132.50700000000001     
 mdl_Gf =    1.1663900000000000E-005
 aS =   0.13000000000000003     
 mdl_ymb =    4.7000000000000002     
 mdl_ymt =    173.00000000000000     
 mdl_ymtau =    1.7769999999999999     
 mdl_WT =    1.4915000000000000     
 mdl_WZ =    2.4414039999999999     
 mdl_WW =    2.0476000000000001     
 mdl_WH =    6.3823389999999999E-003
  Internal Params
  ---------------------------------
  
 mdl_conjg__CKM3x3 =    1.0000000000000000     
 mdl_conjg__CKM1x1 =    1.0000000000000000     
 mdl_CKM3x3 =    1.0000000000000000     
 mdl_complexi =                (0.0000000000000000,1.0000000000000000)
 mdl_MZ__exp__2 =    8315.2513440000002     
 mdl_MZ__exp__4 =    69143404.913893804     
 mdl_sqrt__2 =    1.4142135623730951     
 mdl_MH__exp__2 =    15625.000000000000     
 mdl_aEW =    7.5467711139788835E-003
 mdl_MW =    80.419002445756163     
 mdl_sqrt__aEW =    8.6872153846781555E-002
 mdl_ee =   0.30795376724436879     
 mdl_MW__exp__2 =    6467.2159543705357     
 mdl_sw2 =   0.22224648578577766     
 mdl_cw =   0.88190334743339216     
 mdl_sqrt__sw2 =   0.47143025548407230     
 mdl_sw =   0.47143025548407230     
 mdl_g1 =   0.34919219678733299     
 mdl_gw =   0.65323293034757990     
 mdl_vev =    246.21845810181637     
 mdl_vev__exp__2 =    60623.529110035903     
 mdl_lam =   0.12886910601690263     
 mdl_yb =    2.6995554250465490E-002
 mdl_yt =   0.99366614581500623     
 mdl_ytau =    1.0206617000654717E-002
 mdl_muH =    88.388347648318430     
 mdl_I1x33 =          (2.69955542504654901E-002,0.0000000000000000)
 mdl_I2x33 =               (0.99366614581500623,0.0000000000000000)
 mdl_I3x33 =               (0.99366614581500623,0.0000000000000000)
 mdl_I4x33 =          (2.69955542504654901E-002,0.0000000000000000)
 mdl_ee__exp__2 =    9.4835522759998875E-002
 mdl_sw__exp__2 =   0.22224648578577769     
 mdl_cw__exp__2 =   0.77775351421422245     
  Internal Params evaluated point by point
  ----------------------------------------
  
 mdl_sqrt__aS =   0.36055512754639896     
 mdl_G__exp__2 =    1.6336281798666927     
  Couplings of sm
  ---------------------------------
  
        GC_10 =  -0.12781E+01   0.00000E+00
        GC_11 =   0.00000E+00   0.12781E+01
        GC_12 =   0.00000E+00   0.16336E+01
         GC_1 =  -0.00000E+00  -0.10265E+00
         GC_2 =   0.00000E+00   0.20530E+00
         GC_3 =  -0.00000E+00  -0.30795E+00
        GC_50 =  -0.00000E+00  -0.28804E+00
        GC_58 =  -0.00000E+00  -0.27437E-01
        GC_59 =   0.00000E+00   0.82310E-01

 Collider parameters:
 --------------------

 Running at P P   machine @    13000.000000000000       GeV
 PDF set = nn23lo1
 alpha_s(Mz)= 0.1300 running at 2 loops.
 alpha_s(Mz)= 0.1300 running at 2 loops.
 Renormalization scale set on event-by-event basis
 Factorization   scale set on event-by-event basis


 getting user params
Enter number of events and max and min iterations: 
 Number of events and iterations         1000           5           3
Enter desired fractional accuracy: 
 Desired fractional accuracy:   0.10000000000000001     
Enter 0 for fixed, 2 for adjustable grid: 
Suppress amplitude (0 no, 1 yes)? 
 Using suppressed amplitude.
Exact helicity sum (0 yes, n = number/event)? 
 Explicitly summing over helicities
Enter Configuration Number: 
Running Configuration Number:   17
 Not subdividing B.W.
 Attempting mappinvarients           1           7
 Determine nb_t
 T-channel found:            2
 Completed mapping           7
 about to integrate           13        1000           7           3          13           1
 Using non-zero grid deformation.
 13 dimensions   1000 events 13 invarients  7 iterations  1 config(s),  (0.99)
 Using h-tuple random number sequence.
 Error opening grid
 Using Uniform Grid!          28
 Using uniform alpha   1.0000000000000000     
 Grid defined OK
 Masses: 0.000E+00 0.000E+00 0.000E+00 0.000E+00 0.000E+00 0.000E+00 0.000E+00
 Set CM energy to      13000.00
 Mapping Graph          17  to config          17
 Determine nb_t
 T-channel found:            2
Setting grid   1    0.13314E-05   1
Setting grid   2    0.75740E-07   1
Setting grid   3    0.13314E-05   1
Setting grid   4    0.23669E-05   1
 Transforming s_hat 1/s           12   2.5000000000000005E-005   2425.0000000000000        168999999.99999997     
Using random seed offsets    17 :      5
  with seed                   24
 Ranmar initialization seeds       31075        9402
  Particle       3       4       5       6       7
      Et >    10.0    10.0    15.0    15.0    15.0
       E >     0.0     0.0     0.0     0.0     0.0
     Eta <     2.5     2.5     5.0     5.0     5.0
   xqcut:      0.0     0.0    15.0    15.0    15.0
d R # 3  >    -0.0     0.4     0.0     0.0     0.0
d R # 4  >    -0.0    -0.0     0.0     0.0     0.0
d R # 5  >    -0.0    -0.0    -0.0     0.0     0.0
d R # 6  >    -0.0    -0.0    -0.0    -0.0     0.0
s min # 3>     0.0     0.0     0.0     0.0     0.0
s min # 4>     0.0     0.0     0.0     0.0     0.0
s min # 5>     0.0     0.0     0.0   225.0   225.0
s min # 6>     0.0     0.0     0.0     0.0   225.0
xqcutij # 3>     0.0     0.0     0.0     0.0     0.0
xqcutij # 4>     0.0     0.0     0.0     0.0     0.0
xqcutij # 5>     0.0     0.0     0.0    15.0    15.0
xqcutij # 6>     0.0     0.0    15.0     0.0    15.0
 
 ********************************************
 * You are using the DiscreteSampler module *
 *      part of the MG5_aMC framework       *
 *         Author: Valentin Hirschi         *
 ********************************************
 
 RESET CUMULATIVE VARIABLE
 Iteration  1   Mean: 0.3128E+01 Abs mean: 0.3128E+01   Fluctuation:  0.215E+01   0.209E+04     1.0%
  1    0.3128E+01 0.3128E+01 +- 0.2145E+01     21.69
 Writing out events   4.6700006309923943E-002   21.692858677359343     
 Relative summed weights:
  0.2186E-01  0.0000E+00  0.0000E+00  0.0000E+00  0.4785E-02  0.0000E+00  0.0000E+00  0.0000E+00  0.2812E-03  0.0000E+00  0.6956E-04  0.0000E+00  0.0000E+00  0.0000E+00  0.0000E+00  0.0000E+00  0.0000E+00  0.0000E+00  0.0000E+00  0.0000E+00  0.0000E+00  0.0000E+00  0.0000E+00  0.0000E+00  0.0000E+00  0.0000E+00  0.0000E+00  0.0000E+00  0.0000E+00  0.0000E+00  0.0000E+00  0.0000E+00  0.0000E+00  0.0000E+00  0.0000E+00  0.0000E+00  0.0000E+00  0.0000E+00  0.0000E+00  0.0000E+00
  0.1600E+00  0.0000E+00  0.5155E-02  0.1994E-01  0.3382E-03  0.0000E+00  0.5078E-03  0.1356E-03  0.5260E-02  0.0000E+00  0.2599E-05  0.0000E+00  0.6780E-02  0.2869E-02  0.4863E-02  0.6764E+00  0.0000E+00  0.0000E+00  0.0000E+00  0.0000E+00  0.4320E-02  0.1409E-01  0.2848E-02  0.3269E-02  0.5184E-03  0.1561E-03  0.2065E-01  0.1171E-01  0.0000E+00  0.0000E+00  0.0000E+00  0.0000E+00  0.4463E-05  0.1818E-02  0.2037E-03  0.4234E-03  0.5619E-03  0.5627E-03  0.2689E-01  0.2773E-02
 Relative number of events:
  0.1065E+00  0.0000E+00  0.0000E+00  0.0000E+00  0.2130E-01  0.0000E+00  0.0000E+00  0.0000E+00  0.1355E-01  0.0000E+00  0.3872E-02  0.0000E+00  0.0000E+00  0.0000E+00  0.0000E+00  0.0000E+00  0.0000E+00  0.0000E+00  0.0000E+00  0.0000E+00  0.0000E+00  0.0000E+00  0.0000E+00  0.0000E+00  0.0000E+00  0.0000E+00  0.0000E+00  0.0000E+00  0.0000E+00  0.0000E+00  0.0000E+00  0.0000E+00  0.0000E+00  0.0000E+00  0.0000E+00  0.0000E+00  0.0000E+00  0.0000E+00  0.0000E+00  0.0000E+00
  0.1007E+00  0.0000E+00  0.3098E-01  0.3582E-01  0.9681E-02  0.0000E+00  0.5808E-02  0.3872E-02  0.1549E-01  0.0000E+00  0.1936E-02  0.0000E+00  0.5227E-01  0.4937E-01  0.3098E-01  0.2517E-01  0.0000E+00  0.0000E+00  0.0000E+00  0.0000E+00  0.3001E-01  0.3388E-01  0.6776E-01  0.6970E-01  0.1162E-01  0.9681E-02  0.1075E+00  0.1094E+00  0.0000E+00  0.0000E+00  0.0000E+00  0.0000E+00  0.9681E-03  0.9681E-02  0.9681E-02  0.1162E-01  0.6776E-02  0.5808E-02  0.4840E-02  0.3872E-02
 Events:
         110           0           0           0          22           0           0           0          14           0           4           0           0           0           0           0           0           0           0           0           0           0           0           0           0           0           0           0           0           0           0           0           0           0           0           0           0           0           0           0
         104           0          32          37          10           0           6           4          16           0           2           0          54          51          32          26           0           0           0           0          31          35          70          72          12          10         111         113           0           0           0           0           1          10          10          12           7           6           5           4
 Iteration  2   Mean: 0.5801E+00 Abs mean: 0.5801E+00   Fluctuation:  0.136E+00   0.190E+03     6.8%
  2    0.5801E+00 0.5801E+00 +- 0.1360E+00     10.49
 Relative summed weights:
  0.1138E+00  0.0000E+00  0.0000E+00  0.0000E+00  0.2816E-02  0.0000E+00  0.0000E+00  0.0000E+00  0.5190E-02  0.0000E+00  0.6503E-02  0.0000E+00  0.0000E+00  0.0000E+00  0.0000E+00  0.0000E+00  0.0000E+00  0.0000E+00  0.0000E+00  0.0000E+00  0.0000E+00  0.0000E+00  0.0000E+00  0.0000E+00  0.0000E+00  0.0000E+00  0.0000E+00  0.0000E+00  0.0000E+00  0.0000E+00  0.0000E+00  0.0000E+00  0.0000E+00  0.0000E+00  0.0000E+00  0.0000E+00  0.0000E+00  0.0000E+00  0.0000E+00  0.0000E+00
  0.6745E-01  0.0000E+00  0.4843E-01  0.1874E+00  0.1574E-02  0.0000E+00  0.4264E-02  0.1899E-02  0.4822E-02  0.0000E+00  0.1294E-03  0.0000E+00  0.1330E-01  0.1250E-01  0.3366E-01  0.2701E-01  0.0000E+00  0.0000E+00  0.0000E+00  0.0000E+00  0.2264E-01  0.4984E-01  0.2876E-01  0.2879E-01  0.1887E-03  0.8885E-03  0.1886E+00  0.1157E+00  0.0000E+00  0.0000E+00  0.0000E+00  0.0000E+00  0.3604E-02  0.8767E-02  0.7867E-02  0.2659E-02  0.8111E-02  0.1389E-02  0.4389E-03  0.1072E-02
 Relative number of events:
  0.9793E-01  0.0000E+00  0.0000E+00  0.0000E+00  0.1378E-01  0.0000E+00  0.0000E+00  0.0000E+00  0.1427E-01  0.0000E+00  0.3937E-02  0.0000E+00  0.0000E+00  0.0000E+00  0.0000E+00  0.0000E+00  0.0000E+00  0.0000E+00  0.0000E+00  0.0000E+00  0.0000E+00  0.0000E+00  0.0000E+00  0.0000E+00  0.0000E+00  0.0000E+00  0.0000E+00  0.0000E+00  0.0000E+00  0.0000E+00  0.0000E+00  0.0000E+00  0.0000E+00  0.0000E+00  0.0000E+00  0.0000E+00  0.0000E+00  0.0000E+00  0.0000E+00  0.0000E+00
  0.1073E+00  0.0000E+00  0.4872E-01  0.4724E-01  0.1083E-01  0.0000E+00  0.4429E-02  0.6398E-02  0.1033E-01  0.0000E+00  0.2461E-02  0.0000E+00  0.5315E-01  0.5118E-01  0.2215E-01  0.2510E-01  0.0000E+00  0.0000E+00  0.0000E+00  0.0000E+00  0.3396E-01  0.3396E-01  0.7579E-01  0.8268E-01  0.8366E-02  0.9350E-02  0.9055E-01  0.1014E+00  0.0000E+00  0.0000E+00  0.0000E+00  0.0000E+00  0.7382E-02  0.5413E-02  0.8366E-02  0.6890E-02  0.4429E-02  0.3937E-02  0.4429E-02  0.3937E-02
 Events:
         199           0           0           0          28           0           0           0          29           0           8           0           0           0           0           0           0           0           0           0           0           0           0           0           0           0           0           0           0           0           0           0           0           0           0           0           0           0           0           0
         218           0          99          96          22           0           9          13          21           0           5           0         108         104          45          51           0           0           0           0          69          69         154         168          17          19         184         206           0           0           0           0          15          11          17          14           9           8           9           8
 Iteration  3   Mean: 0.7865E+00 Abs mean: 0.7865E+00   Fluctuation:  0.197E+00   0.661E+03     6.7%
  3    0.7865E+00 0.7865E+00 +- 0.1968E+00     15.83
 Relative summed weights:
  0.4261E-01  0.0000E+00  0.0000E+00  0.0000E+00  0.1527E-02  0.0000E+00  0.0000E+00  0.0000E+00  0.3256E-02  0.0000E+00  0.1035E-02  0.0000E+00  0.0000E+00  0.0000E+00  0.0000E+00  0.0000E+00  0.0000E+00  0.0000E+00  0.0000E+00  0.0000E+00  0.0000E+00  0.0000E+00  0.0000E+00  0.0000E+00  0.0000E+00  0.0000E+00  0.0000E+00  0.0000E+00  0.0000E+00  0.0000E+00  0.0000E+00  0.0000E+00  0.0000E+00  0.0000E+00  0.0000E+00  0.0000E+00  0.0000E+00  0.0000E+00  0.0000E+00  0.0000E+00
  0.7994E-01  0.0000E+00  0.5556E-01  0.2731E+00  0.1849E-02  0.0000E+00  0.4074E-01  0.7439E-02  0.7203E-02  0.0000E+00  0.1303E-02  0.0000E+00  0.2417E-01  0.1974E-01  0.2987E-01  0.3758E-01  0.0000E+00  0.0000E+00  0.0000E+00  0.0000E+00  0.5746E-01  0.3139E-01  0.2189E-01  0.1608E-01  0.2444E-02  0.8613E-02  0.1825E+00  0.2771E-01  0.0000E+00  0.0000E+00  0.0000E+00  0.0000E+00  0.3553E-02  0.5380E-02  0.1321E-02  0.1312E-02  0.1288E-02  0.1060E-01  0.6009E-03  0.9808E-03
 Relative number of events:
  0.8756E-01  0.0000E+00  0.0000E+00  0.0000E+00  0.1107E-01  0.0000E+00  0.0000E+00  0.0000E+00  0.1549E-01  0.0000E+00  0.2459E-02  0.0000E+00  0.0000E+00  0.0000E+00  0.0000E+00  0.0000E+00  0.0000E+00  0.0000E+00  0.0000E+00  0.0000E+00  0.0000E+00  0.0000E+00  0.0000E+00  0.0000E+00  0.0000E+00  0.0000E+00  0.0000E+00  0.0000E+00  0.0000E+00  0.0000E+00  0.0000E+00  0.0000E+00  0.0000E+00  0.0000E+00  0.0000E+00  0.0000E+00  0.0000E+00  0.0000E+00  0.0000E+00  0.0000E+00
  0.9518E-01  0.0000E+00  0.4993E-01  0.4747E-01  0.1082E-01  0.0000E+00  0.9346E-02  0.6640E-02  0.1058E-01  0.0000E+00  0.4181E-02  0.0000E+00  0.5411E-01  0.5829E-01  0.2582E-01  0.2582E-01  0.0000E+00  0.0000E+00  0.0000E+00  0.0000E+00  0.3173E-01  0.2804E-01  0.7403E-01  0.7354E-01  0.1328E-01  0.9838E-02  0.1048E+00  0.1030E+00  0.0000E+00  0.0000E+00  0.0000E+00  0.0000E+00  0.6886E-02  0.4181E-02  0.9346E-02  0.9838E-02  0.5657E-02  0.2951E-02  0.4673E-02  0.3443E-02
 Events:
         356           0           0           0          45           0           0           0          63           0          10           0           0           0           0           0           0           0           0           0           0           0           0           0           0           0           0           0           0           0           0           0           0           0           0           0           0           0           0           0
         387           0         203         193          44           0          38          27          43           0          17           0         220         237         105         105           0           0           0           0         129         114         301         299          54          40         426         419           0           0           0           0          28          17          38          40          23          12          19          14
 Accuracy:    0.504   0.100   0.166   9.202
 Found          144  events.
 Wrote            4  events.
 Actual xsec   0.82018116290903764     
 Correct abs xsec   0.82018116290903764     
 Event xsec   0.82018116290903764     
 Events wgts > 1:            0
 % Cross section > 1:    0.0000000000000000        0.0000000000000000     
 Iteration  4   Mean: 0.7979E+00 Abs mean: 0.7979E+00   Fluctuation:  0.808E-01   0.299E+03     5.9%
  4    0.7979E+00 0.7979E+00 +- 0.8081E-01      9.06
 Relative summed weights:
  0.1050E+00  0.0000E+00  0.0000E+00  0.0000E+00  0.5272E-02  0.0000E+00  0.0000E+00  0.0000E+00  0.3960E-02  0.0000E+00  0.2997E-02  0.0000E+00  0.0000E+00  0.0000E+00  0.0000E+00  0.0000E+00  0.0000E+00  0.0000E+00  0.0000E+00  0.0000E+00  0.0000E+00  0.0000E+00  0.0000E+00  0.0000E+00  0.0000E+00  0.0000E+00  0.0000E+00  0.0000E+00  0.0000E+00  0.0000E+00  0.0000E+00  0.0000E+00  0.0000E+00  0.0000E+00  0.0000E+00  0.0000E+00  0.0000E+00  0.0000E+00  0.0000E+00  0.0000E+00
  0.1407E+00  0.0000E+00  0.6982E-01  0.5721E-01  0.7755E-02  0.0000E+00  0.1387E-01  0.8019E-02  0.1589E-01  0.0000E+00  0.1043E-02  0.0000E+00  0.6165E-01  0.5144E-01  0.4726E-01  0.5968E-01  0.0000E+00  0.0000E+00  0.0000E+00  0.0000E+00  0.3939E-01  0.5041E-01  0.4100E-01  0.1902E-01  0.3814E-02  0.4722E-02  0.8007E-01  0.5479E-01  0.0000E+00  0.0000E+00  0.0000E+00  0.0000E+00  0.1018E-01  0.2432E-01  0.1929E-02  0.4813E-02  0.4122E-02  0.7830E-02  0.6222E-03  0.1416E-02
 Relative number of events:
  0.9129E-01  0.0000E+00  0.0000E+00  0.0000E+00  0.1399E-01  0.0000E+00  0.0000E+00  0.0000E+00  0.1031E-01  0.0000E+00  0.2945E-02  0.0000E+00  0.0000E+00  0.0000E+00  0.0000E+00  0.0000E+00  0.0000E+00  0.0000E+00  0.0000E+00  0.0000E+00  0.0000E+00  0.0000E+00  0.0000E+00  0.0000E+00  0.0000E+00  0.0000E+00  0.0000E+00  0.0000E+00  0.0000E+00  0.0000E+00  0.0000E+00  0.0000E+00  0.0000E+00  0.0000E+00  0.0000E+00  0.0000E+00  0.0000E+00  0.0000E+00  0.0000E+00  0.0000E+00
  0.8552E-01  0.0000E+00  0.4994E-01  0.4540E-01  0.1288E-01  0.0000E+00  0.8589E-02  0.7853E-02  0.9939E-02  0.0000E+00  0.3436E-02  0.0000E+00  0.5558E-01  0.5681E-01  0.2417E-01  0.2785E-01  0.0000E+00  0.0000E+00  0.0000E+00  0.0000E+00  0.3129E-01  0.2785E-01  0.7448E-01  0.7791E-01  0.1043E-01  0.1129E-01  0.1091E+00  0.1007E+00  0.0000E+00  0.0000E+00  0.0000E+00  0.0000E+00  0.6135E-02  0.6871E-02  0.8712E-02  0.1080E-01  0.5153E-02  0.5276E-02  0.4049E-02  0.3436E-02
 Events:
         744           0           0           0         114           0           0           0          84           0          24           0           0           0           0           0           0           0           0           0           0           0           0           0           0           0           0           0           0           0           0           0           0           0           0           0           0           0           0           0
         697           0         407         370         105           0          70          64          81           0          28           0         453         463         197         227           0           0           0           0         255         227         607         635          85          92         889         821           0           0           0           0          50          56          71          88          42          43          33          28
 Accuracy:    0.219   0.100   0.086   6.391
 Found          241  events.
 Wrote           20  events.
 Actual xsec   0.76646812716017154     
 Correct abs xsec   0.76646812716017154     
 Event xsec   0.76646812716017110     
 Events wgts > 1:            2
 % Cross section > 1:    3.4815080618684005E-003  0.45422737599900997     
 Iteration  5   Mean: 0.7261E+00 Abs mean: 0.7261E+00   Fluctuation:  0.349E-01   0.260E+03     5.8%
  5    0.7261E+00 0.7261E+00 +- 0.3490E-01      6.08
 Relative summed weights:
  0.7329E-01  0.0000E+00  0.0000E+00  0.0000E+00  0.1088E-01  0.0000E+00  0.0000E+00  0.0000E+00  0.9748E-02  0.0000E+00  0.1787E-02  0.0000E+00  0.0000E+00  0.0000E+00  0.0000E+00  0.0000E+00  0.0000E+00  0.0000E+00  0.0000E+00  0.0000E+00  0.0000E+00  0.0000E+00  0.0000E+00  0.0000E+00  0.0000E+00  0.0000E+00  0.0000E+00  0.0000E+00  0.0000E+00  0.0000E+00  0.0000E+00  0.0000E+00  0.0000E+00  0.0000E+00  0.0000E+00  0.0000E+00  0.0000E+00  0.0000E+00  0.0000E+00  0.0000E+00
  0.9400E-01  0.0000E+00  0.7561E-01  0.7201E-01  0.1118E-01  0.0000E+00  0.1051E-01  0.7921E-02  0.3139E-01  0.0000E+00  0.1644E-02  0.0000E+00  0.3206E-01  0.3328E-01  0.5758E-01  0.5522E-01  0.0000E+00  0.0000E+00  0.0000E+00  0.0000E+00  0.4777E-01  0.4764E-01  0.3807E-01  0.3315E-01  0.7693E-02  0.7053E-02  0.8706E-01  0.7920E-01  0.0000E+00  0.0000E+00  0.0000E+00  0.0000E+00  0.9715E-02  0.1397E-01  0.4030E-02  0.4134E-02  0.9744E-02  0.2904E-01  0.1636E-02  0.1979E-02
 Relative number of events:
  0.9526E-01  0.0000E+00  0.0000E+00  0.0000E+00  0.1172E-01  0.0000E+00  0.0000E+00  0.0000E+00  0.1092E-01  0.0000E+00  0.3558E-02  0.0000E+00  0.0000E+00  0.0000E+00  0.0000E+00  0.0000E+00  0.0000E+00  0.0000E+00  0.0000E+00  0.0000E+00  0.0000E+00  0.0000E+00  0.0000E+00  0.0000E+00  0.0000E+00  0.0000E+00  0.0000E+00  0.0000E+00  0.0000E+00  0.0000E+00  0.0000E+00  0.0000E+00  0.0000E+00  0.0000E+00  0.0000E+00  0.0000E+00  0.0000E+00  0.0000E+00  0.0000E+00  0.0000E+00
  0.9888E-01  0.0000E+00  0.4932E-01  0.4693E-01  0.1282E-01  0.0000E+00  0.8772E-02  0.6870E-02  0.1135E-01  0.0000E+00  0.3803E-02  0.0000E+00  0.5472E-01  0.5374E-01  0.2632E-01  0.2619E-01  0.0000E+00  0.0000E+00  0.0000E+00  0.0000E+00  0.2828E-01  0.2822E-01  0.7441E-01  0.7208E-01  0.9201E-02  0.1061E-01  0.1012E+00  0.1023E+00  0.0000E+00  0.0000E+00  0.0000E+00  0.0000E+00  0.6686E-02  0.6625E-02  0.1080E-01  0.1233E-01  0.4110E-02  0.5459E-02  0.3251E-02  0.3374E-02
 Events:
        1553           0           0           0         191           0           0           0         178           0          58           0           0           0           0           0           0           0           0           0           0           0           0           0           0           0           0           0           0           0           0           0           0           0           0           0           0           0           0           0
        1612           0         804         765         209           0         143         112         185           0          62           0         892         876         429         427           0           0           0           0         461         460        1213        1175         150         173        1649        1667           0           0           0           0         109         108         176         201          67          89          53          55
 Accuracy:    0.102   0.100   0.042   5.869
 Found          442  events.
 Wrote           68  events.
 Actual xsec   0.74069976539427906     
 Correct abs xsec   0.74069976539427906     
 Event xsec   0.74069976539427895     
 Events wgts > 1:            2
 % Cross section > 1:    5.1904441661733622E-003  0.70074872555285039     
 Iteration  6   Mean: 0.7190E+00 Abs mean: 0.7190E+00   Fluctuation:  0.268E-01   0.555E+03     5.2%
  6    0.7190E+00 0.7190E+00 +- 0.2684E-01      6.68
 Relative summed weights:
  0.8322E-01  0.0000E+00  0.0000E+00  0.0000E+00  0.1191E-01  0.0000E+00  0.0000E+00  0.0000E+00  0.9989E-02  0.0000E+00  0.2181E-02  0.0000E+00  0.0000E+00  0.0000E+00  0.0000E+00  0.0000E+00  0.0000E+00  0.0000E+00  0.0000E+00  0.0000E+00  0.0000E+00  0.0000E+00  0.0000E+00  0.0000E+00  0.0000E+00  0.0000E+00  0.0000E+00  0.0000E+00  0.0000E+00  0.0000E+00  0.0000E+00  0.0000E+00  0.0000E+00  0.0000E+00  0.0000E+00  0.0000E+00  0.0000E+00  0.0000E+00  0.0000E+00  0.0000E+00
  0.1041E+00  0.0000E+00  0.7817E-01  0.8080E-01  0.9955E-02  0.0000E+00  0.1365E-01  0.1914E-01  0.6768E-02  0.0000E+00  0.2382E-02  0.0000E+00  0.2989E-01  0.3322E-01  0.6408E-01  0.4676E-01  0.0000E+00  0.0000E+00  0.0000E+00  0.0000E+00  0.4431E-01  0.4715E-01  0.3070E-01  0.2787E-01  0.1437E-01  0.4581E-02  0.8095E-01  0.9088E-01  0.0000E+00  0.0000E+00  0.0000E+00  0.0000E+00  0.1157E-01  0.1010E-01  0.5594E-02  0.7213E-02  0.1015E-01  0.1452E-01  0.1749E-02  0.2060E-02
 Relative number of events:
  0.9796E-01  0.0000E+00  0.0000E+00  0.0000E+00  0.1243E-01  0.0000E+00  0.0000E+00  0.0000E+00  0.8967E-02  0.0000E+00  0.3795E-02  0.0000E+00  0.0000E+00  0.0000E+00  0.0000E+00  0.0000E+00  0.0000E+00  0.0000E+00  0.0000E+00  0.0000E+00  0.0000E+00  0.0000E+00  0.0000E+00  0.0000E+00  0.0000E+00  0.0000E+00  0.0000E+00  0.0000E+00  0.0000E+00  0.0000E+00  0.0000E+00  0.0000E+00  0.0000E+00  0.0000E+00  0.0000E+00  0.0000E+00  0.0000E+00  0.0000E+00  0.0000E+00  0.0000E+00
  0.9876E-01  0.0000E+00  0.4848E-01  0.4897E-01  0.1518E-01  0.0000E+00  0.8508E-02  0.9640E-02  0.9732E-02  0.0000E+00  0.3244E-02  0.0000E+00  0.5068E-01  0.5258E-01  0.2528E-01  0.2546E-01  0.0000E+00  0.0000E+00  0.0000E+00  0.0000E+00  0.2773E-01  0.2959E-01  0.7217E-01  0.7578E-01  0.9457E-02  0.9457E-02  0.1015E+00  0.1021E+00  0.0000E+00  0.0000E+00  0.0000E+00  0.0000E+00  0.6825E-02  0.5784E-02  0.1102E-01  0.1105E-01  0.5295E-02  0.5172E-02  0.3734E-02  0.3642E-02
 Events:
        3201           0           0           0         406           0           0           0         293           0         124           0           0           0           0           0           0           0           0           0           0           0           0           0           0           0           0           0           0           0           0           0           0           0           0           0           0           0           0           0
        3227           0        1584        1600         496           0         278         315         318           0         106           0        1656        1718         826         832           0           0           0           0         906         967        2358        2476         309         309        3317        3337           0           0           0           0         223         189         360         361         173         169         122         119
 Accuracy:    0.062   0.100   0.028   4.958
 Finished due to accuracy    6.2135076316155072E-002  0.10000000000000001     

 -------------------------------------------------------------------------------
 Accumulated results:   Integral =  0.7302E+00
                        Std dev  =  0.2038E-01
                       Cross sec =  0.7302E+00
             Chi**2 per DoF.     =      4.9579
 -------------------------------------------------------------------------------
 Found          499  events.
 Wrote           56  events.
 Actual xsec   0.72761679661395096     
 Correct abs xsec   0.72761679661395096     
 Event xsec   0.72761679661395129     
 Events wgts > 1:            1
 % Cross section > 1:    1.7510761417260934E-009   2.4065911478059994E-007
-------------------------------------------------
---------------------------
 Results Last   3 iters: Integral =   0.7276E+00
                     Abs integral =   0.7276E+00
                          Std dev =   0.2060E-01
                  Chi**2 per DoF. =      0.4315
-------------------------------------------------
---------------------------
 Status  0.10000000000000001                7           7

ls status:
events.lhe
ftn26
input_app.txt
results.dat
run1_app.log
