  0.00000152618175378  0.00000160632562594  0.00000166898346094  0.00000172948911617
  0.00000179595049885  0.00000187451433309  0.00000196456343558  0.00000205732945469
  0.00000214244585396  0.00000222118959893  0.00000230017299614  0.00000238523340923
  0.00000248047304830  0.00000258675582885  0.00000271257587313  0.00000282374095201
  0.00000293676770074  0.00000304808569392  0.00000315801669322  0.00000327042597694
  0.00000338828473409  0.00000351232237287  0.00000364190978568  0.00000377743161870
  0.00000391513146408  0.00000404782316626  0.00000418685030800  0.00000433133077594
  0.00000448147702109  0.00000464241743539  0.00000481373965959  0.00000498811615907
  0.00000516305790553  0.00000533517015143  0.00000553178442778  0.00000575403452321
  0.00000598449645793  0.00000622750861570  0.00000649089443408  0.00000678200329438
  0.00000709098959319  0.00000738725712350  0.00000771518902993  0.00000806739685192
  0.00000841433821381  0.00000878892070894  0.00000921031791020  0.00000966662445341
  0.00001015227760471  0.00001065331520548  0.00001119549170928  0.00001177046589595
  0.00001247375731810  0.00001319072419736  0.00001393674658466  0.00001471601315974
  0.00001556498548303  0.00001651088372815  0.00001757632624577  0.00001873566623958
  0.00001989207735780  0.00002106780485128  0.00002230139618453  0.00002376658289497
  0.00002547757900114  0.00002738782048274  0.00002941057387540  0.00003149177550292
  0.00003371862387904  0.00003600692615169  0.00003855913059534  0.00004117534948333
  0.00004434104428702  0.00004792461366191  0.00005232215911959  0.00005727800187815
  0.00006313249742494  0.00006993223002822  0.00007760737754338  0.00008663016331500
  0.00009755913640946  0.00011147534013695  0.00012795692278075  0.00014770641572776
  0.00017171210916083  0.00020259381848268  0.00024406708892197  0.00029703802882786
  0.00037671582338019  0.00047042565153015  0.00058831121340289  0.00077640458215582
  0.00110821528396487  0.00190675507282723  0.08332076367989380  1.00000000000000000
  0.00000014437865923  0.00000016426757040  0.00000017674424911  0.00000018900279562
  0.00000020125251041  0.00000021536946263  0.00000022934329322  0.00000024430430808
  0.00000026295666448  0.00000028230658513  0.00000030544660953  0.00000033083780812
  0.00000035709783393  0.00000038508469472  0.00000041396186491  0.00000044569153686
  0.00000047812285915  0.00000051022782385  0.00000054529871236  0.00000058120141567
  0.00000062137836143  0.00000067088580295  0.00000072244639843  0.00000077689502582
  0.00000083364028537  0.00000089294842217  0.00000095673187376  0.00000102137189984
  0.00000108860075888  0.00000116164418613  0.00000123800552994  0.00000131582217083
  0.00000139821590251  0.00000148115841270  0.00000157034355066  0.00000167258230352
  0.00000178491021631  0.00000189965731360  0.00000202173802757  0.00000216318016291
  0.00000230991571467  0.00000245979228018  0.00000261719425697  0.00000277909054355
  0.00000296957377999  0.00000316878556642  0.00000338362579799  0.00000361818895710
  0.00000388221506203  0.00000419691446043  0.00000455985773845  0.00000492931489785
  0.00000534753155958  0.00000578210406151  0.00000626479690212  0.00000680054245519
  0.00000739879446427  0.00000810279512538  0.00000887157036844  0.00000974031306174
  0.00001066555506390  0.00001170916612928  0.00001279995667489  0.00001402781834358
  0.00001537887611270  0.00001692133305991  0.00001857016011675  0.00002048123950830
  0.00002246858125617  0.00002471399757084  0.00002731711639181  0.00003032202316340
  0.00003404915443925  0.00003823215657588  0.00004301653364788  0.00004882085269361
  0.00005545109806288  0.00006281997870330  0.00007106997332058  0.00008027893270851
  0.00009183004609843  0.00010646024069009  0.00012485144753906  0.00014703567165437
  0.00017128970532327  0.00020010133224799  0.00023978846618521  0.00029478558817863
  0.00036550691217808  0.00046329417777135  0.00062458818723724  0.00091313279710756
  0.00134773085317780  0.00240006400417702  0.07555889969472697  1.00000000000000000
  0.00000171181964193  0.00000174968340717  0.00000178004031404  0.00000180993868730
  0.00000184297198840  0.00000187956538649  0.00000192438662836  0.00000196794397739
  0.00000201634800771  0.00000207037745607  0.00000212647226829  0.00000218022799446
  0.00000223196747345  0.00000228549169652  0.00000234008705079  0.00000239094217477
  0.00000244990231058  0.00000252396682990  0.00000260275407530  0.00000268402990129
  0.00000276477914548  0.00000285200086853  0.00000295430532579  0.00000306854401277
  0.00000318928931202  0.00000330736130722  0.00000343371012594  0.00000357105250634
  0.00000372193036348  0.00000386862335058  0.00000401296911859  0.00000416904511945
  0.00000433902093686  0.00000452517836049  0.00000473512147668  0.00000497412312221
  0.00000522653366154  0.00000547752443831  0.00000575834471799  0.00000604376871391
  0.00000635963619747  0.00000670346645262  0.00000709105775067  0.00000749968530659
  0.00000793358039233  0.00000838549415224  0.00000886440958379  0.00000939969148398
  0.00000998989294792  0.00001063881720629  0.00001141659144684  0.00001220997575272
  0.00001306006556150  0.00001393880480331  0.00001486966614397  0.00001587174708855
  0.00001695563537911  0.00001814645088887  0.00001948770665777  0.00002100738231148
  0.00002264740244621  0.00002448995855736  0.00002651514437443  0.00002881502211843
  0.00003108160118741  0.00003348353724833  0.00003612594964865  0.00003918057362161
  0.00004292939561298  0.00004701243939033  0.00005144151415129  0.00005672351720355
  0.00006262160023040  0.00006932746845583  0.00007684269930970  0.00008521358884514
  0.00009483780860231  0.00010659077545656  0.00012051913178199  0.00013689005644249
  0.00015531269699381  0.00017593355431637  0.00020360046771313  0.00024020171753383
  0.00027733599600613  0.00031907798672032  0.00037364978278978  0.00046031823116587
  0.00054942358796841  0.00063640881979356  0.00075831081811269  0.00100802586624031
  0.00147583337120559  0.00207382346482809  0.02532282194604597  1.00000000000000000
  0.00000141722032109  0.00000221695056350  0.00000239085134850  0.00000256873650596
  0.00000275576434320  0.00000292531211083  0.00000312934618175  0.00000334687737327
  0.00000356192114790  0.00000377440671019  0.00000398875772465  0.00000419843931845
  0.00000438898100806  0.00000459173785576  0.00000480092971672  0.00000504308324325
  0.00000529905972746  0.00000554350701526  0.00000578237822284  0.00000603310480204
  0.00000632226749820  0.00000661684016769  0.00000697342866089  0.00000735233301093
  0.00000771632717013  0.00000810768450952  0.00000852557974187  0.00000897283455981
  0.00000948582644568  0.00001000940119185  0.00001052391298230  0.00001104257412492
  0.00001158228678945  0.00001219630241285  0.00001292817849755  0.00001370275291196
  0.00001451566387612  0.00001536852426216  0.00001627410754766  0.00001723672132300
  0.00001825434899217  0.00001932928990448  0.00002050044794760  0.00002175904586493
  0.00002309925460314  0.00002464944862396  0.00002622707854975  0.00002792986735296
  0.00002971517925883  0.00003159569918680  0.00003381835808208  0.00003618519504994
  0.00003877945245873  0.00004160539737941  0.00004435741462867  0.00004724526693772
  0.00005026809822778  0.00005353901773658  0.00005749878492447  0.00006186622307504
  0.00006667617458813  0.00007183947307846  0.00007724815878468  0.00008297878391901
  0.00008914250835290  0.00009590589994209  0.00010287441951858  0.00011013393061016
  0.00011826909866527  0.00012762360872363  0.00013825491567206  0.00014966254956119
  0.00016191381190236  0.00017530838042278  0.00019086210194530  0.00020819804129327
  0.00022716248125895  0.00024900110480394  0.00027389397852910  0.00029931978764926
  0.00032585307074499  0.00035722860904824  0.00039593928802316  0.00044109442982705
  0.00048689507419788  0.00053787614896065  0.00059798716292145  0.00066883145872115
  0.00075444853981805  0.00088591463792326  0.00110057883982388  0.00143406433943092
  0.00193953866013356  0.00263944452766393  0.04764491806200151  1.00000000000000000
 -0.00313321581247750  0.01293372971840055  0.02539532436232230  0.03811949314912921
  0.05049737393496223  0.06336458303790371  0.07654263135735066  0.08919348815469280
  0.10160290486425257  0.11448706829648725  0.12768464155071610  0.14085395540322604
  0.15413011047432526  0.16733622196629006  0.18026072446129499  0.19291681732381274
  0.20554292552662093  0.21845638581072210  0.23161121415976588  0.24397779610621248
  0.25654845765474205  0.26893927597565792  0.28195406992586458  0.29404219048816588
  0.30596587080680260  0.31663629951255157  0.32777720785480646  0.33888485889793163
  0.35011366015027739  0.36135829512097245  0.37316829058871942  0.38455615936647364
  0.39592494008615059  0.40772614610434882  0.42063277000700372  0.43305936289066782
  0.44484810119686874  0.45646239364611396  0.46833378749171073  0.48019159079938423
  0.49172052426053253  0.50287390565400514  0.51415854899972668  0.52527477253550381
  0.53626733393379378  0.54779922712453055  0.55983766973734728  0.57162231459463275
  0.58284476171835131  0.59334106574182510  0.60307224378937174  0.61273579418151247
  0.62290520344954881  0.63397299326347201  0.64647245873835157  0.65881246324393394
  0.66980245486770285  0.68039130536714754  0.69021573192847596  0.70011955570899853
  0.70956098822893565  0.71915145351220644  0.72885284943186823  0.73840791597473809
  0.74796964900423180  0.75716741877826121  0.76637771640256547  0.77576280347246918
  0.78557914936607942  0.79480937250580697  0.80343723794911903  0.81209016439993764
  0.82111804705485858  0.82953225967833333  0.83723294791572556  0.84445246974260713
  0.85206310920434258  0.86038515735676269  0.86889008048349092  0.87712349198118233
  0.88546504523814529  0.89411883100860479  0.90298117463405836  0.91189079740487355
  0.92050795585478584  0.92845900344355070  0.93607766132280157  0.94316176238475946
  0.95039101498104339  0.95713868331546159  0.96402212724230474  0.97107551894515753
  0.97826923887709605  0.98564717292184389  0.99287254490799470  1.00000000000000000
 -0.00249462164863197  0.01026516600147547  0.02132239982193793  0.03214663841145319
  0.04277958116309034  0.05348192735877202  0.06338239192762585  0.07305913140875592
  0.08274495552856334  0.09364022907806342  0.10440538078063533  0.11486909289120520
  0.12495730150291515  0.13548986418289902  0.14532160380635561  0.15530910471014500
  0.16533040061144549  0.17617294877448866  0.18749836558585567  0.19897597729258404
  0.21134475609604009  0.22331491833625516  0.23467072759167737  0.24492223245162628
  0.25479652911766676  0.26451657713395388  0.27462196805339578  0.28506158119570613
  0.29590769682272455  0.30703363839354053  0.31804508480864291  0.32805825461161614
  0.33768147942111371  0.34767713564841690  0.35856144293073444  0.36916583781693574
  0.37972230666306284  0.39062684512781792  0.40157013966990579  0.41304664966263882
  0.42487511071903800  0.43636925327804854  0.44774062956033123  0.45893558353176833
  0.47058184821483801  0.48174255287612239  0.49265015664176620  0.50276852242640513
  0.51306059492134060  0.52354444778817555  0.53459427519156677  0.54633897503583884
  0.55805917678732064  0.56946516694453175  0.58040470436668878  0.59015161097424773
  0.59958323637663558  0.60953043324789569  0.61987273416399080  0.63025661607300587
  0.63988982392144855  0.64990188756818934  0.66039005007493834  0.67081551909199078
  0.68161106463293764  0.69264406129591261  0.70388142402799536  0.71496608351406088
  0.72588019672234494  0.73715918301969463  0.74830456305833992  0.75828566499927452
  0.76748025649711193  0.77680125982958304  0.78664859522044317  0.79646479440230133
  0.80567105684069895  0.81500998118434154  0.82499897608520811  0.83570353239643513
  0.84666460203193117  0.85746690290766148  0.86728793514053026  0.87684063611389007
  0.88614220158078316  0.89669636469193004  0.90782518856594530  0.91914541097978941
  0.93045556396860529  0.94181605798844881  0.95219928118976860  0.96137958794383205
  0.96986407689983434  0.97849255519012057  0.98868584894039757  1.00000000000000000
 -0.00237882221598613  0.00973344398078896  0.01986910221437531  0.03059911401179697
  0.04174679857068317  0.05312913431691238  0.06416554460330696  0.07485991859594276
  0.08499180830987388  0.09467775114966111  0.10397123074043414  0.11296666091908764
  0.12210168441778776  0.13193848608128478  0.14240734098229957  0.15378445322931070
  0.16437617169841942  0.17504960288023438  0.18538921739488781  0.19579896130243193
  0.20535958940489296  0.21473763367151227  0.22431562293776616  0.23431361371295001
  0.24390338564876721  0.25353425548961711  0.26340846298670306  0.27404476271472672
  0.28451937129624078  0.29521437812444601  0.30640585005515758  0.31827360001220789
  0.33006417673465716  0.34153077895902090  0.35290410908991471  0.36354022127267543
  0.37402970319867951  0.38453979441620484  0.39571126235552712  0.40687247020769646
  0.41760949695261229  0.42785455333774308  0.43822084015968904  0.44888546269480456
  0.45907062651101493  0.46894136079014753  0.47919235616176686  0.49064377432472206
  0.50281026227669900  0.51487557014434093  0.52700835918711597  0.53825903505732131
  0.54933785033198690  0.56031387227639806  0.57207381592620887  0.58362369452083973
  0.59349499772771186  0.60285285079407513  0.61281320538177442  0.62421954216653885
  0.63628809456617474  0.64817443201384106  0.65980008338591689  0.67124915588995393
  0.68262614838894653  0.69390293275168535  0.70484743477874490  0.71612371787382501
  0.72772901303858484  0.73956708295446627  0.75109454699567724  0.76269431842757951
  0.77386321667585090  0.78466293533246934  0.79498830580708379  0.80486657354012159
  0.81482734116616318  0.82522669346562760  0.83557476384753304  0.84530765268792585
  0.85470823256206485  0.86407945892592741  0.87426431635355006  0.88474088174743970
  0.89507615910832328  0.90602639273296637  0.91621696181786449  0.92633114888608881
  0.93626767651347387  0.94600969647371957  0.95517252363020599  0.96350473083132293
  0.97237116608378149  0.98140562728442726  0.99095351175960056  1.00000000000000000
 -0.00243069448903420  0.00853278251238113  0.01903958057133471  0.02993879978475511
  0.04050113162210092  0.05151145986911607  0.06274077100891000  0.07376015315585571
  0.08426529512067987  0.09431662760978805  0.10476133228490427  0.11526582695556632
  0.12621502450490490  0.13738323975429573  0.14876208693428858  0.16005033081949965
  0.17099326856649685  0.18165829672539735  0.19262978733888422  0.20397323128829556
  0.21538083124783455  0.22708424428907589  0.23850276624755587  0.25002917184732798
  0.26123139346406493  0.27269019478897655  0.28416874695834249  0.29523251772028969
  0.30603966998010562  0.31669067576322851  0.32709117557615836  0.33747632026962548
  0.34816054127769974  0.35921213177814965  0.36985157209119629  0.37978444667155919
  0.38948786537445229  0.39901750156207610  0.40881717325782463  0.41899088602373785
  0.42974142125871689  0.44097903992590620  0.45194661810065301  0.46274050024875379
  0.47363218241082661  0.48452087149035894  0.49546107999558708  0.50519430139832400
  0.51493180392218996  0.52489155672418131  0.53581870726375802  0.54750734646839327
  0.55908072839175593  0.56949187773378107  0.57884788044375324  0.58784077259020417
  0.59711186028253327  0.60650724232212738  0.61532219021224632  0.62435386448247188
  0.63447494717403063  0.64512185283422174  0.65553495693121644  0.66592013982771525
  0.67582167438557683  0.68566213796483277  0.69565581005075905  0.70594398285570670
  0.71622797824925899  0.72637034107435750  0.73748045775939686  0.74746070396324671
  0.75646106745456676  0.76495212702973103  0.77354486815669488  0.78342644768078840
  0.79397581555311358  0.80495115653873994  0.81665291158321174  0.82886314257529814
  0.84017107507368538  0.85094085969645239  0.86144522614169172  0.87291736272850462
  0.88457800646206586  0.89624268333228629  0.90641727741692790  0.91558674306647192
  0.92468909796270093  0.93369533264017734  0.94392133538037848  0.95420806740113906
  0.96474270917519089  0.97575540661076510  0.98717687332012227  1.00000000000000000
 -0.00241759978913073  0.00973143574471474  0.01933893948203686  0.02962804502474789
  0.03879191757530145  0.04878651489245829  0.05847082335286983  0.06920895869946478
  0.08044011970942726  0.09136582705793189  0.10144526651205617  0.11119609144898952
  0.12122154533377619  0.13277929970432864  0.14477626708865945  0.15696094103286962
  0.16854769530138833  0.17993363754712013  0.19001620440239717  0.20027762766423823
  0.21056257672486861  0.22128504855683204  0.23232366279626762  0.24312706518984908
  0.25403384864393591  0.26522791281948888  0.27629868036767447  0.28676038269081583
  0.29698481688025091  0.30735088182391856  0.31792397279234447  0.32709713550731068
  0.33539760494503906  0.34384650581301895  0.35293563480813261  0.36342189250674867
  0.37444898593610598  0.38524533797200883  0.39604401440042469  0.40730546436072301
  0.41872308200403674  0.43026049212524903  0.44110309190815150  0.45216981556428354
  0.46259843379122856  0.47210884962112987  0.48192227332909265  0.49159374883481649
  0.50116921031651251  0.51052692534499955  0.52092710643175488  0.53250225300307896
  0.54352582515849546  0.55344507437183532  0.56282758729017057  0.57240059824032186
  0.58144448362378121  0.59131676571674785  0.60190987233417537  0.61310646141128300
  0.62422769077968487  0.63507074757301329  0.64598871509333211  0.65669622023910934
  0.66749549791201246  0.67902075200600864  0.69110954608588981  0.70292162347289056
  0.71485535345187923  0.72622023606787667  0.73776456803142354  0.74908205745679624
  0.75960585889575483  0.77012658320281213  0.78106453001624920  0.79182305969127453
  0.80246166884764536  0.81297522149230539  0.82371409312392840  0.83402207154852270
  0.84470442278472591  0.85570976117531961  0.86640650693933519  0.87664661209856376
  0.88702349081373733  0.89758651154777191  0.90823914926092963  0.91788495415171623
  0.92716696236844443  0.93696192252706512  0.94701735692397726  0.95661163299442975
  0.96648276745113937  0.97643198542303666  0.98831953982413168  1.00000000000000000
 -0.00004333833596740  0.00000788866031903  0.00005911565660546  0.00017840027766060
  0.00029869736336713  0.00041787242365377  0.00053597791619261  0.00058887324899536
  0.00064293081013499  0.00070172885154685  0.00076106951393610  0.00082083448395768
  0.00087829631370821  0.00093539309086054  0.00099183336322437  0.00104954720759864
  0.00110821896471006  0.00117248294286292  0.00123873942677779  0.00130552056297328
  0.00137454275221842  0.00144831828399791  0.00151990711146019  0.00159172302221472
  0.00166746432912949  0.00174360393990081  0.00182066871518039  0.00190231731179133
  0.00198614506625879  0.00207229735362158  0.00216117153904798  0.00225071041807083
  0.00233962906953251  0.00242805673203165  0.00251606219538003  0.00260585417120851
  0.00269845218598772  0.00279126949780459  0.00287580068279205  0.00294738652860795
  0.00301272503866422  0.00307657457373714  0.00313981939810284  0.00321254155901987
  0.00329015161645965  0.00338049893453241  0.00347547753171853  0.00357316184950441
  0.00367111506822215  0.00377331163905863  0.00389598376021823  0.00404641233698071
  0.00423378075078213  0.00442404279626703  0.00459584242772468  0.00474662801248743
  0.00489807493215386  0.00502904909882601  0.00514053502994537  0.00524629216694227
  0.00536905648664904  0.00548475982542818  0.00559021794527500  0.00570572441998669
  0.00583444861565246  0.00597539058656604  0.00612710218568915  0.00635326011398638
  0.00652059280472374  0.00662526770382294  0.00672715536211546  0.00682871708267296
  0.00693043951239090  0.00711639949192517  0.00734682456570934  0.00757468795719021
  0.00788245484758255  0.00842419528963571  0.00894467738390391  0.00979776172922362
  0.01076054337891207  0.01133133126402597  0.01168422865501985  0.01200456486088784
  0.01255177702356571  0.01283889985711900  0.01342746234089671  0.01589323405472706
  0.02144788100029657  0.02304830876695929  0.02428594110762365  0.02541291713416627
  0.02750084073856737  0.03298401018564501  0.23133592721204632  1.00000000000000000
 -0.00200254253211609  0.00669052833969964  0.01457152396437910  0.02269410446643476
  0.03047035157972210  0.03782645935478918  0.04534797126906372  0.05294571020021623
  0.06099080528168378  0.06962332889706931  0.07845680521725204  0.08739956946753975
  0.09608389068356277  0.10514850921319911  0.11355639701866467  0.12104209094319900
  0.12780888754010580  0.13498401842091104  0.14227746688997633  0.15093339224634716
  0.16050119019963643  0.17100820041788659  0.18145891041764822  0.19151715611775055
  0.20106763574244654  0.21021931910720273  0.21934095502234757  0.22901208473629048
  0.23967314024176858  0.25014258238054238  0.26027443440080578  0.27059268808541515
  0.28166151240995452  0.29304653507253714  0.30393906776020307  0.31526372805922248
  0.32745922264905281  0.34010610552716031  0.35300718120217878  0.36545451342638902
  0.37843969949395240  0.39170577105992044  0.40507744876769880  0.41871301000517402
  0.43327088979591533  0.44761708310174964  0.46106090849512921  0.47397456859475362
  0.48660195027168734  0.49946848873790634  0.51331372590775237  0.52799042690384757
  0.54160318652612383  0.55412212387444171  0.56669568807695836  0.58059954333744923
  0.59495088481062208  0.60907382308341229  0.62265540290909904  0.63725934955730523
  0.65211936826589356  0.66641782587291165  0.67980432619346420  0.69234087459395188
  0.70466245617749268  0.71677990699128014  0.72734216954405528  0.73671891169289605
  0.74607923704006629  0.75580772950016850  0.76734173116397597  0.77898692029083427
  0.79053123717301410  0.80072136769026259  0.81044483838293824  0.81995652641845707
  0.82955136186270950  0.83901730748574388  0.84889145485025830  0.85873584299213856
  0.86918692992655122  0.87968442632259858  0.89029169711693101  0.90085125084680895
  0.91103379656552030  0.92063486444368492  0.92937681512954018  0.93766991967889757
  0.94574984328044154  0.95388887142718404  0.96183527575310934  0.96975978708640376
  0.97788468475592072  0.98562935696214526  0.99300413348910177  1.00000000000000000
  0.46046248521547972  0.50619747167592333  0.51928825489818364  0.53434731132860724
  0.54375592123560823  0.55165009186137537  0.55909764745632151  0.56551202728347927
  0.57183032489847951  0.57685519164436960  0.58240695237878948  0.58792545131030427
  0.59377429121263359  0.60112189129913163  0.60896360673741801  0.61694261987185495
  0.62529661651706325  0.63222985852705160  0.63847067826263260  0.64465292306949096
  0.65039293870756509  0.65587692458458347  0.66231533570018630  0.66831550117722860
  0.67425654678657176  0.68008763244328263  0.68640555549384830  0.69285129404925683
  0.69890266307068682  0.70445162343774037  0.70990872522279769  0.71534155179361936
  0.72071175251733910  0.72588366029571427  0.73098058918891384  0.73615918568760785
  0.74120173011880242  0.74619396301692842  0.75097105144594434  0.75564092899385982
  0.76046040791909042  0.76558884265345450  0.77067131822409285  0.77534392566084387
  0.77975698318576414  0.78419597442587541  0.78879453042684022  0.79325125226907367
  0.79750748676072214  0.80161969237576525  0.80574585544386468  0.80999963066534719
  0.81440105178433819  0.81891330183781952  0.82332889457107927  0.82768144567961066
  0.83215918025218727  0.83676049378101236  0.84131790230504766  0.84574195114029227
  0.85010387507395391  0.85473582201021292  0.85903219139988884  0.86338956212843965
  0.86766845356643119  0.87220150148245656  0.87670117628304978  0.88107815404404588
  0.88539344311677370  0.88993325346514274  0.89462608142271982  0.89913555897064856
  0.90337897363549813  0.90739583747822072  0.91142480063064701  0.91550163916677696
  0.91964411088804165  0.92384889913733692  0.92806765474437192  0.93224989439020534
  0.93631153215491769  0.94038449967690474  0.94448746529034922  0.94870860658135969
  0.95266400212692592  0.95641795990348277  0.96007617656530397  0.96371387223514360
  0.96743978139944176  0.97120889046518910  0.97501206902422122  0.97911648407183038
  0.98358957399380442  0.98832621728370129  0.99401384680172866  1.00000000000000000
 -0.02367169919301054  0.12853394388384295  0.14372371143197410  0.16059623673306767
  0.17286493502566669  0.18320007456029305  0.19384342604789792  0.20460817318632984
  0.21560110948549274  0.22517192926603416  0.23553791815145397  0.24515324533520075
  0.25485823721652245  0.26346430564681561  0.27258414904889039  0.28099287130899719
  0.28856743447815958  0.29572452783820791  0.30274924507627560  0.30999350712904417
  0.31723791973967930  0.32428929128017181  0.33150031697612425  0.33820650379907624
  0.34467470550227192  0.35100690987831640  0.35744593075004183  0.36381453178222772
  0.37010694528215327  0.37627252367923897  0.38236411585643798  0.38855393411697009
  0.39460145667334801  0.40060900035616986  0.40670684916743016  0.41286217062555286
  0.41923380701409402  0.42575101188974951  0.43220932893510994  0.43884249395726610
  0.44566056067215193  0.45210045118883990  0.45803384783481449  0.46346641648369169
  0.46859302201056130  0.47367383837790794  0.47876358480687670  0.48410388581303948
  0.48997532000010813  0.49641392470058793  0.50296756763052353  0.50964493076574191
  0.51616962095296348  0.52265665303937414  0.52892311374584600  0.53512673147620449
  0.54117984879360159  0.54713209557624376  0.55313759148316999  0.55932595100157356
  0.56546242879048569  0.57130931658354367  0.57694681397808723  0.58269734853047417
  0.58886137919459025  0.59540247687337666  0.60205677921820089  0.60831694744206199
  0.61398133108489394  0.61958718502251187  0.62529194397036336  0.63199506402323691
  0.63934872575915802  0.64665115250562721  0.65413027583265548  0.66131973553924783
  0.66844154912914799  0.67579037065918224  0.68345418358396970  0.69149367726449251
  0.69990263164484379  0.70841051363396434  0.71741346618436985  0.72604221028436056
  0.73536381492542779  0.74516441167474168  0.75556695698971788  0.76658338342383747
  0.77892484018515651  0.79269967810229502  0.80692656475090141  0.82157527930608720
  0.83753636803989684  0.85578270842313720  0.88946193175825250  1.00000000000000000
   5.3207536663636306E-006  -1.0000000000000000     
 F F F F F F F F F F F F F F F F F F F F F F F F F F F F F F F F F F F F F F F F F F F F F F F F F F F F F F F F F F F F F F F F F F F F F F F F F F F F F F F F F F F F F F F F F F F F F F F F F F F F F F F F F F F F F F F F F F F F F F F F F F F F F F F F F F F F F F F F F F F F F F F F F F F F F F F F F F F F F F F F F F F F F F F F F F F F F F F F F F F F F F F F F F F F F F F F F F F F F F F F F F F F F F F F F F F F F F F F F F F F F F F F F F F F F F F F F F F F F F F F F F F F F F F F F F F F F F F F
  <DiscreteSampler_grid>
  grouped_processes
  1 # 1 for a reference and 2 for a running grid.
  10 # Attribute 'min_bin_probing_points' of the grid.
  1 # Attribute 'grid_mode' of the grid. 1=='default',2=='initialization'
  0.0000000000000000 # Attribute 'small_contrib_threshold' of the grid.
  0.5000000000000000 # Attribute 'damping_power' of the grid.
 # binID   n_entries weight   weight_sqr   abs_weight
    13   10   5.869150333045010E-002   2.711045516334490E-002   5.869150333045010E-002
    16   10   1.442008089585129E-002   1.662940044282880E-003   1.442008089585129E-002
    22   10   6.123356660948999E-002   2.794647570549718E-002   6.123356660948999E-002
    25   10   1.538449554782216E-002   1.750038587191980E-003   1.538449554782216E-002
  </DiscreteSampler_grid>
