 -0.00344052919573685  0.01324892112955186  0.02717043988821088  0.04048410821242905
  0.05226485241087590  0.06294785831465384  0.07401262538634482  0.08492022500653089
  0.09640271725410404  0.10736194961175219  0.11789691378273082  0.12726922473709201
  0.13596559737995056  0.14480628239157731  0.15412210411712565  0.16396434864159662
  0.17342749569178159  0.18272502465164350  0.19297113610273239  0.20299256899530013
  0.21425698307601396  0.22606245472237213  0.23843801653940641  0.25055075687296402
  0.26148107047554719  0.27281490933688252  0.28345885966811052  0.29450872931859956
  0.30530142553402856  0.31713910656249528  0.32773020432971256  0.33745864229185063
  0.34663700855136820  0.35568292159894677  0.36643358756693223  0.37804997320708938
  0.38895421564649196  0.40051065893398485  0.41261316276517523  0.42502366324233215
  0.43720328126800495  0.44906458938139587  0.46111521988561255  0.47287339537410861
  0.48475147521799600  0.49550842599169304  0.50538481419290182  0.51479935937182408
  0.52595546479673372  0.53847692070930508  0.55051481939785840  0.56049054978157675
  0.57012935696929190  0.58020127174755132  0.59121341564820951  0.60339587633766156
  0.61533323062234491  0.62667799767421828  0.63735172911907167  0.64805354774195312
  0.65881431818088998  0.66962006397026730  0.68001963099679730  0.68998073736195831
  0.70034848753588830  0.71104705675368685  0.72235405745647152  0.73355236733399576
  0.74470163223299002  0.75420079059664857  0.76236614819488169  0.77041667298639083
  0.77882279101387208  0.78813107985029096  0.79843993389550683  0.80970004890409042
  0.82187782274376386  0.83397337448979869  0.84470058332520648  0.85500578702433294
  0.86222521503357730  0.87101745556007137  0.87944862626067744  0.88841664411153909
  0.89760153214932192  0.90684360049631862  0.91522972187344376  0.92499062373853158
  0.93579567830453125  0.94688861614765085  0.95726537186627603  0.96647208295260978
  0.97504956928049080  0.98362621809591466  0.99191275090904396  1.00000000000000000
  0.00000162499152471  0.00000164034931608  0.00000165471363226  0.00000167149345669
  0.00000170123808360  0.00000173234610860  0.00000176586357930  0.00000180174687770
  0.00000183765174616  0.00000189371753102  0.00000196587082872  0.00000202487945717
  0.00000208114959636  0.00000214602429696  0.00000222104429911  0.00000231300063216
  0.00000241761008156  0.00000253373607303  0.00000265367621584  0.00000281100025907
  0.00000295727154119  0.00000309245431378  0.00000322255802752  0.00000335531511891
  0.00000348759676933  0.00000362398523335  0.00000377245332939  0.00000392119645972
  0.00000409017502436  0.00000426757655054  0.00000444327031345  0.00000462222515149
  0.00000483265944781  0.00000507323560763  0.00000531065960377  0.00000555631290110
  0.00000581303413323  0.00000608984503506  0.00000637142868605  0.00000667769252242
  0.00000698515621673  0.00000730609322425  0.00000764750681967  0.00000801143677696
  0.00000839814627489  0.00000878841599220  0.00000922920059744  0.00000967715099767
  0.00001016547346136  0.00001072411014238  0.00001137231083445  0.00001208603342971
  0.00001279425044845  0.00001349161768776  0.00001420204569532  0.00001495015975761
  0.00001574940391590  0.00001661501431938  0.00001753755236880  0.00001849857974122
  0.00001957623810799  0.00002068743601794  0.00002188443977901  0.00002316371460257
  0.00002444796631915  0.00002594551904310  0.00002755402754373  0.00002932480358507
  0.00003115908931023  0.00003320751038826  0.00003548348519008  0.00003836244006538
  0.00004175647191202  0.00004528156194532  0.00004869766071171  0.00005235316178474
  0.00005640324279008  0.00006141430834319  0.00006765787420256  0.00007726271390272
  0.00008923796172083  0.00010475709179971  0.00012183395938857  0.00014143809726791
  0.00016788684036550  0.00020157353691043  0.00023960994079057  0.00029686358459303
  0.00039548241795785  0.00052861180437663  0.00066631729511888  0.00083883374084753
  0.00107313195420228  0.00224859200207283  0.03568388717250238  1.00000000000000000
  0.00000509445911141  0.00000533041129721  0.00000544118201815  0.00000563748789430
  0.00000582786937859  0.00000597277378513  0.00000611015165183  0.00000625833281055
  0.00000640969222793  0.00000656913416999  0.00000675953662475  0.00000699372029606
  0.00000720640398796  0.00000751214046895  0.00000774741089784  0.00000796550994173
  0.00000817499158468  0.00000837543760383  0.00000855040468631  0.00000875530374326
  0.00000900468874522  0.00000925049953402  0.00000957482247398  0.00000990709697009
  0.00001023485481962  0.00001054347775014  0.00001089771346265  0.00001128293477556
  0.00001166123719842  0.00001208018171490  0.00001255692751708  0.00001305705651949
  0.00001363194567038  0.00001418686672370  0.00001476044072718  0.00001537341400520
  0.00001598756926824  0.00001661076508904  0.00001734541833270  0.00001820130186279
  0.00001905309546348  0.00001990143870720  0.00002071084698045  0.00002149352256817
  0.00002237771396120  0.00002350537512115  0.00002493587696323  0.00002649274262860
  0.00002848789086373  0.00003088995679276  0.00003402199901856  0.00003732848374366
  0.00004076906144340  0.00004445184864852  0.00004846638088624  0.00005325593626264
  0.00005895633728590  0.00006527100154313  0.00007251399541299  0.00008055311067932
  0.00008936995228685  0.00009938994847447  0.00011120209959640  0.00012422796398201
  0.00013906835691727  0.00015745873990869  0.00017970052051408  0.00020287406931440
  0.00022959419448635  0.00026049251180920  0.00029521707631715  0.00033110246472201
  0.00036929932794861  0.00041597355922212  0.00047020576412237  0.00053894854793443
  0.00061757747026540  0.00072240298584371  0.00083197910070482  0.00090219002905064
  0.00097448183785613  0.00106257313152100  0.00115293491515145  0.00125289682479900
  0.00132931078569473  0.00144522842559577  0.00157778881147313  0.00171607332292525
  0.00189820196658391  0.00214208844771447  0.00242801638700878  0.00273117953451065
  0.00307817477005965  0.00379998826463044  0.01370357108737800  1.00000000000000000
  0.00000121388686477  0.00000252523303993  0.00000269063615421  0.00000283109627480
  0.00000297396947298  0.00000310625319127  0.00000326682343548  0.00000345458756302
  0.00000368011056974  0.00000393037470539  0.00000421901333419  0.00000449088695461
  0.00000474307976803  0.00000497862396303  0.00000521734379129  0.00000547174930241
  0.00000573035686504  0.00000601055659479  0.00000634232328155  0.00000668312665826
  0.00000704459000343  0.00000739399299341  0.00000772546909050  0.00000803300965904
  0.00000830855759496  0.00000858719373676  0.00000890114545255  0.00000924987639745
  0.00000960663917409  0.00000995910649399  0.00001032614924585  0.00001073547678191
  0.00001114435232743  0.00001154845468617  0.00001205037233971  0.00001260533022366
  0.00001318161988127  0.00001375661220376  0.00001432350061457  0.00001495005048378
  0.00001561277778346  0.00001633182043103  0.00001716710515821  0.00001812685823724
  0.00001906458780783  0.00002005365440437  0.00002106845100229  0.00002211664333407
  0.00002321423234114  0.00002434248910285  0.00002556530875725  0.00002678630962678
  0.00002804423163865  0.00002932197150328  0.00003081105173675  0.00003271497342282
  0.00003477327498737  0.00003673768552292  0.00003943138518575  0.00004178015416506
  0.00004482376834681  0.00004829465314275  0.00005208628751449  0.00005627550994659
  0.00006116563705590  0.00006702109253842  0.00007370008670657  0.00008107558023097
  0.00008919550263875  0.00009821007456645  0.00010875702275899  0.00012122062472419
  0.00013617573073969  0.00015150448596601  0.00016683159237125  0.00018411274744195
  0.00020522985574479  0.00022862534269524  0.00025323324943838  0.00028086091757094
  0.00032071998860446  0.00037732300177802  0.00045637795805326  0.00055836425099761
  0.00067820883027770  0.00084022650438265  0.00103310918466155  0.00124502938410054
  0.00147958739123036  0.00169775235822707  0.00194618583627948  0.00226856227695915
  0.00265437939129971  0.00339081745738777  0.03524656615528240  1.00000000000000000
 -0.00228607123322139  0.01044574627763390  0.02255705251743569  0.03621962176153808
  0.04787876200705535  0.05720349740231601  0.06520520744663107  0.07229734419588998
  0.07868076295148321  0.08490701401175695  0.09102975521454171  0.09693894213117653
  0.10407907644866513  0.11282008343984803  0.12336315736772785  0.13556319908827613
  0.14796472119287118  0.15990054961780636  0.17146657578059174  0.18143879528697321
  0.19244409229727663  0.20374004646634353  0.21453146916230734  0.22466473224867139
  0.23503803428736422  0.24602409562947650  0.25589285114599752  0.26497030945574057
  0.27381830440628635  0.28220099247339825  0.29144954939784257  0.30189211943873029
  0.31298525746422151  0.32440306645483125  0.33493195244307417  0.34563826535725051
  0.35654601967384147  0.36837011319845248  0.37944899376497898  0.39020041370006858
  0.40098385085601357  0.41215931899622071  0.42387656718056860  0.43591852651793017
  0.44869769080972416  0.46188900305378550  0.47425959660557282  0.48450684025956736
  0.49322588680015911  0.50226806106345068  0.51181952601032776  0.52218892679408047
  0.53200359112431828  0.54243136396571268  0.55170677128291845  0.56135035523865806
  0.57062940418676988  0.58108021519848962  0.59304492752271265  0.60540206713010880
  0.61785883176505507  0.63051052465594148  0.64301265054806100  0.65505639887053435
  0.66658553258939413  0.67797542508568120  0.69007376610054094  0.70154883782097344
  0.71212566505997987  0.72291190893798574  0.73434838261608504  0.74667604415483468
  0.75906211894582831  0.77115031523281008  0.78265849364357187  0.79471587700325819
  0.80749050366836328  0.81960512322531798  0.83182054148013707  0.84197761049138686
  0.85247979684111641  0.86346181812868916  0.87417860952810911  0.88382564795296381
  0.89264194332660685  0.90153391913143477  0.91074124865379325  0.92032708817151088
  0.93002566695338740  0.93971634284959460  0.94936585747068492  0.95898460546842446
  0.96886862119453987  0.97943182142120389  0.99016543266597801  1.00000000000000000
 -0.00184954020308820  0.00665777361389101  0.01626350404186067  0.02646168064899601
  0.03783482039771806  0.04958048851114849  0.05975326326540581  0.06935035380790029
  0.07985687452250587  0.09068997655536100  0.10190699131375522  0.11259433297093388
  0.12311632542262603  0.13355861642955486  0.14414537704668698  0.15409017096324593
  0.16425070598596728  0.17559464877511219  0.18710101273480012  0.19741193851850491
  0.20656351832580380  0.21590074931991518  0.22568617061749197  0.23676826390511083
  0.24903152405630552  0.26148551191458325  0.27347276605895487  0.28433381845998373
  0.29496624449809467  0.30449966094938863  0.31478247227123030  0.32668978512221364
  0.33905170235574944  0.35147152523605801  0.36476054187591833  0.37790051569206123
  0.38844712018553884  0.39785657927148277  0.40742459617777471  0.41759682433415352
  0.42851433265772793  0.44083274455401167  0.45448076991613562  0.46850639555523121
  0.48146639941646607  0.49343508158904681  0.50347660100835401  0.51352945593726118
  0.52183226672377336  0.53042579389696742  0.53844649962394953  0.54773197046633448
  0.55860477505230821  0.57035846552408531  0.58213651363948471  0.59282039034954181
  0.60202582468179433  0.61088571900886712  0.62011251442188231  0.62969435509264338
  0.63776939765197482  0.64550977600762505  0.65353893878642799  0.66365207584643437
  0.67379266982586161  0.68301889210867717  0.69248048681657193  0.70295437624205348
  0.71366320366001079  0.72576597878786264  0.73707932746339255  0.74822541184812574
  0.75966274443383774  0.77080187190831562  0.78168762590568486  0.79131278466994992
  0.80088846703990713  0.81021815126160490  0.82041742313761745  0.83179467474386426
  0.84443826522948684  0.85733785227922021  0.86887725341938282  0.88077035422294347
  0.89157635134771251  0.90137453524041578  0.91022229885938188  0.91738757364754198
  0.92541927071682484  0.93373308031046731  0.94428721244171976  0.95709204423915228
  0.96817315875241583  0.97904075543997571  0.98931386322302306  1.00000000000000000
 -0.00333055159861894  0.01227096552310572  0.02367776248668688  0.03413824941189293
  0.04506014839155894  0.05614866175067793  0.06656504831726995  0.07632554182896539
  0.08626397159340235  0.09690292664991441  0.10850316435832559  0.11862479225929749
  0.12666462798083725  0.13343902622809009  0.13968901807312850  0.14864791921877615
  0.15845030654286185  0.16820667575887885  0.17726566549010805  0.18695684012459091
  0.19833225028336188  0.21085794450549569  0.22310929606270488  0.23527786747894786
  0.24769039229243001  0.25946803779813032  0.27087324910432398  0.28221381956280667
  0.29406123788671190  0.30677775965695492  0.31907353247524123  0.32888977767269317
  0.33857197108787734  0.34793096555319664  0.35715237721426429  0.36555631600119121
  0.37373570620191715  0.38218180118266287  0.39122860651170011  0.40079177615562633
  0.41046214037872220  0.42061386560600444  0.43217741035084528  0.44361906490545883
  0.45322515153544057  0.46230055010524118  0.47112311002911944  0.47990947902712461
  0.49059998000384375  0.50201804321411259  0.51255522933193565  0.52252201400500009
  0.53190039334246297  0.54187422983281552  0.55218722839108225  0.56427535652734495
  0.57688936859882189  0.58746583741861302  0.59685094357835933  0.60627667348575476
  0.61663081069069448  0.62859504349681106  0.64069770426659423  0.65185435857893437
  0.66106251771888980  0.66977131158345227  0.67816170046116808  0.68874214253269250
  0.70007454568804006  0.71153252033678782  0.72333495191571762  0.73554216890201041
  0.74816868790895352  0.76050738357024361  0.77132318711050329  0.78175104306648724
  0.79210102051484654  0.80283668501795802  0.81400347293552355  0.82544926099662752
  0.83721446545300315  0.84796830252030697  0.85760301669987182  0.86714033228626353
  0.87653308048986889  0.88598069299146542  0.89529790615672400  0.90449310052914789
  0.91395819488643038  0.92509916074645993  0.93785863658796387  0.95099069612700338
  0.96360857095769792  0.97532566801648679  0.98745709867225462  1.00000000000000000
 -0.00009210805386626  0.00028099713393106  0.00068010824200797  0.00098869539333245
  0.00119518090914654  0.00139974514703925  0.00159800830074636  0.00179105571159050
  0.00198219882944289  0.00217791037201387  0.00235754099305477  0.00252872662271956
  0.00269655758323908  0.00286786579169937  0.00303023934676707  0.00318838164150576
  0.00334193482332351  0.00348813954426287  0.00363255263230780  0.00379112430777348
  0.00395546632623400  0.00412573594453922  0.00429741438291480  0.00446517961136505
  0.00463026186999648  0.00480376212290680  0.00498748681994918  0.00518281369910445
  0.00539297047157091  0.00564054379662960  0.00587888291000264  0.00610445485152002
  0.00633487946329703  0.00658161871515377  0.00684443200040720  0.00710131599220074
  0.00732865806849273  0.00755209273817326  0.00777194400872262  0.00799575728815990
  0.00821408491243285  0.00842337140157596  0.00865287788772665  0.00891764012193499
  0.00924493268488392  0.00965902235768225  0.01011142043963242  0.01056613935080943
  0.01101740875797275  0.01135277576774581  0.01169193698414948  0.01202300214296422
  0.01226959122155640  0.01249039113234484  0.01271233765356701  0.01293762551369698
  0.01317144686271337  0.01351818072160379  0.01385812365088744  0.01419882648649056
  0.01456235524558912  0.01496056310957581  0.01533559098557569  0.01563233941168492
  0.01574536074726316  0.01585838208284141  0.01597140341841965  0.01608442475399790
  0.01619744608957614  0.01631378548903449  0.01643039256494508  0.01654699964085566
  0.01666360671676625  0.01678021379267683  0.01689355481759788  0.01700501081990941
  0.01711646682222094  0.01722792282453247  0.01733937882684400  0.01759547068267689
  0.01811742882497406  0.01881060222231578  0.02098933922628358  0.02249947974139540
  0.02342158092451466  0.02405395855401330  0.02747987796581846  0.03284047508911956
  0.03334659821505224  0.03373601970535757  0.03407702929748058  0.03495039790281529
  0.03551334815310751  0.03582988049690236  0.06855763098190654  1.00000000000000000
 -0.00288083158326148  0.00968040607382054  0.02118805015256205  0.03260483906816090
  0.04399379004721782  0.05535839243720266  0.06676631444917433  0.07828204098263891
  0.09112471287252701  0.10302018486181234  0.11404970091665904  0.12394865603625695
  0.13366239327011037  0.14304855024657825  0.15319526999681829  0.16436559199155704
  0.17706752061573366  0.18893443063743287  0.19909752324712940  0.20949750575863757
  0.21903427542507767  0.22929218479188371  0.23938252452075012  0.24929807951575714
  0.25893077912544088  0.26911714950003685  0.27944634919638617  0.29030535357313580
  0.30142119005047469  0.31304149026921513  0.32353156309344772  0.33372354838435014
  0.34415826138073768  0.35545699193925212  0.36719996864770083  0.37845901782845703
  0.38969808204735462  0.40098865736468026  0.41259267627289165  0.42507988767476806
  0.43793532277788516  0.45110044256997667  0.46386160858013264  0.47528447982815686
  0.48610558200999854  0.49675416694464819  0.50834769860156936  0.51925504072385442
  0.53026876208194140  0.54165438589554604  0.55405174121726963  0.56617421432318416
  0.57821827407278814  0.58894981182451356  0.59919019146550434  0.61049890260992135
  0.62344015354381077  0.63476635079815913  0.64523171489522779  0.65565075053776578
  0.66583734315785814  0.67638980260037185  0.68725610732625064  0.69911385794447833
  0.71041141117279416  0.72159595747814242  0.73174258936566117  0.74073094684347152
  0.74901901094509760  0.75712295439969923  0.76513149977008033  0.77344185088178963
  0.78186020929284672  0.79044871755018054  0.80047501169769197  0.81103747149212091
  0.82168257060710503  0.83202742932705709  0.84139795841490927  0.85017130678129316
  0.85941944922070468  0.86817355653033335  0.87697071217908251  0.88623868925104565
  0.89412786813236644  0.90338474323045170  0.91367016810060619  0.92614096978414795
  0.94026047618934527  0.95165191315200559  0.96101534813886558  0.96819759759107960
  0.97475645951274048  0.98222076509838807  0.99061458156397952  1.00000000000000000
 -0.00009511572651276 -0.00002319858358655  0.00014446325262092  0.00045309187157284
  0.00062031206198643  0.00075369772337383  0.00086864555058847  0.00098266647457983
  0.00109719961758617  0.00121415525635632  0.00132814574576137  0.00144034895970788
  0.00154842369316449  0.00165653912700715  0.00176469568254348  0.00186533056260783
  0.00196454880845698  0.00206658447508956  0.00216632485494447  0.00225917835779005
  0.00235765359868629  0.00246961817698173  0.00258184302002122  0.00269428814603752
  0.00280863964592486  0.00292341206275001  0.00303764175981966  0.00315226467934093
  0.00326721582460893  0.00340387877995286  0.00353313326325715  0.00366135847434510
  0.00379739570709439  0.00393173483773541  0.00407976011862880  0.00423922767839017
  0.00439946298423178  0.00456943230381643  0.00471701706099563  0.00486518338220152
  0.00501505922361066  0.00516887111812198  0.00537266271751682  0.00554382448843360
  0.00568370873085886  0.00580172831620717  0.00591889062492883  0.00603557593813062
  0.00616115592581463  0.00629171720535753  0.00654823661045607  0.00683996386366177
  0.00713990630734065  0.00744904684793781  0.00778980302849933  0.00819466564991176
  0.00855367269109453  0.00899799007404266  0.00935975251001617  0.00964429623644863
  0.00994879002319500  0.01020133903813039  0.01042424261506356  0.01062569854790745
  0.01083117499665187  0.01106757864201546  0.01123905842265707  0.01139936652499652
  0.01155881231647991  0.01171811741154292  0.01179806802687786  0.01186469376949702
  0.01193131951211617  0.01199794525473532  0.01207087637733054  0.01221148305716759
  0.01235208973700464  0.01249269641684168  0.01263330309667873  0.01278420901242773
  0.01294037444263013  0.01309653987283253  0.01325270530303493  0.01351461461247541
  0.01419221535299665  0.01495715201667462  0.01593965516914936  0.01652493983310285
  0.01711022449705633  0.02573346658511350  0.02731836492709807  0.02745999709401954
  0.02760153738207836  0.02779486426499548  0.06453638548808427  1.00000000000000000
 -0.00270719868293615  0.01422896280750686  0.02770227709498647  0.04186880628925617
  0.05634133488378817  0.07052872453530970  0.08363532070298110  0.09623127452052430
  0.10848471587525384  0.12040436690864929  0.13325266204803907  0.14691420739964156
  0.15992934033523665  0.17313327839162593  0.18673292391585647  0.20095268895819279
  0.21527869694248383  0.23067591744707550  0.24596619277672155  0.25869544022702362
  0.27001653566568462  0.28051584482082698  0.29111344361744862  0.30189900599556629
  0.31199385788657652  0.32151256422553731  0.32997962645404350  0.33812523629026503
  0.34672748047616514  0.35583276669688446  0.36538482409189266  0.37417804708621710
  0.38293899084281863  0.39185537056560854  0.40030595968665311  0.40842580580192883
  0.41597353605062998  0.42346300672089299  0.43141243049186700  0.44016806489629412
  0.44853319795696400  0.45674018276170075  0.46526089438396240  0.47355157638085565
  0.48128455147652432  0.48821290021647001  0.49351720922538772  0.49835083260587976
  0.50337399233271962  0.50898700900663962  0.51648794805671805  0.52486414415539961
  0.53344976450276238  0.54175446806646810  0.54951317759487317  0.55684744664910224
  0.56358414124001188  0.56956955670764864  0.57530225613482877  0.58124616939439222
  0.58769533827798581  0.59468899450301060  0.60146259379589084  0.61021654314266016
  0.62008012831841341  0.63122149307005648  0.64259809036908200  0.65454294242317268
  0.66565948507703743  0.67535454630101222  0.68481541102080890  0.69451466407698104
  0.70515097201978205  0.71611724797885112  0.72775524557932292  0.74033390613125649
  0.75339100922693014  0.76681917678126543  0.78021110128064042  0.79410125129680964
  0.80626902281501511  0.81752955496493185  0.82866551410108025  0.84043608221915389
  0.85440161624681565  0.86876171840675620  0.88421350487148709  0.89952522288875436
  0.91335953864926489  0.92633099184813150  0.94016084469129735  0.95468749402579156
  0.96683489271290146  0.97782867097588733  0.98850207585000260  1.00000000000000000
  0.75172107417363754  0.78810895504878076  0.79748452976837803  0.80658222192989937
  0.81460842561460300  0.81926296467848736  0.82306662639988881  0.82700949013710090
  0.83153840551005376  0.83599650078483645  0.84013655341027993  0.84469447227644956
  0.84947791159520114  0.85460536107753149  0.85907408530486151  0.86301921453363906
  0.86676083624351996  0.87042758090529648  0.87395160995348808  0.87734626344956090
  0.88091121467788935  0.88459048451958799  0.88801343419189849  0.89144196462655567
  0.89508267484092396  0.89875750447374403  0.90207491078156721  0.90520276873771888
  0.90823904917999809  0.91103960525675143  0.91352645472487670  0.91594580996843344
  0.91836685596085721  0.92069990644062782  0.92295370664834475  0.92518782395588306
  0.92729011737177136  0.92925795803442524  0.93114877871254709  0.93304913253754607
  0.93498634242304568  0.93684297519257098  0.93865487387973701  0.94038229339372403
  0.94218908099910903  0.94404368059412846  0.94586501358554642  0.94750264718379473
  0.94900590855130862  0.95062408118719066  0.95225572541299197  0.95386815891012988
  0.95544038271550424  0.95692215364807987  0.95831189670915318  0.95955695639424143
  0.96071413713276765  0.96190503231729574  0.96314688104485158  0.96438914283895782
  0.96555424805634227  0.96663977317806349  0.96769613895982431  0.96871966681386079
  0.96970566210587661  0.97070003397852056  0.97172536079455363  0.97279915975638109
  0.97386804669891702  0.97498645533633355  0.97616210183474028  0.97729789190620897
  0.97842082349525250  0.97949857141027519  0.98058390778154592  0.98172009692879381
  0.98282754780761328  0.98376414607588691  0.98464623142003416  0.98546089208901133
  0.98621733525384203  0.98700738620300277  0.98782782204778330  0.98871338229091865
  0.98960066141920722  0.99047653419222081  0.99134972709558733  0.99218992195946043
  0.99300435971353895  0.99391423974721993  0.99483039468340451  0.99576423580873152
  0.99674964886467665  0.99773914760288029  0.99882635339840420  1.00000000000000000
  0.01280800493648128  0.07797573895779372  0.10979164832237313  0.13210762060023812
  0.14878081383232239  0.16023676231435427  0.17044070004747436  0.18128201809004774
  0.19201821129002983  0.20134609599142328  0.20840496069241349  0.21454575047404545
  0.22070474572740070  0.22763327715531367  0.23554288060528700  0.24352205030315649
  0.25090458661400522  0.25787939441502800  0.26412029585138580  0.27061925211754850
  0.27742448399674824  0.28456093690020762  0.29158393377457631  0.29829079346279641
  0.30440980792536848  0.31076218095652924  0.31765489579082773  0.32481533679618546
  0.33197451852266846  0.33905614840122761  0.34608507730218629  0.35311184163778803
  0.36013463168177662  0.36693238301055342  0.37344897576223990  0.37957597697111534
  0.38576870579766293  0.39248850784057771  0.39861922987837417  0.40417388536219528
  0.40939981996894909  0.41440120641539485  0.41932339643525729  0.42442370260827844
  0.42972429223351205  0.43501948866330548  0.44024118608546609  0.44524461839154633
  0.44995832740198471  0.45484773728252403  0.46004528100620734  0.46582243262198125
  0.47140377162955643  0.47690126368180813  0.48239913024099440  0.48821840733595201
  0.49432460684130519  0.50047723358444607  0.50674012890778219  0.51332380791142851
  0.52021538114838228  0.52721798697674516  0.53432079242777475  0.54081759548288677
  0.54740764516270779  0.55425756880214627  0.56104643701242507  0.56867306431681230
  0.57636158388235359  0.58421870016926314  0.59277293492788818  0.60149616636495062
  0.60980688233805702  0.61845037567704730  0.62755738464591404  0.63677117554610019
  0.64566166135802705  0.65418373824936715  0.66304923019454720  0.67183633356024375
  0.67957410428137266  0.68752917986531514  0.69573207256823211  0.70485055316489753
  0.71426894386337159  0.72365121975633084  0.73387254605358676  0.74776334242518838
  0.76212784403305578  0.77797036056346969  0.79496916938509354  0.81073230051024836
  0.82664536997617677  0.84704149048942323  0.88496508944329566  1.00000000000000000
   2.7924701892414057E-004  -1.0000000000000000     
 F F F F F F F F F F F F F F F F F F F F F F F F F F F F F F F F F F F F F F F F F F F F F F F F F F F F F F F F F F F F F F F F F F F F F F F F F F F F F F F F F F F F F F F F F F F F F F F F F F F F F F F F F F F F F F F F F F F F F F F F F F F F F F F F F F F F F F F F F F F F F F F F F F F F F F F F F F F F F F F F F F F F F F F F F F F F F F F F F F F F F F F F F F F F F F F F F F F F F F F F F F F F F F F F F F F F F F F F F F F F F F F F F F F F F F F F F F F F F F F F F F F F F F F F F F F F F F F F F F F F F F F F F F F F F F F F F F F F F F F F F F F F F F F F F F F F F F F F F F F F F F F F F F F F F F F F F F F F F F F F F F F F F F F F F F F F F F F F F F F F F F F F F F F F F F F F F F F F F F F F F F F F F F F F F F F F F F F F F F F F F F F F F F F F F F F F F F F F F F F F F F F F F F F F F F F F F F F F F F F F F F F F F F F F F F F F F F F F F F F F F F F F F F F F F F F F F F F F F F F F F F F F F F F F F F F F F F F F F F F F F F F F F F F F F F F F F F F F F F F F F F F F F F F F F F F F
  <DiscreteSampler_grid>
  grouped_processes
  1 # 1 for a reference and 2 for a running grid.
  10 # Attribute 'min_bin_probing_points' of the grid.
  1 # Attribute 'grid_mode' of the grid. 1=='default',2=='initialization'
  0.0000000000000000 # Attribute 'small_contrib_threshold' of the grid.
  0.5000000000000000 # Attribute 'damping_power' of the grid.
 # binID   n_entries weight   weight_sqr   abs_weight
    19   10   1.738318130342645E+001   1.485312001010297E+003   1.738318130342645E+001
    20   10   1.738318130342642E+001   1.485312001010290E+003   1.738318130342642E+001
    22   10   2.110617813953457E+001   2.158856641580796E+003   2.110617813953457E+001
    23   10   2.110617813953453E+001   2.158856641580783E+003   2.110617813953453E+001
    25   10   2.117641910918434E+001   2.221294465940245E+003   2.117641910918434E+001
    26   10   2.117641910918429E+001   2.221294465940231E+003   2.117641910918429E+001
    28   10   2.831236070769850E+001   4.012216783418074E+003   2.831236070769850E+001
    29   10   2.831236070769842E+001   4.012216783418046E+003   2.831236070769842E+001
    34   10   1.738318130342644E+001   1.485312001010297E+003   1.738318130342644E+001
    35   10   1.738318130342641E+001   1.485312001010289E+003   1.738318130342641E+001
    37   10   2.110617813953457E+001   2.158856641580795E+003   2.110617813953457E+001
    38   10   2.110617813953452E+001   2.158856641580783E+003   2.110617813953452E+001
    40   10   2.117641910918434E+001   2.221294465940245E+003   2.117641910918434E+001
    41   10   2.117641910918429E+001   2.221294465940231E+003   2.117641910918429E+001
    43   10   2.831236070769851E+001   4.012216783418077E+003   2.831236070769851E+001
    44   10   2.831236070769842E+001   4.012216783418047E+003   2.831236070769842E+001
  </DiscreteSampler_grid>
