 -0.00333809431209625  0.01505697270972479  0.02997504718455099  0.04378900681415393
  0.05648006520063961  0.06921217502442110  0.08246572970001524  0.09475872516329478
  0.10628269511943043  0.11743001671740291  0.12852871954469683  0.14015961496731885
  0.15213964121754137  0.16379382971478013  0.17464223471642656  0.18542462704339044
  0.19660276174530567  0.20807056535470464  0.21989316040522167  0.23213983061822638
  0.24442128691789047  0.25547674702942835  0.26564622909280350  0.27561344544488287
  0.28581620312473655  0.29628346696877239  0.30618284908179250  0.31546598626026456
  0.32430293595656756  0.33367638990958759  0.34315034670051353  0.35237781083546171
  0.36159557043884688  0.37165599053227105  0.38181408930260274  0.39141575736144674
  0.40118690207434382  0.41180358499672165  0.42241862094513188  0.43246268573124669
  0.44229307388399403  0.45226173909283202  0.46287888499426927  0.47314881773678080
  0.48358338832686321  0.49417151714316793  0.50491230384361141  0.51539043528909478
  0.52589291248986891  0.53677007322005521  0.54763668531034526  0.55929011022172959
  0.57047143523392807  0.58147336392343985  0.59178540796159418  0.60182921087028629
  0.61216602407130050  0.62303396395758570  0.63373410110915829  0.64440917033189560
  0.65491954829790144  0.66456251306311864  0.67384851870067508  0.68362353809186760
  0.69453163769606008  0.70550627087794882  0.71664494180553917  0.72794030192272863
  0.73896465385009369  0.74982398300155528  0.76056132030109735  0.77123292605917870
  0.78176483219624293  0.79208616932638898  0.80219721357159157  0.81206794673720573
  0.82196240748751670  0.83264533859188672  0.84409833030328452  0.85662866816195649
  0.86943950498485190  0.88085021407057751  0.89189073642795458  0.90214845816906930
  0.91309200431941462  0.92394909171432815  0.93452488190356209  0.94423595768747270
  0.95381687583557639  0.96318793053642926  0.97183450713425079  0.97932775678163808
  0.98552522710424295  0.99072832919236364  0.99556044907046781  1.00000000000000000
  0.00000177955892467  0.00000189693122692  0.00000200013096654  0.00000209487331135
  0.00000218348708466  0.00000226821992804  0.00000235736737233  0.00000244495961463
  0.00000253130824275  0.00000261926579058  0.00000271306881447  0.00000281211204780
  0.00000291488072973  0.00000302262738555  0.00000313571982905  0.00000325301048911
  0.00000337218245798  0.00000349313874173  0.00000362508394128  0.00000374913702512
  0.00000387691075305  0.00000401071212851  0.00000416622614104  0.00000432523010989
  0.00000448694028417  0.00000465284013158  0.00000483162851665  0.00000502568224598
  0.00000521456000951  0.00000541065724829  0.00000562933860009  0.00000586065062005
  0.00000610620820656  0.00000636409811804  0.00000663157980683  0.00000690855445165
  0.00000719313331114  0.00000749397628323  0.00000781907448613  0.00000815500790214
  0.00000849401036910  0.00000884830166681  0.00000923492656577  0.00000964436502823
  0.00001005158625078  0.00001053730317854  0.00001107348880756  0.00001160657232025
  0.00001216503230588  0.00001274617430930  0.00001335147519244  0.00001398674474444
  0.00001464712435572  0.00001535049496680  0.00001608040623684  0.00001685418261113
  0.00001767195836369  0.00001859530258075  0.00001962890591678  0.00002074968587722
  0.00002193737335715  0.00002320862267257  0.00002461046420844  0.00002615140074305
  0.00002788796286043  0.00002993125167256  0.00003204734936330  0.00003437488205005
  0.00003662180897002  0.00003947307407162  0.00004209682897690  0.00004523931116236
  0.00004833821326710  0.00005185257300493  0.00005585701905810  0.00006039240904533
  0.00006615663629218  0.00007341958332292  0.00008137192708911  0.00008957842459662
  0.00010009012299367  0.00011464129988160  0.00013338541734599  0.00015478085090757
  0.00018040741196215  0.00021370450620063  0.00025629902935629  0.00031170558364983
  0.00039095983159770  0.00051593067872959  0.00067733105828953  0.00097662906137156
  0.00137437550863161  0.00262444492569290  0.16700308544315570  1.00000000000000000
  0.00000164901740755  0.00000168269944263  0.00000176401150032  0.00000181553229845
  0.00000186681424754  0.00000192310276491  0.00000198227234033  0.00000204479560967
  0.00000210685321625  0.00000219845321392  0.00000231183983625  0.00000242043893893
  0.00000252952945975  0.00000265405597256  0.00000279795383233  0.00000294044212857
  0.00000307636110831  0.00000322959809195  0.00000340054320944  0.00000361754706117
  0.00000383688201910  0.00000406318269167  0.00000430078252215  0.00000455436293774
  0.00000482429131473  0.00000512723673131  0.00000547031349357  0.00000584807044384
  0.00000625289828036  0.00000668693088107  0.00000715502974975  0.00000763786774691
  0.00000819357830674  0.00000879889501607  0.00000944865039988  0.00001012658208099
  0.00001089058760567  0.00001168751317361  0.00001255122996696  0.00001348083612172
  0.00001438554056806  0.00001533021389580  0.00001629743441851  0.00001730949590395
  0.00001840220627228  0.00001950272145578  0.00002064419695887  0.00002187154658908
  0.00002325979857305  0.00002487580875759  0.00002665875463266  0.00002867798231229
  0.00003070948246925  0.00003297169856972  0.00003548825910070  0.00003823288727631
  0.00004133955726948  0.00004489778699489  0.00004886425704338  0.00005344636856882
  0.00005855256361146  0.00006395406422213  0.00006962396809950  0.00007561595721583
  0.00008223518674596  0.00008915736750247  0.00009740835026018  0.00010718002824173
  0.00011771552335636  0.00012926099220940  0.00014231532144497  0.00015730947133311
  0.00017561386500552  0.00019784856118760  0.00022678336199138  0.00026152584642051
  0.00029940005923765  0.00034903227226808  0.00040853911700493  0.00046319592810218
  0.00051737885836178  0.00059959235332134  0.00067825808892904  0.00074849101619836
  0.00083766953529000  0.00094523645631933  0.00105520903402566  0.00116589495842766
  0.00129732689373276  0.00157512010060617  0.00203738952380104  0.00281679568732215
  0.00358962208882400  0.00420099408220425  0.03869277027586882  1.00000000000000000
  0.00000116198911483  0.00000262246093838  0.00000283260095686  0.00000303608041548
  0.00000325180902613  0.00000348779485135  0.00000370535162541  0.00000391023041807
  0.00000417952469548  0.00000454018517767  0.00000491818154836  0.00000527474548287
  0.00000563701681454  0.00000599714609624  0.00000639042181394  0.00000683125780477
  0.00000729829039719  0.00000776963004484  0.00000822883006835  0.00000869478578310
  0.00000916999964763  0.00000968507405959  0.00001017455813061  0.00001071796339362
  0.00001128945585855  0.00001187535118192  0.00001256519847985  0.00001332827375962
  0.00001416877672093  0.00001507336242777  0.00001596815311738  0.00001687088037082
  0.00001777480095061  0.00001872877363356  0.00001976626393177  0.00002093679108393
  0.00002215904335795  0.00002354625921900  0.00002497501612568  0.00002649287597241
  0.00002815705818273  0.00002996039449042  0.00003185043811946  0.00003395561459653
  0.00003635110798953  0.00003896463274933  0.00004173274738648  0.00004462180957883
  0.00004769087572009  0.00005105467907551  0.00005455758982383  0.00005834486310932
  0.00006245786577220  0.00006714632854517  0.00007272259157196  0.00007921891631132
  0.00008709531133129  0.00009583069986672  0.00010486996701116  0.00011521942493478
  0.00012654853338590  0.00013909529175285  0.00015253702358122  0.00016743423022658
  0.00018252103320218  0.00019894978324977  0.00021635477306576  0.00023612913086350
  0.00025877654275365  0.00028560662273313  0.00031950487785748  0.00035880932467367
  0.00039733081043344  0.00043840593255780  0.00047871717557455  0.00052882868887322
  0.00058849555508728  0.00065691464541220  0.00072943370733080  0.00080300805274728
  0.00088016348367498  0.00097040467778877  0.00109991442638233  0.00121965055904803
  0.00134581808127142  0.00148280417430387  0.00163477336400872  0.00182524045053812
  0.00200359747757112  0.00220720873413573  0.00253424892532239  0.00314899165659771
  0.00402176524158707  0.00463905921955115  0.05958277546988075  1.00000000000000000
 -0.00021038189573700  0.00287321065485725  0.00926737365329393  0.01922573691558718
  0.02954891482075241  0.03875998064769000  0.04808696638475670  0.05818150594699951
  0.06894607900368076  0.07978301441074090  0.09133718760573672  0.10384070795792087
  0.11649528701871306  0.12891825678360774  0.14054110413198109  0.15172962498990702
  0.16299221901860872  0.17492143738003280  0.18744772382529290  0.20036471541934822
  0.21301995078520919  0.22543744301033788  0.23787037191517785  0.25102570293218956
  0.26387533040590705  0.27637371264618660  0.28824709370141738  0.29959197350591421
  0.31065208075587653  0.32163728976488154  0.33295123897790097  0.34483731514450044
  0.35691478872924332  0.36893059337968870  0.38093172129503411  0.39363983678914721
  0.40690169184241792  0.42001066156843020  0.43322345825453107  0.44537788592491151
  0.45750416767287988  0.46955232097555410  0.48214921984290754  0.49513918781934846
  0.50768325644282675  0.51934451329706921  0.53051742569035254  0.54207901685814452
  0.55392967634506596  0.56587905406229511  0.57759638987784667  0.58906007058186360
  0.60012541451970181  0.61114136769835159  0.62219451666983761  0.63316385961800148
  0.64390354814470607  0.65520584421213479  0.66547406759312144  0.67485329869233479
  0.68411490394464014  0.69368785074047046  0.70424366143871564  0.71395352005069013
  0.72338052492417870  0.73289066765345667  0.74291772300728165  0.75219294510126011
  0.76174719619081210  0.77135372293976545  0.78131443485021290  0.79128349103127327
  0.80052705932839641  0.80999764134439112  0.81949261729978573  0.82896402793081414
  0.83847830825474035  0.84786752993249337  0.85723797545224867  0.86740347648386351
  0.87715505024295304  0.88604476097112639  0.89503214271815645  0.90300938832205324
  0.91120256745314088  0.91900981900934986  0.92713667512338682  0.93580435028044739
  0.94422528579138065  0.95230929738646886  0.95996809443665077  0.96731304150832409
  0.97537290650038766  0.98381588054085922  0.99197604573798603  1.00000000000000000
 -0.00238843277373962  0.00878441107607462  0.01780633162905814  0.02776887150009771
  0.03792216347658478  0.04850196323317646  0.05827673065209960  0.06839675035836264
  0.07889869284347556  0.08976734713656759  0.10040630211797107  0.11060262433774411
  0.12054829067998345  0.13048891472379107  0.14065752932350770  0.15004803660785443
  0.15901073039344424  0.16820339085514488  0.17812422795184760  0.18955533392713486
  0.20090542033538356  0.21109343335161693  0.22114934257441257  0.23109400676716604
  0.24145246562419834  0.25199340656289232  0.26314171114722518  0.27456123840953683
  0.28578082920048470  0.29669983053876509  0.30748261633811080  0.31795615819478718
  0.32863125100114454  0.33936607163399024  0.35050738240854773  0.36045712804313196
  0.36966173351361759  0.37928053923357818  0.38851366725466019  0.39795775951130341
  0.40698655870105477  0.41603016210777988  0.42612273199764578  0.43666011564989970
  0.44767826076428985  0.45856977234335738  0.46967358973802625  0.47984429769929943
  0.48992478138985790  0.50006766643098344  0.51039984217992984  0.52103137713606296
  0.53174822351890161  0.54298016429747453  0.55457084593256667  0.56521331529231922
  0.57557119562075454  0.58603929369169938  0.59646738580726399  0.60680534108970707
  0.61692629817896327  0.62759097874859371  0.63867010915890166  0.64962421335550269
  0.66001388051361898  0.67075392765677455  0.68268569426495285  0.69464906858937359
  0.70619814489229349  0.71731809915566402  0.72809397043945301  0.73889062467106281
  0.74941327473384478  0.76039322681869925  0.77176487959664908  0.78362645745858961
  0.79508825232844926  0.80559300040334747  0.81620201314678842  0.82719759812738491
  0.83824060147683976  0.84861259499591601  0.85884848635147093  0.86892787454575415
  0.87924267956572011  0.89001580838832539  0.90120916718022859  0.91283497177758310
  0.92414751287526797  0.93518386054633229  0.94625794271114072  0.95703645765841239
  0.96745764064620332  0.97784223919690394  0.98836095014740188  1.00000000000000000
 -0.00228292813685798  0.00964320056780907  0.01950840207766998  0.02851682618039361
  0.03808837165570410  0.04795177411298200  0.05778841081751155  0.06810467036332307
  0.07877441416124766  0.08913535772092265  0.09849832664484187  0.10708094160817387
  0.11541123451135649  0.12347892470871306  0.13168805347051796  0.14113858971896187
  0.15159449434113864  0.16179854342197919  0.17171554869107722  0.18120726208517593
  0.19097117575770170  0.20135072623157643  0.21242666171798966  0.22333566271222952
  0.23399882838759947  0.24516283752284496  0.25681168187758313  0.26793342549593591
  0.27847060859489087  0.28892591110236265  0.29988399359173168  0.31125286464302560
  0.32285857425484987  0.33453092933766915  0.34596739638444685  0.35689546105714004
  0.36756079530437175  0.37758371233729526  0.38759668603726904  0.39796180082620208
  0.40801758116040360  0.41797030741291696  0.42803059794114873  0.43845730063656019
  0.44954718405098698  0.46012399679466226  0.47040873497219049  0.48062941893658073
  0.48987385985894683  0.49870241832954160  0.50815273353312540  0.51827800166614590
  0.52788520620154844  0.53658592126952454  0.54566013078972631  0.55603634132132174
  0.56705267541494864  0.57758319346162168  0.58755125425956956  0.59709767563442484
  0.60675340755666063  0.61680068315240200  0.62666790143288431  0.63650734939472287
  0.64691406273259755  0.65754233938013118  0.66831887576937354  0.67952598901060191
  0.69155261605120488  0.70369032193463033  0.71460645250498045  0.72452921412609728
  0.73487995046619303  0.74608819615530031  0.75731319708296652  0.76852205509000260
  0.77980268381441420  0.79185265258449256  0.80515529901180782  0.81971068430865479
  0.83343413850642656  0.84455844696204629  0.85480010394264172  0.86489193694321398
  0.87550089870266679  0.88675848994077189  0.89862794950762381  0.91112318122822766
  0.92315918377567052  0.93495341512622032  0.94599980491234670  0.95736413444495372
  0.96876614911445491  0.97952829921180540  0.98987106719163775  1.00000000000000000
 -0.00005962386811112  0.00030613712906635  0.00061282899719692  0.00087460598314218
  0.00102108525397899  0.00116856260242646  0.00131598312628232  0.00146298148756624
  0.00160965878745719  0.00176061361054635  0.00191500855609856  0.00207259810718656
  0.00222605097191639  0.00237906762262099  0.00255057945579160  0.00272311854782470
  0.00290155591158765  0.00309476911574167  0.00327571801474182  0.00344788261613021
  0.00361171973041603  0.00376535496117645  0.00391162873932378  0.00404775397349067
  0.00415850135536614  0.00427947418467709  0.00440805998240612  0.00454324714125537
  0.00469094016757049  0.00484193662080360  0.00499688148842294  0.00516244975257678
  0.00533599160484832  0.00551304772842199  0.00570622307093421  0.00588450615079848
  0.00604889823343728  0.00621103005948106  0.00637143611682208  0.00653234350785417
  0.00664954634222409  0.00675586088238931  0.00685318589459109  0.00695205959384455
  0.00705151969240424  0.00716812116095585  0.00730168544634420  0.00745466295097616
  0.00760534876241308  0.00776184326027362  0.00792970803108167  0.00812582489026393
  0.00831643486739318  0.00849622764274813  0.00866842107989386  0.00890796782479309
  0.00915293239059938  0.00940268964168312  0.00966092263451269  0.01000207590906024
  0.01055428087041617  0.01103984309717763  0.01158357187239900  0.01211918141783749
  0.01223821893204684  0.01235725644625619  0.01247629396046554  0.01259533147467489
  0.01270975748019021  0.01282038626852886  0.01293101505686751  0.01304164384520616
  0.01315227263354481  0.01326149795485849  0.01337056221485816  0.01347962647485782
  0.01358869073485749  0.01401896512322771  0.01486111435785116  0.01531736208626530
  0.01585286242142641  0.01633899994099583  0.01748858849567231  0.01812460667082443
  0.01879719789090393  0.01992685725634215  0.02084784236304398  0.02165853912052195
  0.02292819342371408  0.03340357905296376  0.03618349662015961  0.03789896211576580
  0.03928819317518398  0.05273461581185020  0.16137898826730249  1.00000000000000000
 -0.00206988689538223  0.00900774952918256  0.01852895763313547  0.02819034928275055
  0.03790754379800827  0.04843464314916037  0.05955765993205192  0.06953977787446282
  0.07879898704752997  0.08776555904290548  0.09740511666650183  0.10752770290043878
  0.11796027681847568  0.12810530173635723  0.13784268866274352  0.14779931698859597
  0.15768174328019854  0.16850446978170086  0.17896813178312643  0.18904364615869668
  0.19908399875927729  0.20958699601306571  0.22087270930689623  0.23248545542145241
  0.24339806546693551  0.25340706216772951  0.26303695336975458  0.27265749463025141
  0.28247289455042363  0.29261140486266768  0.30250383170900469  0.31256648381198376
  0.32274638995440413  0.33369650848523474  0.34545768039944613  0.35647563257098969
  0.36653189267313657  0.37625107314185807  0.38633174664438041  0.39640697312933088
  0.40581762630181845  0.41478243565619838  0.42429777956406561  0.43360090172880328
  0.44377870475846048  0.45445201906135546  0.46611715385590452  0.47806779948709038
  0.48944767988953725  0.50080178558678767  0.51037448132483398  0.51987924619955284
  0.52888923758176432  0.53806695448775788  0.54750254573007773  0.55660362206078373
  0.56578515298453413  0.57502405794056000  0.58511975068697930  0.59561374301584835
  0.60703325204506131  0.61914735756691497  0.63117658151187128  0.64304492682509096
  0.65501600807942850  0.66738262990427699  0.67970117075475822  0.69189622036044085
  0.70377994755731166  0.71549750966114600  0.72724126306343861  0.73896441157106929
  0.75083754642025580  0.76284900610603834  0.77430715559086094  0.78494471652157760
  0.79459177673071646  0.80441590557857179  0.81473272188780110  0.82619886757334993
  0.83794440005481030  0.84924530173938073  0.85987569782082696  0.87002518639355952
  0.88008287649309636  0.88995959564127036  0.90004461814634795  0.91020568503016419
  0.92077618332251265  0.93189372900882905  0.94282855023066592  0.95429514664437320
  0.96595987004710548  0.97744550731086788  0.98859218084914469  1.00000000000000000
 -0.00006787277223344  0.00009377130487955  0.00028638114896920  0.00052160504004729
  0.00063322926811909  0.00073182929805952  0.00083395230654243  0.00093508369707835
  0.00103425768111291  0.00113111891843120  0.00122222629353727  0.00131456618128669
  0.00140504760658750  0.00149000753528179  0.00157534132921112  0.00166204423016519
  0.00175174405108859  0.00184716818882375  0.00194451730747613  0.00204039439927360
  0.00212102335899904  0.00220443262560618  0.00229059261338925  0.00237997483617655
  0.00248019056411954  0.00259740428369942  0.00271358445979208  0.00284458624324684
  0.00297407738074239  0.00310012587149971  0.00321827672523458  0.00334941627739888
  0.00347685698326157  0.00358538394015600  0.00368839876874762  0.00378669439780283
  0.00388502730337439  0.00398338736156536  0.00409348617879561  0.00421102600901299
  0.00438709912258644  0.00451824343304172  0.00463759858751479  0.00475705887970517
  0.00487655737709254  0.00500207701642099  0.00513845767207963  0.00536138215491161
  0.00560447178347537  0.00572888569260385  0.00585608035573413  0.00599450775745277
  0.00613659327633867  0.00628825807517805  0.00647116099207638  0.00664663652261614
  0.00677262433199862  0.00690486609425685  0.00703414383178849  0.00715437627164492
  0.00730102798936959  0.00744051030614254  0.00758416980008441  0.00767713001339821
  0.00773094555435698  0.00778476109531575  0.00783864187897537  0.00789302662082571
  0.00856368780415566  0.00984332837647298  0.00990187879213403  0.00996042920779508
  0.01001897962345613  0.01007753003911718  0.01013616533692395  0.01019645431893297
  0.01025674330094199  0.01031703228295102  0.01037732126496004  0.01043761024696906
  0.01049923316355267  0.01056092045439847  0.01062260774524427  0.01068429503609008
  0.01074598232693588  0.01089820613970600  0.01106513211928553  0.01122906324612428
  0.01136570491563112  0.01146879515359014  0.01189288351396930  0.01228839224912691
  0.01284728863618697  0.01575635110390497  0.07637070624408558  1.00000000000000000
 -0.00294699137684445  0.01032972825190569  0.02132532567877560  0.03151282879394030
  0.04160445641409151  0.05165330559973816  0.06294169607341166  0.07412107052852515
  0.08538456598037057  0.09650741784261556  0.10699251352548578  0.11700133268732837
  0.12737883005244754  0.13871613901571134  0.15082972539884570  0.16317198928022625
  0.17555459422060885  0.18841071149562150  0.20081729241371718  0.21345201216065893
  0.22682285397214119  0.24028789044903195  0.25419206997120514  0.26668667122840406
  0.27907438028403903  0.29012139482194010  0.30062680106879569  0.31133921086239069
  0.32264500338264218  0.33407617436453696  0.34433264332816588  0.35369093377027866
  0.36287369828949340  0.37271132012382546  0.38256282384097440  0.39154615538992599
  0.40046353884361863  0.40997001854014625  0.42103568628083760  0.43218457694211565
  0.44348715329669902  0.45488611853932936  0.46516464524453449  0.47500949351863614
  0.48401863293676073  0.49270399512991264  0.50071507842802676  0.50901989245180856
  0.51762780887866566  0.52654186945465553  0.53606407593929106  0.54531473468298486
  0.55453031999667302  0.56401701605487864  0.57350516370594951  0.58300354798999932
  0.59225345170418642  0.60151689862406954  0.61102209403213636  0.62113763067796846
  0.63165470905662691  0.64083325856327555  0.64960591502866638  0.65821588667452213
  0.66820410937281338  0.67910305569945439  0.69009784151528752  0.70087584068836772
  0.71135435858140972  0.72207950469533566  0.73324248457314078  0.74486002272814333
  0.75640234677113405  0.76717096833111709  0.77801022432678635  0.78879243522535647
  0.79961001694944822  0.80997233187002204  0.82117420869313318  0.83286474654296561
  0.84340239770788783  0.85352043009321121  0.86262945971569993  0.87215483115440717
  0.88159610097064223  0.89118570768146432  0.90055489687301438  0.91054412821722208
  0.92163178743514484  0.93389712183798346  0.94597721830542725  0.95713480660567163
  0.96793418394253672  0.97861421646746072  0.98925588629086270  1.00000000000000000
  0.58354807010930010  0.76268820276300198  0.76629844521786883  0.77004820372058358
  0.77409002024099216  0.77853238506042544  0.78248939401163164  0.78631473661742646
  0.78939009393915405  0.79229549771595698  0.79495419917426469  0.79795197223571390
  0.80076911703602927  0.80365017202355549  0.80625080116069725  0.80902119216736135
  0.81157823083784908  0.81385473996389845  0.81607094692629978  0.81863398819706834
  0.82128258978257973  0.82400122713071156  0.82654505992734340  0.82901373920527144
  0.83140552648633803  0.83382190652338606  0.83607166370235619  0.83838352874178446
  0.84095510232181103  0.84360314985446816  0.84621334801365466  0.84886702375578171
  0.85159303727218871  0.85430939907175696  0.85689412320841207  0.85944032270266391
  0.86173274625891916  0.86410704916525083  0.86664498614428687  0.86901113733719726
  0.87142760983401035  0.87389248662620456  0.87634443826331532  0.87885003972433651
  0.88138516644582554  0.88396230035291767  0.88663441925721020  0.88926899188127762
  0.89174899092904203  0.89412662078282024  0.89646288144041464  0.89879987625100977
  0.90117218667841636  0.90363873972170594  0.90617015458466421  0.90871891018996920
  0.91124871983644551  0.91367728494253708  0.91601418489817488  0.91828795847963474
  0.92056377847712123  0.92286860582651598  0.92521505052575037  0.92759414569308607
  0.93003655879801539  0.93249660298578863  0.93484088720084679  0.93717987205021580
  0.93934414960944312  0.94157842607153996  0.94381932197712848  0.94612935030268419
  0.94837368294226321  0.95048427671994928  0.95254794953299127  0.95458399294685958
  0.95665028794576190  0.95885783499521926  0.96102238352288694  0.96314955693204563
  0.96518261752986867  0.96717502531138178  0.96914088557919587  0.97111768284994826
  0.97314672756673193  0.97522176047018061  0.97731887839419607  0.97946830660406314
  0.98171146583710633  0.98391364569514772  0.98621808195198346  0.98857239071203851
  0.99104565942062994  0.99374232403287110  0.99664229211130240  1.00000000000000000
  0.02501987099513827  0.15016459447410688  0.19730848845428164  0.22359691254765443
  0.24007881866525238  0.25393559693922824  0.26796078402445461  0.28135521337657765
  0.29404749535735980  0.30700148440825192  0.32000825285498086  0.33201922741643186
  0.34277948388848783  0.35287624541246265  0.36283391709125801  0.37303682950360451
  0.38317334059176383  0.39236126112648378  0.40049812965268633  0.40806145075688377
  0.41568260627623271  0.42398432866688696  0.43272071709253934  0.44131413622780619
  0.44971224176833430  0.45770610934001044  0.46510978116782115  0.47240208378211412
  0.47991318788575171  0.48770729908494226  0.49563274271447777  0.50330749610313985
  0.51043532555481541  0.51726725346155766  0.52432423613086721  0.53144344367335639
  0.53862181680799559  0.54560891743741957  0.55234426284544325  0.55874312386797420
  0.56496980725164980  0.57114845863168062  0.57680401203357956  0.58244489230129204
  0.58799221522320733  0.59352102837584120  0.59904902917936731  0.60451149421655226
  0.61016973337253066  0.61583289559738341  0.62156026957067623  0.62721780322888121
  0.63268153115835069  0.63816059358194432  0.64383614300375858  0.64941600453221782
  0.65518367141278278  0.66114060889450532  0.66703986338631360  0.67273156416067625
  0.67806946720629002  0.68312693361294297  0.68797524597528592  0.69268027607921179
  0.69751417228394375  0.70241836784453915  0.70747835855162522  0.71280283731492833
  0.71817785299128212  0.72346257418182203  0.72883433669218145  0.73427572946414177
  0.73990572244427000  0.74548002690489656  0.75097715986973090  0.75630604040148686
  0.76161090699076139  0.76706017931841497  0.77285733815759061  0.77930495329957683
  0.78619147284712776  0.79344270938607264  0.80110283223946865  0.80867554240851613
  0.81662120810260352  0.82538021940587258  0.83267758647976309  0.83872713293590695
  0.84486198005380353  0.85104876945609553  0.85952749168158349  0.87135669951193295
  0.88412350982968357  0.89973787398134519  0.92391876276190243  1.00000000000000000
   9.2894571886436924E-006  -1.0000000000000000     
 F F F F F F F F F F F F F F F F F F F F F F F F F F F F F F F F F F F F F F F F F F F F F F F F F F F F F F F F F F F F F F F F F F F F F F F F F F F F F F F F F F F F F F F F F F F F F F F F F F F F F F F F F F F F F F F F F F F F F F F F F F F F F F F F F F F F F F F F F F F F F F F F F F F F F F F F F F F F F F F F F F F F F F F F F F F F F F F F F F F F F F F F F F F F F F F F F F F F F F F F F F F F F F F F F F F F F F F F F F F F F F F F F F F F F F F F F F F F F F F F F F F F F F F F F F F F F F F F
  <DiscreteSampler_grid>
  grouped_processes
  1 # 1 for a reference and 2 for a running grid.
  10 # Attribute 'min_bin_probing_points' of the grid.
  1 # Attribute 'grid_mode' of the grid. 1=='default',2=='initialization'
  0.0000000000000000 # Attribute 'small_contrib_threshold' of the grid.
  0.5000000000000000 # Attribute 'damping_power' of the grid.
 # binID   n_entries weight   weight_sqr   abs_weight
    13   10   8.737197909700352E+000   6.861909549584645E+002   8.737197909700352E+000
    14   10   8.737197909700349E+000   6.861909549584641E+002   8.737197909700349E+000
    16   10   1.090240862353156E+001   1.067995127233023E+003   1.090240862353156E+001
    17   10   1.090240862353156E+001   1.067995127233023E+003   1.090240862353156E+001
    22   10   8.737197909700352E+000   6.861909549584645E+002   8.737197909700352E+000
    23   10   8.737197909700349E+000   6.861909549584641E+002   8.737197909700349E+000
    25   10   1.090240862353157E+001   1.067995127233024E+003   1.090240862353157E+001
    26   10   1.090240862353157E+001   1.067995127233024E+003   1.090240862353157E+001
  </DiscreteSampler_grid>
