  0.00000141148507386  0.00000151593024454  0.00000159002488242  0.00000165748375312
  0.00000172567702440  0.00000179763912513  0.00000186688843097  0.00000193509633576
  0.00000201224296881  0.00000209102748817  0.00000216954293837  0.00000225270602747
  0.00000233689005530  0.00000242797870951  0.00000252516166737  0.00000261805723538
  0.00000270939759775  0.00000280468790990  0.00000290511201425  0.00000301622114163
  0.00000313611403154  0.00000325213076776  0.00000336912353748  0.00000350507150614
  0.00000363950959941  0.00000376978380091  0.00000389445061129  0.00000403093021027
  0.00000418577074435  0.00000435151807451  0.00000452843631495  0.00000471113226100
  0.00000490309917439  0.00000510638551281  0.00000531628989680  0.00000554792684779
  0.00000581044560855  0.00000608617860867  0.00000636288412405  0.00000671845992145
  0.00000708167216565  0.00000745447817964  0.00000785895192309  0.00000824922367375
  0.00000868540480806  0.00000916209418306  0.00000966704592798  0.00001016299907035
  0.00001067195761376  0.00001118448481075  0.00001168182020364  0.00001225310014277
  0.00001291780808422  0.00001367394588582  0.00001456732592346  0.00001553420584942
  0.00001656270704253  0.00001771696598859  0.00001898930075667  0.00002033489017040
  0.00002173718297052  0.00002322005458635  0.00002501191809799  0.00002689721165793
  0.00002888509844293  0.00003074383522843  0.00003291268614960  0.00003546603246057
  0.00003821094008301  0.00004146249222715  0.00004512795477047  0.00004916300550598
  0.00005393465241407  0.00005922815247279  0.00006594404123103  0.00007298150363733
  0.00008067094974394  0.00008872455768169  0.00009799611336271  0.00010893410897880
  0.00012134690944506  0.00013416181776227  0.00014943908977564  0.00016747821647202
  0.00019284354446047  0.00022805599402918  0.00027487312589460  0.00032607998917005
  0.00039412662094419  0.00049833062071343  0.00068069322642487  0.00098354620957206
  0.00149732238081262  0.00238824934144580  0.13060961632821175  1.00000000000000000
  0.00000014229636268  0.00000015396670657  0.00000016469828560  0.00000017719109237
  0.00000018898103207  0.00000020218767788  0.00000021656892058  0.00000022980660745
  0.00000024373129621  0.00000025903028269  0.00000027375278247  0.00000029267780551
  0.00000030907344430  0.00000032449975782  0.00000034031417653  0.00000035704041657
  0.00000037740791893  0.00000040038705891  0.00000042791356156  0.00000046081951959
  0.00000049644222434  0.00000053451266148  0.00000057241279953  0.00000061103365436
  0.00000065453305223  0.00000070500942060  0.00000076181173306  0.00000082101313147
  0.00000087411400217  0.00000092303679060  0.00000097285703516  0.00000102101285461
  0.00000106885908464  0.00000111887844071  0.00000117208124448  0.00000123330166445
  0.00000130278142039  0.00000138412963361  0.00000147065156543  0.00000156520931376
  0.00000167007917731  0.00000180494815096  0.00000192651388443  0.00000206801156166
  0.00000220814638297  0.00000235372365567  0.00000251556488802  0.00000268728063651
  0.00000287615540413  0.00000308124585543  0.00000329236265930  0.00000351981343615
  0.00000378151663597  0.00000406395765911  0.00000437821761010  0.00000474373477562
  0.00000514306385590  0.00000559871936916  0.00000614434433102  0.00000681807950323
  0.00000757725265977  0.00000834026759940  0.00000915931482325  0.00001007436275686
  0.00001116873922156  0.00001238958641654  0.00001375498505928  0.00001518896854308
  0.00001674109893038  0.00001843188229363  0.00002031562483497  0.00002265238189539
  0.00002532862857372  0.00002851583382471  0.00003253470535738  0.00003777601914587
  0.00004313738962786  0.00004915464240356  0.00005605422861706  0.00006463381017812
  0.00007441086953778  0.00008509788792459  0.00009705379744059  0.00011064158422543
  0.00012995593773439  0.00015799142478823  0.00020083082903100  0.00025862067617042
  0.00033108731719967  0.00042483262274468  0.00055485644512767  0.00073342233483318
  0.00114781459872864  0.00247247498123818  0.02083263228348169  1.00000000000000000
  0.00000375497421727  0.00001444941763133  0.00001688415766760  0.00002012036221444
  0.00002320817639793  0.00002560255475196  0.00002780276347001  0.00003001428324023
  0.00003266452907734  0.00003578900934669  0.00003911669902605  0.00004234184889198
  0.00004556358204140  0.00004889025627881  0.00005232945205216  0.00005590202991293
  0.00005967876358361  0.00006381414365245  0.00006811094372853  0.00007296002505065
  0.00007820815883339  0.00008358593689838  0.00008894667317470  0.00009447750196441
  0.00010012843396396  0.00010570435995311  0.00011135906893488  0.00011753701860482
  0.00012442641846822  0.00013222026996352  0.00014042916236703  0.00014887500831308
  0.00015748586630132  0.00016654263491460  0.00017562566849942  0.00018578891120635
  0.00019663598664620  0.00020850065964734  0.00022069435637093  0.00023322467171323
  0.00024607987394990  0.00025997591321026  0.00027508858759250  0.00029139594156789
  0.00030877127577471  0.00032744878021795  0.00034643137365682  0.00036448522245115
  0.00038233372787440  0.00040075292848995  0.00042224101236129  0.00044495458196388
  0.00047381102615804  0.00050001388488329  0.00052428817747336  0.00054800770659256
  0.00057398871762557  0.00060258172357817  0.00063100251912937  0.00065673006590470
  0.00068985713541997  0.00072458901565270  0.00076086186970112  0.00080099794552465
  0.00084239605362480  0.00088777711345110  0.00093910787350912  0.00100040699741051
  0.00107060173679141  0.00112982327192535  0.00117987265506017  0.00122719876768888
  0.00127309591636803  0.00132572137843044  0.00138761895215558  0.00146858281740866
  0.00156659414819512  0.00167822994632491  0.00181565777222408  0.00197671890743343
  0.00217493100951461  0.00241444497588943  0.00276179170184288  0.00311164432838147
  0.00346262822311489  0.00385408802452615  0.00417501433255413  0.00449353000846723
  0.00488797623107975  0.00547406049858835  0.00639186994635872  0.00713922541416920
  0.00803416407196135  0.00991731482711020  0.19594246604436630  1.00000000000000000
  0.00000151139561792  0.00000168009173781  0.00000181821745542  0.00000197277518940
  0.00000213924321326  0.00000229819726932  0.00000245657307131  0.00000262634649302
  0.00000280244449865  0.00000297714155414  0.00000314023955291  0.00000329932324051
  0.00000347308111332  0.00000366703353048  0.00000386360017900  0.00000406722307244
  0.00000427606982105  0.00000449106446461  0.00000472715171788  0.00000498817666660
  0.00000527307820902  0.00000556464525942  0.00000588987891595  0.00000620059040548
  0.00000652534730454  0.00000686379933157  0.00000720469063761  0.00000756735651671
  0.00000795433563591  0.00000835305063742  0.00000877259910962  0.00000921672045035
  0.00000967264197157  0.00001013687555843  0.00001063677306808  0.00001116035068292
  0.00001171046866691  0.00001227983439984  0.00001287030759291  0.00001347103155017
  0.00001410424289264  0.00001481757691479  0.00001559216854179  0.00001642463211502
  0.00001730352277049  0.00001827333734616  0.00001924373919440  0.00002032939547468
  0.00002145808870919  0.00002266306311549  0.00002392752795807  0.00002517182792308
  0.00002651213741540  0.00002808691152298  0.00002981911937727  0.00003178817618518
  0.00003395881276703  0.00003614044811660  0.00003847696040859  0.00004096404499521
  0.00004395509487892  0.00004761077275256  0.00005157325923731  0.00005564736541881
  0.00006000940143513  0.00006534570330071  0.00007135675714802  0.00007747352704009
  0.00008398883404335  0.00009156755058194  0.00010094389476010  0.00011221164389919
  0.00012465111709814  0.00013796147299064  0.00015247850824209  0.00016786050119958
  0.00018072977991229  0.00019188005102316  0.00020404885825058  0.00021873886474584
  0.00023489803806137  0.00025390705182519  0.00027754006713385  0.00032075535111929
  0.00038491243874943  0.00044974134713836  0.00052887106708666  0.00062911275543668
  0.00075483622847132  0.00092307503697491  0.00117320070312265  0.00150510070412878
  0.00191944273074922  0.00240580493274902  0.08681879993807137  1.00000000000000000
 -0.00213753990454166  0.00860937988165410  0.01797989438188881  0.02788187820612920
  0.03708460522353450  0.04654227005185073  0.05601611797801705  0.06545769976949027
  0.07503755432275959  0.08479524091075848  0.09421437614075401  0.10303925560800137
  0.11127526058896552  0.11959888430283534  0.12894559223893209  0.13903482157520938
  0.15009544004736911  0.16237597619835478  0.17483852224597241  0.18773416621091063
  0.19965213426098125  0.21172504767444303  0.22347603732171889  0.23496343914111464
  0.24709995304484800  0.26031937111401632  0.27440639194699173  0.28799957065213078
  0.29941715824769310  0.30958202728757295  0.31938525671674051  0.32984758103969658
  0.34142852117665484  0.35326732867349930  0.36513593256896199  0.37661135822928588
  0.38656498692262026  0.39608517481789834  0.40445275173579692  0.41291918692691015
  0.42137664546622111  0.42949072319721610  0.43830917318428292  0.44731995914976247
  0.45591848445363325  0.46522151754983454  0.47549260416253081  0.48565073546015336
  0.49590703547192938  0.50606740465543487  0.51599857583203090  0.52581823880392642
  0.53576098255158888  0.54602826983569386  0.55680119803452899  0.56807856372006615
  0.58008105213709205  0.59311650507504743  0.60543993239175553  0.61606507467131932
  0.62680604243604610  0.63851783179764532  0.65011479770260072  0.66114652509876914
  0.67299399969966622  0.68541180755699205  0.69697080731743111  0.70803105809757572
  0.71923247811274460  0.73046621423781632  0.74189237948525721  0.75365474154508272
  0.76561838304140029  0.77749787245634916  0.78906635727873320  0.79999953039112326
  0.81041960057585316  0.82104539104844798  0.83192116322888721  0.84324167007931228
  0.85431572265845224  0.86473060728842965  0.87483152669956488  0.88527633304036524
  0.89628322788447179  0.90686139821299128  0.91723221758228601  0.92754614626594634
  0.93663383644195741  0.94470390423702744  0.95250773959111135  0.96063954108394223
  0.97001221095848944  0.98000848644245897  0.99008982091358677  1.00000000000000000
 -0.00201321879313507  0.00848793276549975  0.01795383599452909  0.02850658990754286
  0.03919051790266983  0.04923449915414023  0.05809375856053875  0.06645491833315356
  0.07502351327454188  0.08366748761031147  0.09285229478231462  0.10275330655576966
  0.11326452737518461  0.12456967517964115  0.13590692259324505  0.14664692212620817
  0.15719956011830177  0.16780502203596412  0.17899990665514209  0.18974647225829300
  0.20005142850563695  0.21025935050409286  0.22105018945848806  0.23252006374965317
  0.24304966493179522  0.25309692187565730  0.26318625920510863  0.27320838823759863
  0.28414257094130529  0.29483009154292211  0.30652009233298211  0.31844623271450673
  0.33037635402845511  0.34258823184203391  0.35464523009330468  0.36710988214980333
  0.37887321822329245  0.38952276160808691  0.39968678824013254  0.40989540773875449
  0.41944133767240849  0.42900181428019046  0.43840270208355203  0.44898525865600852
  0.46046544632584818  0.47175034064033050  0.48188680020181340  0.49159546778401014
  0.50159328599464981  0.51247292739638139  0.52370848349302745  0.53495896180497704
  0.54570837272985062  0.55642476904382110  0.56743405472644548  0.57777776331253727
  0.58642460435398103  0.59466348975321837  0.60322383496211285  0.61234715422823849
  0.62254365806755785  0.63377963079065713  0.64537174630522254  0.65796718835002477
  0.66974178919996152  0.67968790021221548  0.68977222329409382  0.70056115918668438
  0.71200379391939661  0.72259526830726883  0.73267471989800403  0.74385193326360355
  0.75498411569259971  0.76658918750347260  0.77792615121854869  0.78850328081650733
  0.79866687734438013  0.80862000377863519  0.81851919967225373  0.82817195083654171
  0.83825744213400410  0.84842779855547557  0.85819154226659378  0.86759976980336218
  0.87723483301120553  0.88785440714891462  0.89888910548799161  0.90984541021357579
  0.92130336302191840  0.93272634874742111  0.94472754969726458  0.95551121797392946
  0.96615875336577406  0.97649037916359460  0.98789806887749421  1.00000000000000000
 -0.00227507864849345  0.00926260424359840  0.01755734969331630  0.02684318828643609
  0.03490480084443730  0.04380385348907233  0.05366217985040857  0.06353119542740691
  0.07323736441064066  0.08293103399506074  0.09293006129770202  0.10343757511405488
  0.11425795305121410  0.12568483747114120  0.13781635825697314  0.14932251807424432
  0.15965963404354633  0.16958979945342931  0.18059941105603580  0.19178419355687207
  0.20221812058891592  0.21169156772399994  0.22124487200663312  0.23130754479190499
  0.24235984861276944  0.25290189300724869  0.26306246027337271  0.27188028518336688
  0.28036488628541029  0.28929761889719363  0.29886968168644451  0.30998651901437757
  0.32058321315261445  0.33103460239429450  0.34145667327104573  0.35179851511056093
  0.36105266349846260  0.36972928105529018  0.37892981209276605  0.38822274248314115
  0.39799735594196861  0.40798262709771432  0.41788757258779796  0.42779232971463399
  0.43798965944444940  0.44867208701585837  0.45958902773074101  0.47071488209215112
  0.48211751377750922  0.49334179181939303  0.50462299165471491  0.51589746459229868
  0.52645792997278074  0.53695696157239303  0.54728018443223203  0.55649663062169097
  0.56539180959158997  0.57401372652012828  0.58350700393398902  0.59298900236047336
  0.60305074600227082  0.61352948579540267  0.62429385499972301  0.63547746192853227
  0.64738487299702263  0.65904250012698418  0.67055081078161927  0.68242950264707314
  0.69448835311788271  0.70586607054596029  0.71649737604613484  0.72687976838846391
  0.73808088588757725  0.75013644032337279  0.76249960074916256  0.77379562308126704
  0.78452036375720458  0.79523654623396267  0.80620374416144502  0.81695617422379729
  0.82691146636936819  0.83765932860444836  0.84932851438142887  0.86187510728706684
  0.87410268679383529  0.88572741068720728  0.89687868865157105  0.90778343477555168
  0.91882915621660344  0.93132514611307415  0.94353315496912638  0.95510713876018405
  0.96765341017613593  0.98010794248074840  0.99050071839283182  1.00000000000000000
 -0.00216267100468352  0.00873452466225921  0.01920524698874371  0.03001097073520409
  0.04103534465553250  0.05173999085337880  0.06294059193295165  0.07451965314319288
  0.08536022651354382  0.09425289761160464  0.10291571372260397  0.11194498571573483
  0.12142396135046918  0.13132679143982781  0.14003689328298133  0.14834961861035276
  0.15750293910220908  0.16728298086188156  0.17844879763020824  0.18943708641699908
  0.20084509326676642  0.21288021313063335  0.22484781338345650  0.23533154854763397
  0.24597333841983635  0.25628057737616755  0.26705427042090124  0.27732166131109820
  0.28656970742474219  0.29568960551983475  0.30483989203957251  0.31532265617109440
  0.32636413874109349  0.33711443124736373  0.34782136502170474  0.35901135780982418
  0.37067926450424615  0.38253187073942768  0.39408916044554243  0.40429515260699617
  0.41380059457872870  0.42344185533193274  0.43296107375518517  0.44301711966947871
  0.45361466941198203  0.46409469988859103  0.47384413138758963  0.48360308105641342
  0.49414821171207035  0.50403998899814306  0.51368443456810575  0.52237318526960896
  0.53279213389500635  0.54342379557650389  0.55401278617717598  0.56469431585535024
  0.57522417717967822  0.58579892484222240  0.59664257072571758  0.60757284492928310
  0.61857485065475226  0.63023585492904366  0.64242280436187327  0.65419414162743283
  0.66449134039333180  0.67485868835081408  0.68543569932357318  0.69689894722528911
  0.70832581544403739  0.71938994102393783  0.72984571971022272  0.74019664953096775
  0.75059752949920477  0.76173494610091141  0.77281249876543423  0.78457912439126187
  0.79616936917127790  0.80736330877992157  0.81831069833030223  0.83000407886642757
  0.84125462531084727  0.85286341250493825  0.86445776264907281  0.87563016452303299
  0.88640565874891786  0.89743986175508872  0.90792582604170646  0.91843807236357633
  0.92897836369768194  0.93944894917481425  0.94908423316752966  0.95874061385022724
  0.96919279134934611  0.97960717561949895  0.98956466245733754  1.00000000000000000
 -0.00363379315523373  0.02138757442257676  0.04037583262392534  0.05938615433456795
  0.07558307333417205  0.09082876433581968  0.10489002467373146  0.11970724094833445
  0.13425614980558756  0.14776664781264273  0.16219411397450215  0.17665918094655458
  0.19327329097304682  0.20904103774227561  0.22298093423295171  0.23794585017700809
  0.25397381229294252  0.27066450286848037  0.28460627073042566  0.29763924892888088
  0.31020229542016209  0.32327195093142524  0.33672203935812983  0.34988668022201480
  0.36253957517866148  0.37517853598523326  0.39005579721158423  0.40386435475271376
  0.41672017354153112  0.42910604459771090  0.44194838933701280  0.45435080777501502
  0.46605551316025262  0.47738964903295739  0.48926255719780759  0.50085782894760267
  0.51166642697048648  0.52218432261284087  0.53287744328370157  0.54391878414981287
  0.55467644272822170  0.56522264106729059  0.57636902033516535  0.58805990375347417
  0.60001606880653890  0.61127498951993831  0.62210676079178506  0.63294317933956068
  0.64392533319686751  0.65516570776569993  0.66601250693590064  0.67644464747866617
  0.68622376763293436  0.69571732376449602  0.70485310405248813  0.71436399368656511
  0.72433472050080816  0.73590854966803032  0.74729821863666712  0.75742212444595858
  0.76598649846911471  0.77436915935820627  0.78278560382593887  0.79204679892461471
  0.80164228280580685  0.81096441746194481  0.81998600496583673  0.82888283684496855
  0.83753616400377529  0.84566232700399513  0.85369491155451571  0.86113926801809237
  0.86819642944737274  0.87533895170661635  0.88251467960819463  0.88943315396062439
  0.89600229121952502  0.90216087638372799  0.90850949199312325  0.91545148204753657
  0.92206135386866817  0.92855647174338818  0.93433208915873334  0.93937016011302732
  0.94393971063097082  0.94844514254492374  0.95284659105013436  0.95708817393389989
  0.96236099146203291  0.96826015576443547  0.97410352726901339  0.97999209616168148
  0.98545851969247800  0.99049898008638693  0.99553476112014205  1.00000000000000000
 -0.00311374314757119  0.01021258180952938  0.02189057572549612  0.03383457838847200
  0.04460497084526409  0.05395580377263359  0.06398873801569034  0.07425453965139389
  0.08374904762002018  0.09229283504022513  0.10169522020734589  0.11301037579619730
  0.12490343028511688  0.13536934631895972  0.14507986267694284  0.15529934669224876
  0.16562700972943878  0.17656378554989377  0.18663342043962677  0.19645630436986455
  0.20652697604130255  0.21725183665236267  0.22892503632273861  0.24021133805607833
  0.25071462271968337  0.26104825832048589  0.27086509712586121  0.28095026944889934
  0.29125775179095470  0.30193611853653729  0.31191054110071204  0.32066717148427942
  0.32924369637889583  0.33905160612570373  0.34995160809820031  0.36136728683494040
  0.37267999331605600  0.38387560391366221  0.39572992266562984  0.40808784396712167
  0.42087864655262192  0.43300259767147631  0.44482351673013076  0.45559379641079373
  0.46611639179910935  0.47641008383219474  0.48648193842847970  0.49608600294942629
  0.50508791590320024  0.51404029213642255  0.52381645196469162  0.53505186727092269
  0.54643900763080167  0.55783189320973237  0.56971566943710794  0.58147947344117534
  0.59292730968873175  0.60444376818825707  0.61557239252646678  0.62554905510879166
  0.63466786862459268  0.64360150482351119  0.65444670880238454  0.66606176222883373
  0.67716436232790334  0.68746205309279063  0.69848607915966054  0.70983206892994954
  0.72175915490555576  0.73304996714843051  0.74350653425750712  0.75470814039489864
  0.76553708659895758  0.77600154841479074  0.78640476996311504  0.79689330986027029
  0.80682281927675648  0.81603765912320259  0.82485174896056113  0.83402618366512038
  0.84425663800386030  0.85484040327069255  0.86582163230065423  0.87688634805174959
  0.88812144041398400  0.89930226489599197  0.90947432572863107  0.91908277591480358
  0.92777316294129841  0.93663321042411107  0.94721096180287112  0.95781180934139243
  0.96793452677777692  0.97760556637985352  0.98831760870823870  1.00000000000000000
 -0.00170941130279771  0.00977983014782595  0.01829978010124380  0.02644580526662831
  0.03465213374669465  0.04302369938298577  0.05173390615202943  0.06079470349505187
  0.07333513774858033  0.08542059747497779  0.09447093662018026  0.10363220327794043
  0.11232397123464714  0.12285153058332184  0.13255946064674945  0.14209699398870679
  0.15151088762559278  0.16095177485454790  0.17050187500486619  0.18056701508892994
  0.19135720493519959  0.20281168203129471  0.21465663834698262  0.22632069173244443
  0.23723413136199373  0.24702979244577955  0.25617192031106273  0.26553251358387453
  0.27563134716788690  0.28633628490824931  0.29755478686295878  0.30931925003760269
  0.32098275603481030  0.33260619199607239  0.34300338659144752  0.35319743991502600
  0.36281865788735751  0.37237869827109860  0.38236775212783430  0.39288512328283648
  0.40468247739228191  0.41554213383100652  0.42593288615407598  0.43534158524174260
  0.44512846768701730  0.45456963990067567  0.46384811227168998  0.47438821208771331
  0.48565546741502813  0.49701762683338335  0.50794358288844421  0.51870228445689837
  0.52972286469131913  0.54120481078771132  0.55202439162788908  0.56164452434702739
  0.57155060718226003  0.58161451621509042  0.59164518164211377  0.60205240046988096
  0.61305595772387178  0.62475483295791712  0.63713299154745828  0.64986224946542470
  0.66132011617666264  0.67193415756793895  0.68251806307566754  0.69339321375568885
  0.70502215355951925  0.71661561658179407  0.72810885294648509  0.73945187901092224
  0.75077919864041553  0.76157687154615283  0.77175141092696820  0.78185063179030945
  0.79251162866655678  0.80415541255311851  0.81632526069166866  0.82825656639453926
  0.83947706626615737  0.84996742578409201  0.86140194385991753  0.87336558566535483
  0.88500169520958349  0.89603827727747343  0.90730557511128829  0.91875669709914376
  0.93031536301607698  0.94131812283015326  0.95210174652369595  0.96176245208133027
  0.97100174700002562  0.98019957327580509  0.98998177354155170  1.00000000000000000
  0.43459146077643618  0.47722573469170376  0.48851885322002969  0.49904689658279011
  0.50886083876378041  0.51703503841256782  0.52375437694326088  0.53064552808342624
  0.54061352025924836  0.55153077106893511  0.56021615948175862  0.57224159082226445
  0.58443765602849862  0.59293978704637329  0.60054128229609938  0.60767857475335862
  0.61376264771977440  0.61985101183288138  0.62594084707327846  0.63122865305238052
  0.63650728764793607  0.64193885379907833  0.64734976791941556  0.65255877378379856
  0.65809634958536867  0.66426084234950378  0.66990412690917889  0.67499949096921208
  0.68012250387615536  0.68468019207065456  0.68929121121618575  0.69441373179279908
  0.69956823522099121  0.70466422312485055  0.70951864469667980  0.71431488513975183
  0.71941384309010215  0.72478454791807323  0.73074511922159757  0.73619006923283026
  0.74175238902351559  0.74724257957945894  0.75274284938028724  0.75754226025788873
  0.76263774524326677  0.76806011425363951  0.77303886095587904  0.77833496970164917
  0.78368837116486156  0.78915482181257690  0.79427209619101213  0.79888424865883678
  0.80340900235119594  0.80744089929296037  0.81137020117427672  0.81527052649818299
  0.81958861527431903  0.82430015427837766  0.82879795477260054  0.83314285405995236
  0.83781833884640677  0.84280122541726443  0.84787811220055542  0.85287515743248110
  0.85806726773303288  0.86322507237511747  0.86811237130192154  0.87275832053163471
  0.87720989497486679  0.88159772332233854  0.88599766830926907  0.89038279362243578
  0.89474997947358292  0.89922802051211159  0.90374900310542428  0.90808664490707891
  0.91246209068950790  0.91658412901628372  0.92079741286637495  0.92503956337278859
  0.92929233608372086  0.93356365878382130  0.93788514904173681  0.94238356674754220
  0.94711195336521192  0.95186111270934892  0.95637775295818772  0.96069633486022943
  0.96472501904476937  0.96874707418546158  0.97288391543285824  0.97721267739757045
  0.98211715089920248  0.98739605196366587  0.99348790418354271  1.00000000000000000
 -0.00903732673690973  0.09264033587126966  0.11361444182627213  0.12687079269782681
  0.13764984336952249  0.14729338740153849  0.15500668558490160  0.16240944212488850
  0.16912428565561649  0.17530410381158851  0.18196739477082860  0.18851073580911235
  0.19515775123165160  0.20185213806639724  0.20836968412614151  0.21458254583407835
  0.22051381177497006  0.22551711069236105  0.23067798566839789  0.23596048113344928
  0.24133434623862804  0.24689113019555084  0.25264968774521401  0.25894793436476332
  0.26593115660068561  0.27298193065414900  0.28005744309989405  0.28692244298321895
  0.29340030500135372  0.29951556785516714  0.30550194005522247  0.31165310123972073
  0.31805342787191726  0.32526637988840024  0.33185807763031627  0.33840487862898705
  0.34419603099076818  0.35007662251301203  0.35607968210562291  0.36227850882521034
  0.36883208045817489  0.37545966785125484  0.38205258797829678  0.38811619836242067
  0.39434352779841930  0.40125715144987117  0.40872286892190662  0.41570969402876512
  0.42218137300862113  0.42841963029575059  0.43493421166375640  0.44197248008298917
  0.44922129658935966  0.45639485501188437  0.46316994512280124  0.46963594863684666
  0.47612058069542829  0.48294278339611441  0.49040692463936941  0.49812638800978415
  0.50624644817382347  0.51441071906546509  0.52225134941096096  0.53026429519642881
  0.53797880254164643  0.54562386751233483  0.55279649192369607  0.56071204127125740
  0.56798742889618858  0.57507435751709968  0.58190716075173632  0.58917829597373972
  0.59711005774234382  0.60565478588444299  0.61425320164314079  0.62344353145376674
  0.63420834091459499  0.64532727457595274  0.65566518805168916  0.66528067755013920
  0.67477650506508913  0.68478450750535980  0.69573205395520821  0.70744880350681372
  0.72026347857375028  0.73257119075652222  0.74522067013868143  0.75846848485755036
  0.77443077100204527  0.78839339132744546  0.80095125419580182  0.81480310466749284
  0.83109814587982334  0.85095671391328576  0.88788209335836510  1.00000000000000000
   7.8958720051319678E-006  -1.0000000000000000     
 F F F F F F F F F F F F F F F F F F F F F F F F F F F F F F F F F F F F F F F F F F F F F F F F F F F F F F F F F F F F F F F F F F F F F F F F F F F F F F F F F F F F F F F F F F F F F F F F F F F F F F F F F F F F F F F F F F F F F F F F F F F F F F F F F F F F F F F F F F F F F F F F F F F F F F F F F F F F F F F F F F F F F F F F F F F F F F F F F F F F F F F F F F F F F F F F F F F F F F F F F F F F F F F F F F F F F F F F F F F F F F F F F F F F F F F F F F F F F F F F F F F F F F F F F F F F F F F F F F F F F F F F F F F F F F F F F F F F F F F F F F F F F F F F F F F F F F F F F F F F F F F F F F F F F F F F F F F F F F F F F F F F F F F F F F F F F F F F F F F F F F F F F F F F F F F F F F F F F F F F F F F F F F F F F F F F F F F F F F F F F F F F F F F F F F F F F F F F F F F F F F F F F F F F F F F F F F F F F F F F F F F F F F F F F F F F F F F F F F F F F F F F F F F F F F F F F F F F F F F F F F F F F F F F F F F F F F F F F F F F F F F F F F F F F F F F F F F F F F F F F F F F F F F F F F F F
  <DiscreteSampler_grid>
  grouped_processes
  1 # 1 for a reference and 2 for a running grid.
  10 # Attribute 'min_bin_probing_points' of the grid.
  1 # Attribute 'grid_mode' of the grid. 1=='default',2=='initialization'
  0.0000000000000000 # Attribute 'small_contrib_threshold' of the grid.
  0.5000000000000000 # Attribute 'damping_power' of the grid.
 # binID   n_entries weight   weight_sqr   abs_weight
    19   10   9.349554713350753E-003   3.109295080138536E-004   9.349554713350753E-003
    20   10   9.349554713350824E-003   3.109295080138598E-004   9.349554713350824E-003
    22   10   2.373769227652657E-003   2.049042403120033E-005   2.373769227652657E-003
    23   10   2.373769227652675E-003   2.049042403120076E-005   2.373769227652675E-003
    25   10   8.512933329646432E-003   2.515613202423411E-004   8.512933329646432E-003
    26   10   8.512933329646501E-003   2.515613202423466E-004   8.512933329646501E-003
    28   10   2.020058743986993E-003   1.418618596415719E-005   2.020058743986993E-003
    29   10   2.020058743987010E-003   1.418618596415751E-005   2.020058743987010E-003
    34   10   9.349554713350753E-003   3.109295080138535E-004   9.349554713350753E-003
    35   10   9.349554713350824E-003   3.109295080138598E-004   9.349554713350824E-003
    37   10   2.373769227652656E-003   2.049042403120032E-005   2.373769227652656E-003
    38   10   2.373769227652675E-003   2.049042403120075E-005   2.373769227652675E-003
    40   10   8.512933329646432E-003   2.515613202423411E-004   8.512933329646432E-003
    41   10   8.512933329646501E-003   2.515613202423467E-004   8.512933329646501E-003
    43   10   2.020058743986993E-003   1.418618596415718E-005   2.020058743986993E-003
    44   10   2.020058743987010E-003   1.418618596415751E-005   2.020058743987010E-003
  </DiscreteSampler_grid>
