  0.00000151202968465  0.00000156219054723  0.00000160791623542  0.00000164105485182
  0.00000167189493167  0.00000171980350864  0.00000177134676078  0.00000182118368361
  0.00000187843060846  0.00000193607301284  0.00000199400510015  0.00000205087579334
  0.00000210597116461  0.00000216069144459  0.00000221653320340  0.00000227120776651
  0.00000232330789486  0.00000237980659407  0.00000244126372983  0.00000251413688657
  0.00000258946347247  0.00000266388840176  0.00000273767056470  0.00000280988033006
  0.00000288987298037  0.00000297155355083  0.00000305307785895  0.00000313608018987
  0.00000322185952358  0.00000330937213899  0.00000340011509436  0.00000349926404247
  0.00000359993829647  0.00000369697306949  0.00000379981026832  0.00000390958286005
  0.00000402249768113  0.00000414570409485  0.00000427982883706  0.00000442121934746
  0.00000456879786829  0.00000471712377486  0.00000488299244163  0.00000504297767518
  0.00000520655959905  0.00000538098475448  0.00000557891280444  0.00000581337281423
  0.00000604285351422  0.00000626569221782  0.00000649558700999  0.00000674062141373
  0.00000699761023466  0.00000726230329247  0.00000753829566252  0.00000783769139351
  0.00000816835374006  0.00000851431405971  0.00000889489006628  0.00000929323716154
  0.00000971590895574  0.00001010277911007  0.00001057220978065  0.00001104800130136
  0.00001152727500108  0.00001199915208368  0.00001256706943439  0.00001317379398454
  0.00001389380475300  0.00001471170694169  0.00001573529815938  0.00001678644127161
  0.00001801679078218  0.00001943893765043  0.00002099670213360  0.00002272773851159
  0.00002468295802169  0.00002672156352392  0.00002903919222815  0.00003172681518808
  0.00003509961335426  0.00003912245879579  0.00004365861379443  0.00004900606247515
  0.00005540989286965  0.00006455516604533  0.00007729019618672  0.00009561655884049
  0.00011822501107374  0.00015026249818772  0.00020706032271634  0.00030139801345968
  0.00047912870860199  0.00117374946068764  0.10284819845955584  1.00000000000000000
  0.00000730285014893  0.00000747099885721  0.00000768866409994  0.00000798661033897
  0.00000821459347549  0.00000843762127706  0.00000865972678190  0.00000886908485935
  0.00000908287985124  0.00000928882541634  0.00000949187620314  0.00000969944607147
  0.00000993829431415  0.00001027515353757  0.00001060899632238  0.00001097953123439
  0.00001134220712292  0.00001171059324114  0.00001209987946211  0.00001247312218767
  0.00001284417209349  0.00001321720347456  0.00001358522513325  0.00001395117320252
  0.00001436664560156  0.00001488390413405  0.00001543548325378  0.00001600168700158
  0.00001655878952853  0.00001708164251254  0.00001760241490451  0.00001814061393131
  0.00001872143411700  0.00001936319299622  0.00002002776225771  0.00002075905378215
  0.00002147139686993  0.00002217793567947  0.00002287940704063  0.00002356610790030
  0.00002425594433575  0.00002501904778369  0.00002584296677445  0.00002681128214288
  0.00002790444672377  0.00002899616313447  0.00003007515984828  0.00003122157468822
  0.00003245397384914  0.00003378984147830  0.00003512583842596  0.00003677216017532
  0.00003862460557532  0.00004045502789777  0.00004237630984156  0.00004452337477951
  0.00004689247692853  0.00004933239130906  0.00005236267890970  0.00005574565361420
  0.00005984807123139  0.00006434613960435  0.00006904876573343  0.00007415361505537
  0.00007994982312263  0.00008681840621618  0.00009378512761319  0.00010169905405702
  0.00011053663679008  0.00012184983986864  0.00013428185391418  0.00014689519659126
  0.00016197327334204  0.00017994259515026  0.00020182681861736  0.00023037557166735
  0.00026561605681851  0.00030419709165893  0.00034853772404140  0.00039799448428006
  0.00045384352654235  0.00051604551855922  0.00060592304996407  0.00071609890789151
  0.00085404200712894  0.00103087224802956  0.00124653849850524  0.00143653140690724
  0.00160617904373966  0.00179444155075943  0.00209870939617835  0.00262300593549064
  0.00380838280337784  0.01434744255575808  0.13521961656004783  1.00000000000000000
  0.00000012948699279  0.00000017679105728  0.00000021599063080  0.00000025189764876
  0.00000028497883306  0.00000031340062195  0.00000034006680063  0.00000036657021316
  0.00000039295232675  0.00000042099232020  0.00000046468550730  0.00000051532572388
  0.00000057451985334  0.00000063752449415  0.00000070311619067  0.00000076374819907
  0.00000082139100301  0.00000088010199625  0.00000094599024450  0.00000101765600755
  0.00000108716697147  0.00000116068884889  0.00000123621305305  0.00000130334632275
  0.00000139583254834  0.00000149484521108  0.00000158771063370  0.00000171988498714
  0.00000186092187337  0.00000201870364206  0.00000219619380204  0.00000238732760017
  0.00000258207139833  0.00000276684381688  0.00000298120195581  0.00000320181031778
  0.00000344081520130  0.00000371176733656  0.00000400960142856  0.00000433603054114
  0.00000472900013405  0.00000511886040758  0.00000552315738457  0.00000596289570115
  0.00000644131776111  0.00000694388151146  0.00000749594023275  0.00000811245992817
  0.00000868831991640  0.00000943877540151  0.00001024376003446  0.00001123438135744
  0.00001238234063674  0.00001365147851098  0.00001497851059759  0.00001636720973103
  0.00001784809002902  0.00001946772375492  0.00002134655965505  0.00002331954365899
  0.00002535633291065  0.00002745283353829  0.00002982209196941  0.00003254391059240
  0.00003548688769657  0.00003872839948073  0.00004242168973550  0.00004649566357787
  0.00005095621245759  0.00005597143225070  0.00006146012795348  0.00006742902263543
  0.00007438337665929  0.00008290261631925  0.00009296821259206  0.00010393457636530
  0.00011596313172081  0.00013007583718640  0.00014618037027551  0.00016645060065236
  0.00019301150261628  0.00022630856279262  0.00026780157423293  0.00031551182536272
  0.00037141598185122  0.00043506407283872  0.00051709737197498  0.00063604551830050
  0.00082587506885847  0.00104551240496804  0.00131169026463432  0.00171943840485202
  0.00261566391607479  0.00388713279566301  0.15503553538448914  1.00000000000000000
 -0.00129812248828146  0.00623083504105228  0.01268311382059989  0.01898859549894533
  0.02601771193562692  0.03388784936165547  0.04245310841897545  0.05088188419157317
  0.05892683477090692  0.06672745027463534  0.07560471200180305  0.08438353296792336
  0.09417005405642691  0.10368766274166075  0.11315073320247580  0.12259672598099551
  0.13186141878408231  0.14185146339734475  0.15152962939530673  0.16019496813072648
  0.16753875539068502  0.17433819525712019  0.18174682273997708  0.18997265610361957
  0.19976567126570752  0.21029088389984740  0.22158299094699083  0.23306439767664952
  0.24312892882810749  0.25198251513522679  0.26024223925676337  0.26763762439875305
  0.27620811036178106  0.28451851254738014  0.29350933775836996  0.30385231452073069
  0.31519799795819448  0.32761067687812079  0.33888779060559382  0.35032353745223238
  0.36251172496854939  0.37590823605440576  0.38963224818561276  0.40211590095667282
  0.41324653783830911  0.42356200838092828  0.43350888715056973  0.44351757072270487
  0.45329594979822913  0.46276868834172319  0.47243697179701799  0.48281445581203486
  0.49422391988908237  0.50597917383375968  0.51690109448759314  0.52829872364728292
  0.53936122615378612  0.55157649928920471  0.56423501068700677  0.57812732481544538
  0.59087557543437264  0.60147461882505970  0.61112798202161189  0.62083853879541351
  0.63302210197752107  0.64657489829559589  0.66014201845675791  0.67317946858974620
  0.68615954075439767  0.69916981039969073  0.71159159184840381  0.72295437140057717
  0.73380400340547236  0.74427339665458692  0.75459796605803753  0.76527743140399174
  0.77651323652968607  0.78833362843042154  0.79879147528941263  0.80900401851278725
  0.81962260699717193  0.83131718924855724  0.84337861130226388  0.85488744102365954
  0.86659260456842502  0.87852955153893586  0.89173143666501375  0.90463176387624455
  0.91747596492094174  0.92905855290244421  0.94104909679896931  0.95206672359069622
  0.96302726692758578  0.97373414416734771  0.98626889675732876  1.00000000000000000
 -0.00266294257206030  0.01290091709902618  0.02635565715369419  0.03835163299550957
  0.04915721310999940  0.05908259334222707  0.06968221374162550  0.08220900814852986
  0.09504596707909585  0.10788383119273767  0.11858258311487872  0.13026035167366631
  0.14125612047521360  0.15398521580896504  0.16628402732347769  0.17945960591389251
  0.19087802495053749  0.20189620491660545  0.21212304655712880  0.22197583867541326
  0.23237702589986994  0.24230452688058587  0.25210709330353120  0.26169308533370744
  0.27128054133025886  0.28099016099160762  0.29096710852061958  0.30154942655665889
  0.31211376568746552  0.32228397284986582  0.33280997254833578  0.34450832303128026
  0.35650945016730229  0.36735811086316844  0.37765873606810874  0.38721722429602895
  0.39645969710630313  0.40553613198845140  0.41551613265276705  0.42691476737927431
  0.43682402247358415  0.44590875734916630  0.45458271789922378  0.46392942792120950
  0.47488786787162057  0.48606679406539521  0.49739122929388480  0.50944217902235267
  0.52135105342926746  0.53262992338291737  0.54322968257023396  0.55471265161131267
  0.56495120747450600  0.57481507438922175  0.58442809344197011  0.59511119571162985
  0.60583810300617891  0.61648408223825546  0.62688822897627672  0.63798204985266715
  0.64891840296392167  0.66093882885007504  0.67298090728990800  0.68565824706342471
  0.69690475316452816  0.70749865709378223  0.71708414887360061  0.72664502045127588
  0.73622675523691361  0.74668323786192492  0.75863480636629954  0.77064562619380172
  0.78186386182909229  0.79262700679366616  0.80302556339874021  0.81270103031605323
  0.82153312900329478  0.82842945027594594  0.83604308713123687  0.84362539344924892
  0.85250234039939399  0.86192732444782816  0.87180161477563733  0.88142467733340724
  0.89094403246144749  0.90026310467673509  0.90963481273366575  0.91923120505098610
  0.92920360247089073  0.93914088980566290  0.94981629762994813  0.96044509448303039
  0.97124839999395973  0.98121785293755370  0.99084940590258341  1.00000000000000000
 -0.00243896948765133  0.00917730951255833  0.01946697434712080  0.02966939243518881
  0.04093044926785949  0.05272574114515777  0.06502837778583415  0.07822110941627970
  0.09248167743293802  0.10706541379565178  0.12117771218294780  0.13443294187848273
  0.14703525391678823  0.16073092726384286  0.17398506758545676  0.18537849036645013
  0.19491814086174220  0.20426387066419041  0.21313279967933196  0.22208546582626559
  0.23235908974772618  0.24355188778361858  0.25544176534556351  0.26724790344294058
  0.27872792106240690  0.29036012289903834  0.30153210527525065  0.31324494996657648
  0.32435474140309156  0.33483923306315511  0.34559343462227909  0.35597940687939239
  0.36649796174305166  0.37679438009789112  0.38797292314754461  0.39902324621741025
  0.41117361502784205  0.42313612643204884  0.43520222610389392  0.44642859534986934
  0.45737542336490472  0.46790766782625520  0.47883171309606948  0.48988656157256610
  0.50145525274105052  0.51229072840220125  0.52331984885552396  0.53294747099989204
  0.54225711538435029  0.55121057870194823  0.56054798256777494  0.56999945515704653
  0.57982074984193299  0.58979894786728559  0.60044333916535764  0.60997044211807172
  0.62022427603696939  0.63004704943217016  0.63968597076219003  0.64888507244687899
  0.65734020991706588  0.66643727776011052  0.67536562224777186  0.68485670850869629
  0.69484367056985386  0.70431367006122048  0.71369552858591490  0.72286080997353463
  0.73234964558731519  0.74210736975461522  0.75295107983443554  0.76465454749570183
  0.77583976903421903  0.78721603586020872  0.79653947704304839  0.80574496111836680
  0.81496141887887985  0.82504472370546489  0.83492744173794453  0.84354371391517347
  0.85135476203226768  0.85928290214019420  0.86833684256018095  0.87809557058883125
  0.88920117554670930  0.90103073804157430  0.91322157623414368  0.92487183728496325
  0.93565479431835885  0.94604286767443457  0.95547911121877205  0.96535388571336400
  0.97575491907824219  0.98490516125639649  0.99276050041848718  1.00000000000000000
 -0.00164992238728480  0.00742136201130275  0.01550050545441001  0.02503757692224260
  0.03418632635342845  0.04278034267619496  0.05088464790539141  0.05822001308671809
  0.06625136296411462  0.07535183646262444  0.08520484752532868  0.09609244728385445
  0.10803190001799295  0.12004746545924629  0.13079380071333691  0.14094771368174946
  0.15172200752797685  0.16257655121502129  0.17348082174030782  0.18459179554420502
  0.19571047996581342  0.20569620295588312  0.21511270649991759  0.22468799550257773
  0.23569485485946992  0.24725519057009782  0.25759133919861260  0.26715852808196666
  0.27690462879275002  0.28760026259563143  0.29905420977393815  0.31051106834340381
  0.32232060715855054  0.33480633730655257  0.34701110585320433  0.35856710400853214
  0.36949574243620542  0.38024128115724753  0.39135998224829516  0.40220206425279847
  0.41337526372727906  0.42414312887632472  0.43450214011778088  0.44500863780411659
  0.45495837281025603  0.46504054586824278  0.47609129796718508  0.48878495541453559
  0.50133228490422688  0.51302596710137538  0.52392798406724128  0.53411443794897817
  0.54344257908518645  0.55264485842517563  0.56174048826007239  0.57171381076392158
  0.58258154378307336  0.59368151630774046  0.60471792849413508  0.61633566983678167
  0.62760791076434919  0.63877145564869975  0.64918011008560872  0.65841604286693101
  0.66815144927669157  0.67674410853400879  0.68730375714639880  0.69822244614119588
  0.70919086251411212  0.72045764702519233  0.73131083035062339  0.74341943863751603
  0.75518993794939282  0.76662755412635097  0.77832513237454659  0.78976830315289315
  0.80163195871115223  0.81260377200486833  0.82342553515781769  0.83438731899026175
  0.84409847014429729  0.85355680807420109  0.86362852707640136  0.87357155988997137
  0.88408925232044644  0.89463826356520748  0.90496929637470358  0.91520564438866947
  0.92471796444012622  0.93384735362222149  0.94352244096077464  0.95347738742447363
  0.96475221321822502  0.97608514779123767  0.98751186369015675  1.00000000000000000
 -0.00195368723411031  0.00974496957188416  0.01866887196741497  0.02796627060019318
  0.03653754270513696  0.04615563966978810  0.05557253405532930  0.06552146018915629
  0.07605106602224392  0.08664447724953449  0.09845301070171490  0.11036971129287465
  0.12336396789240212  0.13413329736741289  0.14450397343778765  0.15442332040141821
  0.16419134871268265  0.17249546598087567  0.18103504582442684  0.19006289948009572
  0.20047026107956706  0.21260093778287473  0.22541124744950050  0.23787228107989267
  0.24977427712189881  0.26178608165388606  0.27406486694538046  0.28547387175882682
  0.29541542507619062  0.30541516822094289  0.31545731292964729  0.32604625739080101
  0.33768908528793395  0.34874489239823758  0.35991623417181878  0.37102817989877152
  0.38201883885338711  0.39302143058022343  0.40364484071662721  0.41409931331791477
  0.42445489918508306  0.43508446403765033  0.44628580355390846  0.45775733664792734
  0.46915717563333387  0.48056450945932944  0.49207528140147039  0.50350002735396082
  0.51443477830257511  0.52443775458769670  0.53332628961990636  0.54177770132661007
  0.55094488768670113  0.55985127509125421  0.56955098677802896  0.58001498518796879
  0.59062287701604077  0.60179047069890834  0.61326987282414136  0.62441017594343939
  0.63502141513489085  0.64497754885918690  0.65488920172232801  0.66579716308770676
  0.67787790280884053  0.69032591066614757  0.70220058655289175  0.71302725478929729
  0.72350679315427435  0.73422581753278682  0.74522774202473141  0.75495177184895901
  0.76392528387307479  0.77321080779780704  0.78331796431295520  0.79381969948556874
  0.80414195056407345  0.81452092036834123  0.82534349354386560  0.83712022418115817
  0.84911492497155416  0.86068963806647536  0.87149332509648370  0.88120037373879723
  0.89029726802766196  0.89913453935398302  0.90799551318074601  0.91688791583752949
  0.92601021810654705  0.93463248613325633  0.94437705353146617  0.95446944478099260
  0.96473861576188025  0.97617530017538967  0.98823388888509567  1.00000000000000000
 -0.00231792811205039  0.01065657886398336  0.02223417093070303  0.03424901556888428
  0.04560051592088365  0.05644296657257813  0.06718281089749344  0.07906683370162351
  0.09093643388372329  0.10226960963904015  0.11273364356445835  0.12306509648759978
  0.13385021988218651  0.14437815275501131  0.15542443803629910  0.16631728533945686
  0.17655851482359186  0.18666350751187993  0.19698661344451299  0.20822163963062140
  0.21980261317373420  0.23003206159401363  0.24091283508703645  0.25215010244828590
  0.26251961441295035  0.27259978910198002  0.28253320712875279  0.29205016701069725
  0.30068606934673370  0.30953787002444977  0.31971415966667815  0.33027176482472054
  0.33938578786056950  0.34725997328129327  0.35629481541243996  0.36524603127457606
  0.37585608742474724  0.38613761020559401  0.39596042098059375  0.40495021051232938
  0.41431749290831721  0.42457629638180316  0.43600889624132744  0.44726896559956220
  0.45705906774964716  0.46689235925999445  0.47662510990037427  0.48616296335699333
  0.49520049392489640  0.50401051801528529  0.51338858807549415  0.52346987065169914
  0.53404400632332594  0.54511658127593043  0.55551083466711193  0.56496659386873127
  0.57479074717346967  0.58592876562717089  0.59832798814539967  0.60974312264675212
  0.62052794235545428  0.63139254085735375  0.64125154007501861  0.65176184647365187
  0.66078036000055285  0.67158949144975721  0.68345039580441436  0.69576875338605471
  0.70834697927179546  0.71988807746804384  0.73163307902464403  0.74432572139951525
  0.75671500359779398  0.76801318860169254  0.77869138501662882  0.78907388298070347
  0.79974886703659720  0.81091961891243236  0.82219231916057967  0.83410757359500998
  0.84568131954769743  0.85683645219842597  0.86747299679865542  0.87818588018663601
  0.88953074186210213  0.90143123563769811  0.91273439970147718  0.92382085561110627
  0.93445769076353691  0.94523710791982551  0.95618582205436031  0.96596234654202484
  0.97448564949914485  0.98262802239786173  0.99087378000943360  1.00000000000000000
 -0.00388258124438573  0.01935533988939642  0.03937421115895815  0.05971855989717743
  0.08076627654055583  0.09956252652031340  0.11581081807439175  0.13097300431956824
  0.14524711609954438  0.15868248992862777  0.17207860782216347  0.18679291132826406
  0.20164978725408050  0.21441262102823733  0.22594411551692664  0.23692156985703886
  0.24801009927287510  0.26119864636017354  0.27484616177667204  0.28742017829089994
  0.30000340900848499  0.31317416213486160  0.32577769512368904  0.33789851725372455
  0.35189741412935360  0.36557795376732660  0.37882187616783342  0.39186436869827879
  0.40589712250075716  0.42048542640366937  0.43407959020178505  0.44654746981803084
  0.45798508492929163  0.46904626087919277  0.48117273329011878  0.49375549658545004
  0.50482265294975859  0.51473163028017066  0.52506335848677754  0.53581010436900800
  0.54749048913380383  0.55828179583908777  0.56990275172365645  0.58096542585159017
  0.59165254267857126  0.60137111933737519  0.61119082279195047  0.62053881463639748
  0.63042863249845060  0.64085999914467962  0.65192048045772477  0.66282382868475065
  0.67364949636355609  0.68475663827964439  0.69534392255619526  0.70520525240444853
  0.71470016478507825  0.72374661627659298  0.73258409288807225  0.74082504303935670
  0.74945367800507334  0.75886900491752196  0.76868794557954090  0.77758054970416601
  0.78636759684330415  0.79481688081983171  0.80351503063909535  0.81143601929018461
  0.81943739705519203  0.82749589975230664  0.83592648837314953  0.84465841639102635
  0.85270949494074111  0.86010379252095748  0.86683276283587540  0.87394110164151084
  0.88152969521197699  0.88985596454787208  0.89850677540382695  0.90706720686116349
  0.91597312288548827  0.92398338531925484  0.93114849895421881  0.93725780228660460
  0.94339045115257358  0.94975175329010697  0.95644267417076412  0.96300851269713927
  0.96869706263680533  0.97388382434482701  0.97930065683365930  0.98354658156416275
  0.98804291118688958  0.99229288814861316  0.99621592556411898  1.00000000000000000
 -0.00269127378887233  0.01012222559545214  0.02089985532310239  0.02854463141945529
  0.03584767030312613  0.04277855432862192  0.05043090069730465  0.05920626836356827
  0.06943994614400688  0.08035822426440808  0.09259974740170485  0.10434432313985581
  0.11575950489299672  0.12653802452295504  0.13555022341108505  0.14397287975543341
  0.15341785820062978  0.16461968545367356  0.17618485560662897  0.18739529973706576
  0.19806259503022411  0.20791947564049193  0.21693068435026722  0.22584943387104628
  0.23577881234574732  0.24564183550323165  0.25629968862695757  0.26764578058289479
  0.27890887454043756  0.29070903826362182  0.30245516053350868  0.31405070815027014
  0.32509102424893321  0.33657222967608258  0.34893326048476486  0.36106484499710045
  0.37161781481266115  0.38149459806900310  0.39041069567299924  0.39923027012903467
  0.40846328178181923  0.41932430318522684  0.43216953895964705  0.44539942324125992
  0.45764250894565378  0.46811363074252221  0.47733770906799561  0.48745301131482399
  0.49836764223519814  0.50985808854244119  0.52083988632198575  0.53231685018282016
  0.54301573313906559  0.55290182760978301  0.56261809110418559  0.57267969534803476
  0.58303753384429113  0.59343674883388098  0.60358538870290246  0.61338782971492067
  0.62340374475843530  0.63419419292390811  0.64572454356894105  0.65791714529260836
  0.67024369487023938  0.68240291720654711  0.69401890974143188  0.70550872266148801
  0.71588667238188852  0.72497968333685647  0.73380808774924633  0.74287407440033870
  0.75318547710523842  0.76317537739788333  0.77290663921564029  0.78149089125978788
  0.78995699523676655  0.79844207192138350  0.80805045073498261  0.81783156796014578
  0.82872897972467063  0.83982890119002607  0.85014679933755999  0.86018520810018151
  0.87108228459288739  0.88309286943605914  0.89579989058766896  0.90881837493129580
  0.92149769337532139  0.93404606639939003  0.94566627043084073  0.95743941396107868
  0.96864222963118851  0.98001756328200951  0.99017506836550440  1.00000000000000000
  0.48224791643849024  0.49386233710113614  0.50892033066354880  0.51963747428717322
  0.54220849085137635  0.55605700002795766  0.56290859131303361  0.57126965341648461
  0.58050402581376992  0.59076480745175930  0.60129691958353015  0.61298437218427670
  0.62426934214659624  0.63234955535488779  0.63926951552740630  0.64613629322516408
  0.65276672030312077  0.65961936953481837  0.66840519484262073  0.67518572535939070
  0.68094006512081762  0.68700745555989395  0.69286564503625947  0.69849355636013588
  0.70431171368468426  0.71037765726022017  0.71582189680510433  0.72116581889163456
  0.72669527307073600  0.73294518589700786  0.73921921255030831  0.74522038020543646
  0.75064251663079296  0.75527717386146853  0.75958745268325978  0.76416530237667724
  0.76872032252673728  0.77308692454787176  0.77772421329105135  0.78246808425075254
  0.78748953828345203  0.79230540282179529  0.79704211164815619  0.80140945918332318
  0.80601246762978718  0.81106002207542682  0.81637299515135520  0.82117972274996132
  0.82551488635464054  0.82977292119850810  0.83400715419185145  0.83825869966652022
  0.84264361107710406  0.84681400267743001  0.85068567144420393  0.85421457213906793
  0.85746622877718448  0.86106524846342991  0.86480070447184598  0.86857637702377188
  0.87225075919457640  0.87582481748806107  0.87946592927172917  0.88304744596604146
  0.88658404172705252  0.88998221219046392  0.89325930612920579  0.89663668569328747
  0.90038649980582908  0.90406731568416976  0.90760795713099707  0.91111463624244993
  0.91474046676418397  0.91847844062024475  0.92228358859256832  0.92604510726055866
  0.92969944441756258  0.93329697348430896  0.93653839619942802  0.93986557640137103
  0.94335703216497391  0.94693829472429503  0.95046632877899961  0.95389670189077624
  0.95734755545492045  0.96062609173701052  0.96416600070354619  0.96765586240271917
  0.97135707272026617  0.97509100530273252  0.97890682434388443  0.98278529773641099
  0.98674164893963345  0.99088610255222720  0.99528898017366996  1.00000000000000000
 -0.01632305608249520  0.08096242827461901  0.10094125274123772  0.11582073539161632
  0.13032939805954177  0.14117490539388863  0.15138713701137163  0.15984974967853999
  0.16718779369344836  0.17404837308335838  0.18091996111593656  0.18812250438831463
  0.19604900331706065  0.20476583862561198  0.21277444517058794  0.21950620688802747
  0.22511004488651731  0.23022572319179629  0.23526101837636207  0.24041335022642651
  0.24618898898326219  0.25218263139360597  0.25791296579975109  0.26405375554439375
  0.27052488079960763  0.27704537088740666  0.28349169091767767  0.28973796196356760
  0.29587979839750062  0.30222928736063071  0.30899658421322213  0.31568545377094082
  0.32199713643782329  0.32817842034172362  0.33433657635375652  0.34027526079966058
  0.34621397777813762  0.35171231625437799  0.35697259001501230  0.36140461905381771
  0.36559887972831789  0.36977875001271598  0.37401402612401691  0.37841820315435476
  0.38374448079009205  0.38931444089038098  0.39454262493646947  0.39991272463479788
  0.40551725999870025  0.41127138312466166  0.41719454637070014  0.42351806747314780
  0.43017163652672791  0.43719952713629362  0.44416528159231999  0.45066165242609924
  0.45688598904085942  0.46317444553777343  0.47053028928789026  0.47793642055436836
  0.48518091190421492  0.49219662704661737  0.49877073666974042  0.50592378858442544
  0.51343019735982376  0.52070505443383208  0.52813568719869430  0.53534813629387634
  0.54230856899820434  0.55070829567293800  0.55881071076478905  0.56678255605117089
  0.57482502807146896  0.58340040890565292  0.59233345356950673  0.60136803110427572
  0.61017778980829318  0.61906715895951525  0.62822452886959868  0.63758509205141867
  0.64715025097611178  0.65677527764250332  0.66684795981584588  0.67790350783863396
  0.68903832772535933  0.70077333512355378  0.71299245093776720  0.72596702762620291
  0.74005769907314334  0.75596364022351947  0.77303640085369274  0.79141630345257574
  0.81376363003625085  0.84406753178202221  0.88151680963876178  1.00000000000000000
   1.2024572408944899E-006  -1.0000000000000000     
 F F F F F F F F F F F F F F F F F F F F F F F F F F F F F F F F F F F F F F F F F F F F F F F F F F F F F F F F F F F F F F F F F F F F F F F F F F F F F F F F F F F F F F F F F F F F F F F F F F F F F F F F F F F F F F F F F F F F F F F F F F F F F F F F F F F F F F F F F F F F F F F F F F F F F F F F F F F F F F F F F F F F F F F F F F F F F F F F F F F F F F F F F F F F F F F F F F F F F F F F F F F F F F F F F F F F F F F F F F F F F F F F F F F F F F F F F F F F F F F F F F F F F F F F F F F F F F F F F F F F F F F F F F F F F F F F F F F F F F F F F F F F F F F F F F F F F F F F F F F F F F F F F F F F F F F F F F F F F F F F F F F F F F F F F F F F F F F F F F F F F F F F F F F F F F F F F F F F F F F F F F F F F F F F F F F F F F F F F F F F F F F F F F F F F F F F F F F F F F F F F F F F F F F F F F F F F F F F F F F F F F F F F F F F F F F F F F F F F F F F F F F F F F F F F F F F F F F F F F F F F F F F F F F F F F F F F F F F F F F F F F F F F F F F F F F F F F F F F F F F F F F F F F F F F F F F
  <DiscreteSampler_grid>
  grouped_processes
  1 # 1 for a reference and 2 for a running grid.
  10 # Attribute 'min_bin_probing_points' of the grid.
  1 # Attribute 'grid_mode' of the grid. 1=='default',2=='initialization'
  0.0000000000000000 # Attribute 'small_contrib_threshold' of the grid.
  0.5000000000000000 # Attribute 'damping_power' of the grid.
 # binID   n_entries weight   weight_sqr   abs_weight
    19   10   5.906761927144964E-005   1.379459184831152E-008   5.906761927144964E-005
    20   10   5.906761927144969E-005   1.379459184831155E-008   5.906761927144969E-005
    22   10   1.521973095817383E-005   9.145439291537857E-010   1.521973095817383E-005
    23   10   1.521973095817384E-005   9.145439291537873E-010   1.521973095817384E-005
    25   10   4.803672932439126E-005   8.910434506428756E-009   4.803672932439126E-005
    26   10   4.803672932439128E-005   8.910434506428773E-009   4.803672932439128E-005
    28   10   1.087321089866032E-005   4.506976068198705E-010   1.087321089866032E-005
    29   10   1.087321089866032E-005   4.506976068198713E-010   1.087321089866032E-005
    34   10   5.906761927144965E-005   1.379459184831152E-008   5.906761927144965E-005
    35   10   5.906761927144967E-005   1.379459184831154E-008   5.906761927144967E-005
    37   10   1.521973095817383E-005   9.145439291537849E-010   1.521973095817383E-005
    38   10   1.521973095817384E-005   9.145439291537865E-010   1.521973095817384E-005
    40   10   4.803672932439126E-005   8.910434506428755E-009   4.803672932439126E-005
    41   10   4.803672932439126E-005   8.910434506428765E-009   4.803672932439126E-005
    43   10   1.087321089866032E-005   4.506976068198705E-010   1.087321089866032E-005
    44   10   1.087321089866032E-005   4.506976068198713E-010   1.087321089866032E-005
  </DiscreteSampler_grid>
