  0.00000010469136257  0.00000014532343277  0.00000017979474249  0.00000022150002487
  0.00000026386382217  0.00000031555798164  0.00000038359942628  0.00000047292935714
  0.00000058483790631  0.00000069875466741  0.00000079263415500  0.00000089046574696
  0.00000099253820754  0.00000112557744749  0.00000131742694542  0.00000154188218888
  0.00000180793868741  0.00000209961798805  0.00000244167737015  0.00000284518655950
  0.00000328962243632  0.00000381211565433  0.00000442448683829  0.00000513918931209
  0.00000601935702900  0.00000707822858444  0.00000830593177138  0.00000971132084479
  0.00001130397365320  0.00001302352965614  0.00001488799069240  0.00001694994988200
  0.00001936033129418  0.00002227663417591  0.00002551742657527  0.00002907456937894
  0.00003297589442410  0.00003720303052753  0.00004184644752132  0.00004706072712773
  0.00005291261318458  0.00005933367199829  0.00006622102685506  0.00007387598174650
  0.00008237409032305  0.00009158927160692  0.00010109757165594  0.00011109827226414
  0.00012215229410418  0.00013417362831580  0.00014761772112783  0.00016182794428270
  0.00017763139373754  0.00019372710136451  0.00020985959248896  0.00022697805864947
  0.00024583724634332  0.00026669425411576  0.00028931375958965  0.00031320955634746
  0.00033811865296595  0.00036594846471825  0.00039779925825661  0.00043345007795243
  0.00047770508522433  0.00052245374647824  0.00056868364372360  0.00061742706571270
  0.00067135485605267  0.00073354793259349  0.00080723133778136  0.00089884663928965
  0.00100645547585344  0.00112633003748366  0.00125685281175285  0.00141508295290188
  0.00155650493133153  0.00169863301093774  0.00187138574623611  0.00204548779570480
  0.00224903688104944  0.00249096447687239  0.00277881336220112  0.00312240139606479
  0.00354719102776413  0.00396958408419979  0.00440466807590448  0.00480682524950268
  0.00523743462320500  0.00568156945727566  0.00609851839035962  0.00683581039704477
  0.00868361578482914  0.01243279185857815  0.16863303500229695  1.00000000000000000
  0.00000178115996226  0.00000189230105516  0.00000203047632653  0.00000214555389568
  0.00000225043109444  0.00000234417690647  0.00000244322006882  0.00000254186765870
  0.00000263718426568  0.00000274002413516  0.00000284284823356  0.00000295623086283
  0.00000308194397105  0.00000320477420683  0.00000332383642789  0.00000343629222780
  0.00000356132144030  0.00000369295285306  0.00000382499566257  0.00000396083889045
  0.00000410532079302  0.00000426234930681  0.00000443586705039  0.00000461923001875
  0.00000481231675520  0.00000502267291193  0.00000522089890151  0.00000542731765314
  0.00000565611704558  0.00000590675671732  0.00000617406479196  0.00000645312789844
  0.00000675534088237  0.00000708257105431  0.00000740256134547  0.00000774514847423
  0.00000811438986601  0.00000849224693606  0.00000887422770379  0.00000939146748719
  0.00000989998552206  0.00001044912223961  0.00001104070433657  0.00001164951467539
  0.00001228649739365  0.00001301157717298  0.00001371415005255  0.00001445343759206
  0.00001521249841633  0.00001598768765109  0.00001678911331593  0.00001772852291312
  0.00001868360886346  0.00001975661592756  0.00002088181872942  0.00002208972795587
  0.00002342103303304  0.00002485736708037  0.00002641524809515  0.00002809594306928
  0.00002986121190752  0.00003181720310531  0.00003396507748346  0.00003621950095242
  0.00003865548811078  0.00004131556973873  0.00004422634498708  0.00004748207068082
  0.00005111269937337  0.00005520770406253  0.00006032877151656  0.00006640661513765
  0.00007311069241197  0.00008091312636667  0.00009018501377758  0.00010118294327567
  0.00011344249252798  0.00012180568111136  0.00013069627417078  0.00014085003489999
  0.00015083308216056  0.00016392201166071  0.00018497624636312  0.00021406237700849
  0.00024675610966466  0.00028475650406872  0.00033253849600714  0.00039395775209928
  0.00049033665157104  0.00061944866172721  0.00079011297377551  0.00111721439479615
  0.00192566055878980  0.00541205512173082  0.06780998920310528  1.00000000000000000
  0.00000166012417236  0.00000178238525080  0.00000193999041055  0.00000207097842910
  0.00000219410277451  0.00000232302889636  0.00000246423344108  0.00000261472040147
  0.00000276894490361  0.00000292740409936  0.00000308966068901  0.00000325748955248
  0.00000342127400088  0.00000360801634884  0.00000379970482537  0.00000400927380895
  0.00000425897013547  0.00000452238761995  0.00000474070324861  0.00000497082237040
  0.00000520614174382  0.00000546666953081  0.00000574080064426  0.00000619046189281
  0.00000667342771160  0.00000715697887109  0.00000765161646274  0.00000814868596817
  0.00000867021592317  0.00000922681807496  0.00000980029005603  0.00001041667058024
  0.00001109758347964  0.00001183587492715  0.00001262011926481  0.00001343740599104
  0.00001429252890924  0.00001522729377720  0.00001623113171254  0.00001731179332804
  0.00001851879863463  0.00001983344638223  0.00002127375157940  0.00002273829352788
  0.00002428758770643  0.00002587940992656  0.00002764699054324  0.00002948783370652
  0.00003162798912569  0.00003386743355691  0.00003621497187050  0.00003863447704196
  0.00004113118743435  0.00004374791602128  0.00004654674399842  0.00004962770593330
  0.00005303353564074  0.00005675506299359  0.00006091301236237  0.00006554117449480
  0.00007042616489469  0.00007547863819444  0.00008077985115867  0.00008682042490132
  0.00009322683170695  0.00010053965308811  0.00010854795710253  0.00011860647584855
  0.00013029118895566  0.00014394155402390  0.00015758634221034  0.00017168200855488
  0.00018628856542560  0.00020009500718067  0.00021405884803658  0.00023027117194951
  0.00025080714975371  0.00027271047502331  0.00029508542212007  0.00032120438416816
  0.00034939459912905  0.00038695850015194  0.00042626198835422  0.00046707989147436
  0.00050873859776180  0.00056267792382123  0.00063421315279278  0.00072272375120168
  0.00083305381671527  0.00097509895292558  0.00112659312529357  0.00133888824764388
  0.00160262136890577  0.00187848199704969  0.01639066622916703  1.00000000000000000
  0.00000129867213505  0.00000160256716923  0.00000203543833229  0.00000251836052598
  0.00000294926659795  0.00000332236030510  0.00000374692983653  0.00000421199214716
  0.00000470878307866  0.00000521135810143  0.00000570827990601  0.00000620481231659
  0.00000673634859201  0.00000729330186392  0.00000785525938578  0.00000845389613050
  0.00000910273193857  0.00000979803280883  0.00001053396822685  0.00001127109919070
  0.00001201662232729  0.00001278809958354  0.00001358037020626  0.00001441876054694
  0.00001533437340313  0.00001633778944028  0.00001746352682339  0.00001869327004262
  0.00001999966535304  0.00002144503373162  0.00002292240850964  0.00002463800729759
  0.00002648077682923  0.00002851180128670  0.00003071203329040  0.00003310565155872
  0.00003574374724626  0.00003866933809313  0.00004178943007776  0.00004493489260483
  0.00004816776963110  0.00005144368053741  0.00005501477735398  0.00005882447906792
  0.00006280199805117  0.00006699891165526  0.00007143964827269  0.00007614927547648
  0.00008115279209133  0.00008639142870540  0.00009228213232744  0.00009914917121755
  0.00010637921048843  0.00011405664138910  0.00012185063777810  0.00013022670372311
  0.00013950244413543  0.00015006709370826  0.00016203175321473  0.00017475108578903
  0.00018704166366761  0.00019960174144143  0.00021361929907783  0.00022982933451240
  0.00024774871646623  0.00026418882773653  0.00028128066701379  0.00030028779180908
  0.00032057140921614  0.00033968854417954  0.00035951612222578  0.00038094990248700
  0.00040217584424392  0.00042548324543093  0.00046020510173955  0.00050015140019410
  0.00054730995718715  0.00060576658791719  0.00067208832925873  0.00073042786713680
  0.00078782773367836  0.00085009242045707  0.00092066473210314  0.00103528785479685
  0.00118934410945214  0.00135219484711111  0.00155066670506224  0.00189102604405105
  0.00222359981140001  0.00257047317635124  0.00305698255335453  0.00371065644742349
  0.00429821850574905  0.00523905821454348  0.27175676216671929  1.00000000000000000
 -0.00269068111522563  0.01039500554656113  0.02185584570535367  0.03299852545904795
  0.04398928239678276  0.05463131309233967  0.06549461126694094  0.07694949180182284
  0.08851781272767667  0.10004398541642084  0.11151234769071947  0.12331269429472276
  0.13470007637372047  0.14610863345984615  0.15731048678949586  0.16902101082170515
  0.18017322952364351  0.19156449326001421  0.20277166061703886  0.21430719119059377
  0.22640071714291418  0.23554777885032155  0.24337779512715549  0.25137783223717025
  0.25928291153686461  0.27037411775868270  0.28305643527686236  0.29509918946542052
  0.30679919623557994  0.31899956466021884  0.33150045307071785  0.34368185201171508
  0.35568691989307377  0.36762927749391894  0.37962280321059094  0.39182370047844184
  0.40410032432657073  0.41632183385069554  0.42766999984057263  0.43852762276454477
  0.44890454051261525  0.45960129652788345  0.47091780876003270  0.48297877831875519
  0.49452724579078167  0.50581775860381084  0.51641793805468406  0.52719662025815250
  0.53772290001871792  0.54812509835315204  0.55892166577620428  0.57028610766487564
  0.58203608659458750  0.59287740387456589  0.60271615514307642  0.61229700664365350
  0.62242102996497595  0.63390206574085162  0.64585772582056156  0.65749370610201585
  0.66889069568776494  0.67982789502537477  0.69099902420247705  0.70046771199108659
  0.71097629107778715  0.72193774876228856  0.73332768211193911  0.74385642535633278
  0.75394405421159960  0.76395222859181133  0.77390700975389159  0.78333349194377533
  0.79225480050800401  0.80103754934304183  0.80929308081268525  0.81682283612992912
  0.82435083678183629  0.83194641654993329  0.83973157229280881  0.84761978523620762
  0.85530560657360821  0.86364827391712506  0.87208627832608998  0.88120043581672625
  0.89069335345948653  0.90090942788736150  0.91300497859410246  0.92514007281308219
  0.93581518922479279  0.94487498136365289  0.95415720760361200  0.96380063859522214
  0.97303728445401294  0.98158205408296351  0.99020158962092775  1.00000000000000000
 -0.00218818775725275  0.00927716299127939  0.01952373059911132  0.03041923798940720
  0.04147530557247842  0.05250940375670291  0.06372494940867601  0.07544152519008693
  0.08729834102175381  0.09923382432063978  0.11147389993324919  0.12406600133042643
  0.13655355726793331  0.14883981315616188  0.16101895843297642  0.17258471502060474
  0.18366384461899396  0.19445149008539353  0.20506891797701682  0.21599433962033807
  0.22652260978118635  0.23629760747494746  0.24546425895374266  0.25500831346516972
  0.26516181385949344  0.27550826525927441  0.28452746840102761  0.29318555047732592
  0.30274118276821349  0.31369481040619190  0.32535894173325092  0.33665856487040019
  0.34859370992973249  0.35997137890071601  0.37056947370716115  0.38051507302513854
  0.39054567835915255  0.40066283801093283  0.41166463627694494  0.42270891459860377
  0.43372875241917780  0.44454564124584245  0.45503350174213308  0.46538707670957241
  0.47577527904235578  0.48667864725907728  0.49759740396322133  0.50851075203372997
  0.51953785500095351  0.53055743540752986  0.54179108433044265  0.55305404267204639
  0.56433770384870896  0.57448122961316750  0.58414058340008601  0.59400497866585777
  0.60506384087237042  0.61647013926451644  0.62759366546205064  0.63794082915552175
  0.64882348672792811  0.65971088832449221  0.67049543859479599  0.68076913864871780
  0.69146778758791083  0.70264159498540957  0.71455528330319806  0.72577523938269695
  0.73499458391640871  0.74120263529047115  0.74731484575070162  0.75355389711294407
  0.76095891782069824  0.77067194669857397  0.78096895630794572  0.79159725618246557
  0.80268062088240433  0.81355493737061590  0.82399636138103216  0.83423434949733777
  0.84470143742466219  0.85529196174624722  0.86585933309857022  0.87654158443345254
  0.88707982251866713  0.89720400328202321  0.90756966123570337  0.91963409304256882
  0.93284793573841929  0.94350912145734933  0.95221307897254170  0.96046032143046445
  0.96972308346025005  0.97983937368192897  0.98971039389091608  1.00000000000000000
 -0.00191473203396242  0.00927990671593973  0.01981699805261682  0.03152979799926393
  0.04289998493604267  0.05372874348311658  0.06399536419130968  0.07402184135971121
  0.08401766886075790  0.09439048525405795  0.10543616650229125  0.11613815479549895
  0.12750581531650068  0.13877825340931133  0.14959956048885048  0.15972357344413357
  0.16919984957540146  0.17851236940030701  0.18806607097686884  0.19807091003060029
  0.20861535867810621  0.21935682160742095  0.23012358291850149  0.24039398750579741
  0.25091379042104484  0.26208246057178725  0.27371116485320673  0.28563968267103446
  0.29755537556701378  0.30944422987166242  0.32158692659271820  0.33276075976502340
  0.34383280402715777  0.35509380134646468  0.36381500848620846  0.37188131996805290
  0.37975938627513073  0.38726723131734542  0.39548164916683631  0.40514750678758976
  0.41586817126197634  0.42734526586924304  0.44000509699107521  0.45284051584014923
  0.46524083698411811  0.47730983436016944  0.48829643107853632  0.49919870794128307
  0.50975466396440561  0.52061284323231083  0.53162710030241156  0.54129039256056499
  0.55105338416691740  0.56086455979728633  0.57167141559985390  0.58310517368445758
  0.59404480328959319  0.60470802756857611  0.61489690204132885  0.62439627020113042
  0.63318582290062153  0.64214165960419034  0.65187749129562700  0.66133630624338335
  0.67101913144460035  0.68066343729362078  0.69099111898785026  0.70126911130748537
  0.71137986310628420  0.72171393415765395  0.73176497521835426  0.74241051810019731
  0.75293971564706497  0.76502952814998260  0.77683256378841725  0.78742540898336910
  0.79760239201752436  0.80816009790908505  0.81877177826900749  0.82944262649130784
  0.83997031141868317  0.85016885191288805  0.85984044044792984  0.86914370389635665
  0.87943378150547191  0.89075956739997530  0.90127577092805877  0.91146350482789917
  0.92229855267427918  0.93377959521985543  0.94555934837793287  0.95631780910312869
  0.96785998770791648  0.97901196757037334  0.98963235459464494  1.00000000000000000
 -0.00014124964861301  0.00031012211847793  0.00065848888105286  0.00091179480623906
  0.00107965408973509  0.00124634941074802  0.00141202456174080  0.00157359627611728
  0.00173515347425439  0.00189680081923578  0.00204653052224354  0.00219402695321969
  0.00233972520497724  0.00248294483792912  0.00262389393049105  0.00276518926953302
  0.00290705237792712  0.00305393018951534  0.00320288847777559  0.00335556220431310
  0.00352804770495685  0.00370858933576943  0.00388765317648853  0.00404685740592750
  0.00420718254277866  0.00437413549419313  0.00453672733568603  0.00469711116559919
  0.00485030632783267  0.00500402479791983  0.00515866075863429  0.00531151115040918
  0.00546100635230144  0.00561681064069255  0.00579324068007338  0.00597895465513954
  0.00619139617668884  0.00639223797886067  0.00658316277517434  0.00678308100440748
  0.00698191053114501  0.00717828201590490  0.00736691695129118  0.00755869255809741
  0.00774558891518550  0.00790627548804129  0.00808861765317696  0.00829065475517648
  0.00851766086508482  0.00874828829465229  0.00896238372754394  0.00914645025679967
  0.00932422902676566  0.00951131566616410  0.00970788622229935  0.00993935352953881
  0.01027867812181634  0.01062809794484560  0.01094771662407912  0.01129932216497715
  0.01160912065045435  0.01195535266469642  0.01225376967555793  0.01259851863154951
  0.01305982912123115  0.01359209496292085  0.01412318713620084  0.01455416276688534
  0.01509470838029432  0.01566143089665274  0.01627980700746214  0.01668328153707109
  0.01707067307764664  0.01738819981549132  0.01769723543027405  0.01801122910802784
  0.01833752045706594  0.01867729231937728  0.01910753601757980  0.01942367896124285
  0.01975796433649525  0.02009148886872658  0.02038045587661593  0.02091298255551697
  0.02178902509082931  0.02279244257473494  0.02458533740656686  0.02760889629166402
  0.02945062124288647  0.03216591712217596  0.03410653334198425  0.03605476436496376
  0.04198109020855022  0.05495901867511167  0.34398445684883683  1.00000000000000000
 -0.00275918831395023  0.01083296489125656  0.02243396920867590  0.03324789050965041
  0.04402648063263213  0.05384383702978099  0.06376703028234790  0.07407549350563822
  0.08456698559023915  0.09425246815230309  0.10406539811201111  0.11334394290976990
  0.12263480800986193  0.13240488354089047  0.14325648718250059  0.15562224444775732
  0.16763027781793713  0.17958196036523663  0.19036367216313463  0.20100345008045498
  0.21102916863220567  0.22130841628751236  0.23149755788492873  0.24172182483274632
  0.25230367596369563  0.26318727828472588  0.27437639455033913  0.28590028713769078
  0.29838079521609462  0.31169215351327761  0.32355012403730132  0.33484579197008491
  0.34454988281807380  0.35567930525519803  0.36523822621696955  0.37489467995338266
  0.38499720251036607  0.39515427096153083  0.40549655976390586  0.41586467059904103
  0.42653584295114477  0.43681411408920029  0.44654130586781254  0.45630611389226328
  0.46669011340768196  0.47749377697966666  0.48809634315488454  0.49729410033641958
  0.50594025623566863  0.51477100642832996  0.52392621477426116  0.53371628092217382
  0.54361089422050413  0.55324800148286224  0.56311101469258873  0.57411953242833158
  0.58593697446559556  0.59886072426451398  0.61103006011152117  0.62300537368255449
  0.63423560369416387  0.64574044105009942  0.65803956688552312  0.67132178416589561
  0.68484249358584393  0.69700563396515192  0.70839080734163906  0.71998532646080049
  0.73113070068945296  0.74342188918482077  0.75523134099287659  0.76824488682280090
  0.77987845019281410  0.79097611365435938  0.80119486287577402  0.81191188042541163
  0.82228460550349980  0.83239334530096543  0.84177899502446962  0.85150013572079819
  0.86170173967065067  0.87237885201676890  0.88329676176218297  0.89438294102692140
  0.90540012497549061  0.91606482491367947  0.92680269401297055  0.93727611405456390
  0.94733673417597397  0.95420253117824250  0.96059216476084364  0.96694774362453473
  0.97308716858711597  0.98157864388519023  0.99045765002526676  1.00000000000000000
 -0.00012291910044742  0.00011928690894714  0.00037777487339948  0.00066733635099817
  0.00085598233201889  0.00100063132671747  0.00114237291872146  0.00128139235461541
  0.00141458960313245  0.00154782553759466  0.00168109722853105  0.00181188986265522
  0.00194177245450039  0.00205642189216481  0.00216931500282137  0.00227450812834135
  0.00237958261326592  0.00249348085501975  0.00260794948581497  0.00272456934517740
  0.00284575601426511  0.00297373057106523  0.00311372148243365  0.00324699386303823
  0.00337569271618547  0.00350478374202916  0.00363632716274119  0.00375260481988239
  0.00386965336975457  0.00398686522967724  0.00409523164537440  0.00419532839477552
  0.00427851631710431  0.00436105839799459  0.00443648309453673  0.00451190779107887
  0.00460072148486061  0.00469820940840054  0.00480407508009445  0.00494526052283975
  0.00508873419280948  0.00524812640655512  0.00539114532310830  0.00550938302379393
  0.00564252230636752  0.00578658944722042  0.00594346879886001  0.00609828208719898
  0.00622794022297659  0.00634432588933850  0.00645781087431866  0.00657122605166868
  0.00668452399810363  0.00683252410243650  0.00700270408130684  0.00717919577586194
  0.00737288097062186  0.00758668038395033  0.00777342320375659  0.00796179430134919
  0.00818878250740617  0.00844810947646247  0.00874645265194190  0.00901273250413831
  0.00925488608907611  0.00951636626012271  0.00980765219075745  0.01007678839258341
  0.01039871605960875  0.01070091679618448  0.01099902230707411  0.01123679134581275
  0.01149204742897807  0.01177432893243468  0.01212396375637704  0.01234785769419565
  0.01257464536570706  0.01280526521842551  0.01303259945054262  0.01325587050683959
  0.01451199988726406  0.01535217769780839  0.01584837453324431  0.01604913139042188
  0.01619337173338659  0.01633727965422985  0.01652621474740315  0.01681911322050627
  0.01709088720641591  0.01733029083180671  0.01756242301047418  0.01779030526949691
  0.01876687386618447  0.01962032729400835  0.23966583990911527  1.00000000000000000
 -0.00268976463064438  0.00788622788283492  0.01754194345145332  0.02781359832833412
  0.03916978656087453  0.05034819373628849  0.06155210522152098  0.07282725254470369
  0.08424891319665666  0.09591794381946646  0.10831021903555210  0.12106411254202602
  0.13366709129460655  0.14573300763589905  0.15776733552092406  0.16993242751839133
  0.18175328901797430  0.19365987334832757  0.20581097567636814  0.21802810354433738
  0.23037645465926873  0.24276243970551356  0.25495174325827324  0.26663471109443926
  0.27731173762001099  0.28760477156671960  0.29813042753958080  0.30907046573853547
  0.32048077590572382  0.33122997110352570  0.34178958140062704  0.35216359365775596
  0.36281883584110869  0.37360673548377066  0.38462343515192943  0.39549032431894010
  0.40551051968646767  0.41503954770243839  0.42428524909938647  0.43348417656155891
  0.44262757322283802  0.45204376492296716  0.46178768541292409  0.47165624116310018
  0.48139115357371809  0.49052397806813530  0.49959225362037096  0.50848593505557305
  0.51733716913797734  0.52607296546646842  0.53471300625073492  0.54377397419528328
  0.55331981260411633  0.56345464479949148  0.57374792403353336  0.58405329173006026
  0.59438569470865310  0.60491313193515550  0.61619350017705188  0.62784305515242067
  0.63964227045439614  0.65112174897509745  0.66205585508174747  0.67251962165632295
  0.68240803866469457  0.69282042040547576  0.70386732247211348  0.71498989480057507
  0.72593966567913637  0.73632643115196317  0.74685141464466509  0.75798898801077053
  0.76940240119950754  0.77984082454800530  0.78955761585269602  0.79925951963227171
  0.80991701686252926  0.82107416332439409  0.83264827640567363  0.84390191706756645
  0.85554765003513189  0.86606898481842332  0.87562750407118428  0.88491287740122027
  0.89505347080973252  0.90493878609612166  0.91504471619104577  0.92546407686865484
  0.93742482702624486  0.94882453450949655  0.95841382811034981  0.96592644252443538
  0.97379776644007054  0.98163757785055206  0.98948231412087628  1.00000000000000000
  0.57691040962020923  0.58382361796209203  0.59785435596484315  0.61231479205976325
  0.62512414701186747  0.63774301101403785  0.64650460781610308  0.65388711616646855
  0.66496328345947242  0.67648754088538143  0.68507665547934682  0.69234536322745321
  0.69926196942816865  0.70625150028061046  0.71335588887512880  0.71971963241056125
  0.72619047103471690  0.73271797003088934  0.73926599823607642  0.74558255013917840
  0.75197671037578218  0.75722831389319845  0.76223427695537316  0.76732828104077633
  0.77288589840091482  0.77836406535357872  0.78338773998038658  0.78838733081555190
  0.79315982879789704  0.79747237046029795  0.80166088520877810  0.80621004190985324
  0.81132683521040283  0.81633594355860117  0.82107372872566475  0.82592062122996390
  0.83105618066377784  0.83604834976242459  0.84062684163875279  0.84458215160246619
  0.84841569787817661  0.85226794753535196  0.85634357428288344  0.86030940691266000
  0.86413004494344969  0.86783041134532013  0.87170732622745095  0.87582538674925758
  0.87984672184522728  0.88354809189358841  0.88714018458394306  0.89077309549384287
  0.89439864485054188  0.89770238317996209  0.90065188545921171  0.90357234148594234
  0.90655098188143135  0.90981606015983574  0.91311632076948213  0.91624840041146249
  0.91908184095810819  0.92165425064330109  0.92440283706095305  0.92733609602225431
  0.93044399006920464  0.93344050494559716  0.93617946561302579  0.93872101355994797
  0.94113592378152677  0.94356816743125882  0.94601696580804806  0.94848017271620111
  0.95095638765946278  0.95337884936701289  0.95568756180010328  0.95786890382707623
  0.96007886624690164  0.96230932229165467  0.96456958413343663  0.96680334324136252
  0.96899322243094632  0.97115210466711865  0.97322220241359103  0.97523299352566195
  0.97721847605994527  0.97922897250692886  0.98130351986669895  0.98345086448989116
  0.98564038081992900  0.98783204687814397  0.98994201896351197  0.99200245545673404
  0.99398542443745874  0.99584409311191568  0.99789275092522134  1.00000000000000000
  0.00989868220847671  0.13964109652971426  0.17529406456891358  0.20181921193427241
  0.22219116499603239  0.24060958550633679  0.25966115167288156  0.27804701172245733
  0.29495066084010851  0.31002800465126895  0.32503588110400178  0.33928727444699996
  0.35254703317210834  0.36494691253217071  0.37741263986956142  0.38882592597899107
  0.39927178007744396  0.40929719836381689  0.41936595709226626  0.42805690077286002
  0.43503669864786265  0.44222803879424577  0.44915761470240678  0.45718812641927098
  0.46676181816701912  0.47598456975380171  0.48472752473470354  0.49352490443977104
  0.50199479281881387  0.51001025865269900  0.51763478938583962  0.52523114190181097
  0.53244456215804947  0.53999158898251076  0.54719994226972324  0.55410742909404498
  0.56084053338652551  0.56731307785584528  0.57367476676230222  0.57991397208079698
  0.58598526120889571  0.59195575057896510  0.59791843291827362  0.60386788415480164
  0.60983528205462156  0.61588969348847156  0.62176313826216290  0.62754924105848975
  0.63335108647688598  0.63943546604822787  0.64546610377699731  0.65139891685228202
  0.65717744336182471  0.66272119539321517  0.66839538132737752  0.67385223713734677
  0.67922866212597499  0.68453873776439345  0.68988160832543743  0.69539246821816791
  0.70093895163032005  0.70643523083413284  0.71192981108181386  0.71725986464725933
  0.72300628472603534  0.72843978188717640  0.73356155682412227  0.73818772916791953
  0.74248643742533293  0.74683995093530897  0.75145095306117216  0.75627039433556043
  0.76123411548184627  0.76613440236369801  0.77093218148542852  0.77586970980440073
  0.78089746174697150  0.78616465896063059  0.79154083149153065  0.79701257615363863
  0.80275714981991297  0.80893533209211999  0.81568431795038965  0.82249749176480025
  0.82895666011973956  0.83528042956317650  0.84178470637014324  0.84878894295161866
  0.85675227769441620  0.86650789548722296  0.87731139112227119  0.88816337699426151
  0.89946843257076925  0.91284008738532030  0.93285725202067749  1.00000000000000000
   7.4112208618506395E-007  -1.0000000000000000     
 F F F F F F F F F F F F F F F F F F F F F F F F F F F F F F F F F F F F F F F F F F F F F F F F F F F F F F F F F F F F F F F F F F F F F F F F F F F F F F F F F F F F F F F F F F F F F F F F F F F F F F F F F F F F F F F F F F F F F F F F F F F F F F F F F F F F F F F F F F F F F F F F F F F F F F F F F F F F F F F F F F F F F F F F F F F F F F F F F F F F F F F F F F F F F F F F F F F F F F F F F F F F F F F F F F F F F F F F F F F F F F F F F F F F F F F F F F F F F F F F F F F F F F F F F F F F F F F F
  <DiscreteSampler_grid>
  grouped_processes
  1 # 1 for a reference and 2 for a running grid.
  10 # Attribute 'min_bin_probing_points' of the grid.
  1 # Attribute 'grid_mode' of the grid. 1=='default',2=='initialization'
  0.0000000000000000 # Attribute 'small_contrib_threshold' of the grid.
  0.5000000000000000 # Attribute 'damping_power' of the grid.
 # binID   n_entries weight   weight_sqr   abs_weight
    13   10   1.931690677038159E-001   1.802478773598322E-001   1.931690677038159E-001
    14   10   1.931690677038166E-001   1.802478773598336E-001   1.931690677038166E-001
    16   10   4.761330893266893E-002   1.091693284000550E-002   4.761330893266893E-002
    17   10   4.761330893266909E-002   1.091693284000558E-002   4.761330893266909E-002
    22   10   1.931690677038158E-001   1.802478773598322E-001   1.931690677038158E-001
    23   10   1.931690677038166E-001   1.802478773598337E-001   1.931690677038166E-001
    25   10   4.761330893266892E-002   1.091693284000549E-002   4.761330893266892E-002
    26   10   4.761330893266906E-002   1.091693284000557E-002   4.761330893266906E-002
  </DiscreteSampler_grid>
