  0.00000146890541216  0.00000150198155741  0.00000154272009121  0.00000159174043326
  0.00000163373291957  0.00000167238949608  0.00000170958453849  0.00000176173329725
  0.00000181956832744  0.00000188066661008  0.00000194420323825  0.00000201321929621
  0.00000207849892895  0.00000214004170175  0.00000220405382623  0.00000227169609565
  0.00000233803799480  0.00000240058392121  0.00000248419357903  0.00000256940925285
  0.00000266100940435  0.00000275458202442  0.00000284632212817  0.00000294353421309
  0.00000305729925288  0.00000318310345252  0.00000330647998386  0.00000342693668103
  0.00000355328635275  0.00000368547034369  0.00000383089119303  0.00000398043917336
  0.00000414739586819  0.00000432948346338  0.00000450480326214  0.00000468723164609
  0.00000488205177417  0.00000509232055451  0.00000530935935573  0.00000554750183465
  0.00000579169958505  0.00000601833804863  0.00000623436188298  0.00000645472755363
  0.00000669390968002  0.00000695418176257  0.00000723503097753  0.00000754616750204
  0.00000786541145294  0.00000819925834504  0.00000855936037596  0.00000897637319060
  0.00000947873082321  0.00001000844496593  0.00001055046218850  0.00001114764942046
  0.00001175379134945  0.00001242446649413  0.00001323676852230  0.00001402599158519
  0.00001501104864053  0.00001610640907813  0.00001737931393912  0.00001882579453527
  0.00002043394061355  0.00002217266424705  0.00002399731892355  0.00002607019395971
  0.00002856642304900  0.00003117249029765  0.00003391265695015  0.00003724810469464
  0.00004136718868596  0.00004582331683994  0.00005060447984853  0.00005618750810180
  0.00006321925999347  0.00007255913714670  0.00008446404538856  0.00009883942838162
  0.00011587846330179  0.00013605274795512  0.00015366683205607  0.00017393213205355
  0.00020214374597878  0.00025300585885369  0.00032383915395848  0.00043334237035983
  0.00059216081750580  0.00081071109510298  0.00115222287620215  0.00153224316347026
  0.00216424379496576  0.00376060595365409  0.02344806907435001  1.00000000000000000
 -0.00293017528276243  0.01363933702130137  0.02530770236997264  0.03630922962747599
  0.04694248420771762  0.05850767939498350  0.06981334788262150  0.08053541013303084
  0.09087542375261314  0.10110083815370717  0.11145755558068228  0.12209188410857329
  0.13265077149202104  0.14318758697318107  0.15406311947170648  0.16582245456416991
  0.17859598466139476  0.18988542238877407  0.20051501144588735  0.21106291863333415
  0.22207672324225133  0.23316803467558267  0.24370509735887222  0.25410527430791174
  0.26408137601269854  0.27408503904823034  0.28462015565421928  0.29651470972367794
  0.30768324605730740  0.31724960652467277  0.32640267651416432  0.33469602782215752
  0.34359411851972815  0.35332439938445809  0.36341942183775811  0.37404839438220838
  0.38514380696360956  0.39617280996688625  0.40709340298469621  0.41841294783745336
  0.43025418317062175  0.44171259551967335  0.45188962885279976  0.46179712128823575
  0.47196090268979179  0.48255170169035222  0.49242572037612004  0.50251190113422961
  0.51333990685416464  0.52531503595911166  0.53627478397757899  0.54565775669106453
  0.55457288692726436  0.56405756844654242  0.57621877713793368  0.58968891946767588
  0.60146349785300768  0.61085888363911012  0.61909826318691574  0.62741179242839229
  0.63531860833408071  0.64387452679307045  0.65308941629157047  0.66231502752491189
  0.67176007562075890  0.68134597168815292  0.69193053083571987  0.70310293493451514
  0.71304648797873948  0.72161940472313701  0.73036586523187796  0.73960427916053406
  0.74892405198368583  0.75813056292079994  0.76630944710076543  0.77495470907685038
  0.78459482069146635  0.79512803762656559  0.80677615760956567  0.81838228625588083
  0.83090682115658920  0.84393806937936144  0.85789746455772020  0.87194715118533617
  0.88495892313405355  0.89726878403445165  0.90951056641815520  0.92132630510643554
  0.93223624976585917  0.94182032338724253  0.95114660159252196  0.96098004558860739
  0.97098481547215365  0.98095578797950567  0.99052401733175555  1.00000000000000000
  0.00000356851224655  0.00000423973014825  0.00000468579186231  0.00000507427453076
  0.00000519930779680  0.00000532434106284  0.00000558815932536  0.00000593317167981
  0.00000627768363528  0.00000658542974536  0.00000685607609999  0.00000710907942553
  0.00000736027895183  0.00000762450252715  0.00000793424516846  0.00000826455741336
  0.00000857568687582  0.00000890850691764  0.00000926759144889  0.00000962625826812
  0.00001003175946477  0.00001049736155894  0.00001093975345788  0.00001131123669570
  0.00001167646159924  0.00001205830360149  0.00001252375774139  0.00001304209802106
  0.00001355772111238  0.00001411623844374  0.00001478391247126  0.00001553297912743
  0.00001629873718840  0.00001711535063343  0.00001809788972155  0.00001903506905327
  0.00002011155675607  0.00002126065741485  0.00002254238339232  0.00002406932715414
  0.00002576371489692  0.00002781621703269  0.00003012646582086  0.00003276583434208
  0.00003580694136286  0.00003904800017384  0.00004256103403734  0.00004620679009821
  0.00005023539482361  0.00005455890931410  0.00005949971244548  0.00006508777467343
  0.00007161328382168  0.00007883443914534  0.00008662517704807  0.00009458269584328
  0.00010351468595891  0.00011391251046239  0.00012626113971292  0.00013887223263067
  0.00015205045764969  0.00016663233874276  0.00018384814401502  0.00020274113012550
  0.00022243355149953  0.00024478154584044  0.00027074723381319  0.00030130682606619
  0.00033591730146535  0.00036977134185230  0.00040543238392356  0.00044486130203792
  0.00048911555377118  0.00053985803313519  0.00059562511451846  0.00066446222112586
  0.00075358586150515  0.00084449503253950  0.00093880494816829  0.00105804858854848
  0.00122683001993985  0.00137173269413718  0.00152701652720005  0.00171713196945410
  0.00204912186885846  0.00249541132174035  0.00308566822179723  0.00367091059981344
  0.00433657761155877  0.00492013544025755  0.00568519125666540  0.00731324783460009
  0.01070574992242072  0.02242220921103136  0.05822398901837125  1.00000000000000000
  0.00000076682413098  0.00000432861802813  0.00000484738846734  0.00000534757895096
  0.00000587877803314  0.00000645014259363  0.00000712571635072  0.00000778201053952
  0.00000848304191586  0.00000916759200158  0.00000982994750105  0.00001049948420885
  0.00001123096864729  0.00001207347659068  0.00001311934707071  0.00001421903133898
  0.00001524470744665  0.00001628042821519  0.00001729755983488  0.00001845818046257
  0.00001990229410070  0.00002150172391528  0.00002329324804971  0.00002531142978393
  0.00002760525101226  0.00003014690574469  0.00003276453224105  0.00003546830692320
  0.00003832121862480  0.00004137736067865  0.00004457313174114  0.00004800606444286
  0.00005170607873304  0.00005583832846472  0.00006045364426280  0.00006562780557868
  0.00007121425167757  0.00007737195424232  0.00008410253163177  0.00009123167917304
  0.00009870252632184  0.00010655148891399  0.00011474629901857  0.00012368277757839
  0.00013234241862844  0.00014136866144895  0.00015103506571125  0.00016164441417704
  0.00017370704045626  0.00018744646628959  0.00020309009699966  0.00021924935996487
  0.00023569685102590  0.00025246059783565  0.00027049398620064  0.00028694816465936
  0.00030285671178056  0.00031922047171502  0.00033833853721928  0.00036135786368461
  0.00038555404225415  0.00041236128361668  0.00043822960223800  0.00046448314438136
  0.00049500934227617  0.00052847506040477  0.00056982742715425  0.00061494517782365
  0.00065950989443541  0.00070524860494724  0.00074630283366640  0.00079574765430259
  0.00083844421658929  0.00088918382065141  0.00095159663210743  0.00101197775457488
  0.00108270678071732  0.00116637995154411  0.00126180427690235  0.00137212438708811
  0.00152072674077229  0.00168781616692555  0.00184533628212922  0.00197972075282173
  0.00211750743397987  0.00228221165825102  0.00246537241690657  0.00272770332536782
  0.00292603828873718  0.00325379316249705  0.00360856688956370  0.00434921096235951
  0.00515403480604622  0.00724525241242600  0.01694708599519559  1.00000000000000000
 -0.00069834073561996  0.00836084234333040  0.01704644171664930  0.02569886367733808
  0.03347843924676265  0.04066495059734981  0.04834187566352856  0.05591389088366942
  0.06491805684046104  0.07411241873983743  0.08398149283459118  0.09365272307885307
  0.10307270442392025  0.11231535498501767  0.12248648530156450  0.13296331483061533
  0.14440817260239236  0.15642405749227481  0.16789720077367545  0.17914689915872800
  0.19121275040831531  0.20332830848796657  0.21412665788182753  0.22438384807205622
  0.23640315510766385  0.24996382100735628  0.26209983941890747  0.27284298577977045
  0.28296771824854100  0.29326154597174470  0.30311142131277835  0.31302781853859352
  0.32381582627086702  0.33636256887273308  0.34961054589395024  0.36213082193634566
  0.37385815287701635  0.38500234540551631  0.39588618314822249  0.40711085965945482
  0.41899244244978212  0.43072207392118922  0.44209460313956928  0.45350177186643081
  0.46578454661974555  0.47835463586519472  0.49031818861036414  0.50240526913302952
  0.51412470158811441  0.52545130475744595  0.53678617851548838  0.54780191028034231
  0.55886693335023285  0.57026986191056817  0.58207408674489147  0.59416405983227227
  0.60480793558763657  0.61538795924449219  0.62655375741437358  0.63786293346312761
  0.64867965641896286  0.65815311109406327  0.66848793085771374  0.67913796361592893
  0.69016898336709098  0.70143189557405516  0.71236272698780889  0.72330172598552023
  0.73488541910630012  0.74629117221171981  0.75816406252736390  0.77019551582204759
  0.78192142654520957  0.79277747349579208  0.80286771948242008  0.81267990097432063
  0.82223341655208992  0.83176050594142703  0.84153441006589735  0.85170422606353047
  0.86186971929092338  0.87081292820665113  0.88014405284788866  0.88812900499524983
  0.89693362795420883  0.90678230579909413  0.91654588696809669  0.92510442740383791
  0.93349365726517264  0.94125261437862429  0.95047681604019263  0.96115231833599135
  0.97144766295437801  0.98153711316661207  0.99104578675850474  1.00000000000000000
 -0.00244878841554521  0.01000057389172899  0.02083503136573554  0.03131495653109633
  0.04210928633822543  0.05273497492982362  0.06306379236552420  0.07347221689649919
  0.08419812802300984  0.09556205576027992  0.10727694413365058  0.11835830894154389
  0.12902703019531192  0.13932427234683603  0.14946052851824357  0.16021218832841122
  0.17170726411608248  0.18312777393901841  0.19372558844695842  0.20379982975403610
  0.21452456169149423  0.22551096004103446  0.23679325583818345  0.24782550395481745
  0.25863786447145604  0.26916951165437314  0.27943072196342239  0.28939219012631145
  0.29926211146812248  0.30926282317238374  0.31933609812726582  0.33200796315321585
  0.34463333244415101  0.35691603116763776  0.36826506504307349  0.37979363158401502
  0.39144229347846360  0.40294291243552827  0.41472643351261607  0.42633621844163588
  0.43686915445886015  0.44721956430082394  0.45693859980183466  0.46751808173717269
  0.47745707990885461  0.48718262936824763  0.49641233719608008  0.50646902493925161
  0.51696905969614526  0.52756940808421515  0.53831521014958827  0.54832179647572621
  0.55738621211100958  0.56738193109918822  0.57695859893071966  0.58608991463333615
  0.59523502913027926  0.60442515352126114  0.61388702223158054  0.62269061170298867
  0.63062666150193436  0.63934309903957087  0.64850500483214735  0.65851684475845351
  0.66869167587906631  0.67790781882242945  0.68680027868795712  0.69540795989175974
  0.70503147045489900  0.71659889899041207  0.72792129249757753  0.73770801992931490
  0.74754020317855041  0.75830611680272064  0.77093389833990689  0.78229379962249967
  0.79353309952903606  0.80463285665548967  0.81571428341937013  0.82691221377238155
  0.83733896548077258  0.84804560157490938  0.85845936870524364  0.86984578047485406
  0.88135484280693066  0.89255353752794442  0.90386644420623408  0.91589186368268871
  0.92941322454428565  0.94240196280805111  0.95305107946832568  0.96207196280848772
  0.97087640755880089  0.98062340458414932  0.99060667996788176  1.00000000000000000
 -0.00303253045804270  0.01112099483954273  0.02083112347568720  0.03043873755669266
  0.03994072699853191  0.05072533898268243  0.06228183966679571  0.07266699322163096
  0.08290791718020188  0.09367357842231648  0.10681274546249370  0.11971404760566814
  0.13034704078799692  0.13975341117661275  0.14894008084801391  0.15795977113320100
  0.16918283482733126  0.18157431582151626  0.19307006314234690  0.20342767078512594
  0.21276160901752195  0.22324246860360106  0.23366451404897459  0.24375583757717578
  0.25375260333337191  0.26356817060429327  0.27357825220629645  0.28372176609959437
  0.29326897113547223  0.30273166840618793  0.31261488269291987  0.32278502107759394
  0.33333018595187197  0.34384048307006199  0.35434841732799033  0.36561380113633629
  0.37667728011606239  0.38744624801576344  0.39790948448008795  0.40898164226417250
  0.42075856113475507  0.43293293554512058  0.44452112279405254  0.45447963535913827
  0.46381849315583829  0.47281565623169469  0.48296708433112007  0.49284153412614445
  0.50322574065087455  0.51342061251676430  0.52453905914849663  0.53558183931429737
  0.54708108384051635  0.55831661413900324  0.56910992594745335  0.58040509457444001
  0.59182532022398904  0.60241296536005040  0.61230715893856114  0.62232900291760052
  0.63353775022744319  0.64602394732697033  0.65678011163225358  0.66712450517030741
  0.67710385918967786  0.68789873374696686  0.69914871455360883  0.71107163845855115
  0.72307227345737124  0.73455212006582071  0.74556223658251430  0.75620462833330460
  0.76693213806596350  0.77861073107795542  0.79110940592126766  0.80301780449824089
  0.81332858358243831  0.82241950479213322  0.83131724738448221  0.84007891117258460
  0.84881707578869103  0.85794683034530628  0.86778150171327728  0.87789356651164663
  0.88842199821343470  0.89857333723621546  0.90892404620212397  0.91829721378199380
  0.92668781085097396  0.93482166925539301  0.94378061714630557  0.95318040604664611
  0.96333236298934233  0.97395561613045856  0.98631718402822799  1.00000000000000000
 -0.00186615099825364  0.00859756090553960  0.01716092318522442  0.02628876454914691
  0.03532260810058685  0.04532010310369242  0.05605184002540861  0.06785523765651702
  0.08016251515207293  0.09247181917270331  0.10463553024411949  0.11613841879115416
  0.12650712326094807  0.13591805037801999  0.14581331394057434  0.15662816148295461
  0.16814587754248461  0.17973098957879413  0.19133925319550762  0.19992955033425097
  0.20787654045182183  0.21612946856085605  0.22600272574898164  0.23711225321240095
  0.24761464667285754  0.25773841010750193  0.26746530133063795  0.27715089937724485
  0.28790713177486071  0.29978718158989937  0.31164451340997984  0.32259250007798929
  0.33356855698338733  0.34456609968519841  0.35589467703534794  0.36740698744660610
  0.37944544508912137  0.39180668418057385  0.40285595216278824  0.41417270563559155
  0.42543989485967482  0.43696321085463441  0.44784767800789455  0.45859962593299708
  0.47015974843389563  0.48230420263267482  0.49511782060518167  0.50615219578739667
  0.51677573003014166  0.52806844858308044  0.54036278470060628  0.55215057895768482
  0.56158677562641957  0.57113762923337685  0.58046643111539364  0.59040034307025036
  0.60224364170428446  0.61246018203069486  0.62213283503077066  0.63125688169557337
  0.64049298510653163  0.64966102642415224  0.65901801038157670  0.66853262699127658
  0.67845657079452681  0.68958325721894376  0.70138362583314984  0.71407285324111192
  0.72664914632084665  0.73855381875355486  0.74995365520267643  0.76138860455800861
  0.77223938582149465  0.78223466527299712  0.79190644159411017  0.80151851136927688
  0.81098480448741628  0.82052677156478970  0.83078683255973151  0.84059518229654151
  0.84927170206602032  0.85633649634696496  0.86293112761459045  0.87012255997545851
  0.87861963104412255  0.88816306851247229  0.89890538535418651  0.91158906740689272
  0.92383423861239844  0.93553410288762862  0.94667352370859770  0.95700416408480826
  0.96728721034644538  0.97785595799029401  0.98880315376740435  1.00000000000000000
 -0.00207269057601071  0.00962486130934720  0.01939701934614155  0.03031363745157446
  0.04153415422128191  0.05383301249920980  0.06535595527833922  0.07646181502579323
  0.08679293137551937  0.09588483629227770  0.10454833966950387  0.11284361645474943
  0.12091269091850718  0.12918879156018492  0.13745427769748686  0.14644250221877178
  0.15688901077089634  0.16833103390393914  0.17975392219917577  0.18994277278476407
  0.19865847318889657  0.20683566888379398  0.21528404753586702  0.22419601649092027
  0.23404115828742850  0.24475804563743631  0.25528013604952388  0.26626087355299000
  0.27741707909947511  0.28901840576538684  0.29963453499752962  0.30870561341178854
  0.31762580484771419  0.32690574103472203  0.33686308105235530  0.34690119701136207
  0.35754281384770881  0.37001012975291442  0.38179948719387935  0.39344139266589484
  0.40553525559730613  0.41822542723348238  0.43047281654440084  0.44176556358531249
  0.45245821196729091  0.46265614747858741  0.47235142072035197  0.48137555693893541
  0.48997868444702614  0.49847209179431873  0.50781897206422311  0.51758362349869902
  0.52878460084326129  0.53990541119405322  0.54997195434285318  0.55967775160469391
  0.57020123695814029  0.57957787784119463  0.58873530984463096  0.59794650988810394
  0.60704590581261542  0.61622419547009444  0.62600920798100290  0.63658585901011344
  0.64764525350821001  0.65895671694076507  0.67115255150132169  0.68332270457929678
  0.69528650267721492  0.70636990949094869  0.71639296699688371  0.72615620168589490
  0.73545165473532215  0.74526135265557736  0.75593970710040459  0.76709111431973676
  0.77897758974417997  0.79042158490718228  0.80248820572656021  0.81479813635511955
  0.82726778161725090  0.83951576693954388  0.85087301916190283  0.86155508408321024
  0.87223725094033566  0.88379252952808718  0.89544951429756658  0.90719504282073959
  0.91937780856433615  0.93329219737207281  0.94642801237264296  0.95796659727135658
  0.96878001563502059  0.97895856534158254  0.98943090238976006  1.00000000000000000
 -0.00009138600700052 -0.00002032920636753  0.00016330567785901  0.00046382148100873
  0.00059532009868871  0.00070882033537060  0.00081522039849962  0.00092443651449130
  0.00103783902642339  0.00114487130129922  0.00125183558591939  0.00136224015433789
  0.00146592737271065  0.00156521128672301  0.00165674036369147  0.00174270685829721
  0.00183278650010237  0.00193055441478104  0.00202293609969212  0.00211120517333663
  0.00219846729815417  0.00228606383831943  0.00238392848496023  0.00248341664926238
  0.00258108706960013  0.00267319427782479  0.00275548836148564  0.00284002397156453
  0.00292622644845377  0.00299419272801339  0.00306011786432600  0.00313540972406070
  0.00321452342306580  0.00332256166263287  0.00344131673091314  0.00359168353129145
  0.00375875172830683  0.00393633328559241  0.00411002254419097  0.00427861058871963
  0.00444108054767054  0.00459351738113764  0.00473350715742904  0.00487158476221050
  0.00502911267787158  0.00519088634694208  0.00536118646442424  0.00556001014286990
  0.00576012004797462  0.00598762618431378  0.00629274411348727  0.00674205562205489
  0.00732601279441453  0.00753863218708322  0.00774172043799972  0.00792317602877496
  0.00803253440766275  0.00809533705092013  0.00823133716455139  0.00838495003667218
  0.00848903962553927  0.00854940160031695  0.00860971736735268  0.00867012438815853
  0.00873161686788165  0.00883957333336142  0.00899528713856810  0.00918864135457769
  0.00940049040324486  0.00958585935636593  0.01012959531627951  0.01064376129860400
  0.01110354905657871  0.01151597956098822  0.01192422169563743  0.01274421927821416
  0.01306546383515726  0.01331548080346857  0.01358042755859378  0.01393857483642007
  0.01501010358358686  0.01609373216175078  0.01784467692697131  0.01892768596938385
  0.01919816158819966  0.01946865557086776  0.02015599885508772  0.02206355901584783
  0.02563012568956840  0.02687395643511711  0.02715553594044201  0.02772564720416323
  0.02881836624217398  0.02991108528018473  0.04200890721908419  1.00000000000000000
 -0.00249191872448910  0.00911437427623533  0.01954046580227289  0.02996560892660376
  0.04003950393884726  0.04927049184313122  0.05767729495922504  0.06573061863690517
  0.07283043005656560  0.08021328679672132  0.08765265820225279  0.09569331699876246
  0.10427882595566022  0.11293948173902346  0.12193472346098377  0.13063531890320601
  0.13954218039692626  0.14955913253299644  0.16059519500137562  0.17205343206497739
  0.18308358031641636  0.19346045922075039  0.20378460140374968  0.21470859664990777
  0.22644056748745667  0.23857850977635789  0.25069623104298855  0.26287037004842617
  0.27461428806350185  0.28533908244922757  0.29559874287747301  0.30620604886673741
  0.31708868390561412  0.32755712304103674  0.33802882965332376  0.34925394461720827
  0.36094560145266963  0.37247550790142331  0.38408440337574790  0.39624248632817871
  0.40921757498167777  0.42261212115431113  0.43573079500428619  0.44788011203812894
  0.45922914359608280  0.47127853102283357  0.48508342232988383  0.50026685981696783
  0.51366258965899481  0.52625000016731571  0.53815184845198183  0.55151972675662553
  0.56487368947528571  0.57715265873865307  0.58906242953546817  0.60028207024022306
  0.61082926920244929  0.62073093429546777  0.62966750535941529  0.63914121444887306
  0.64957491900514031  0.66260423598356122  0.67503696920008693  0.68643573484195841
  0.69593550305772744  0.70548622341269029  0.71572098330388989  0.72686451067849822
  0.73833834990211444  0.74979337127949819  0.75994959318263000  0.76935019839329710
  0.77896964877207986  0.78967129541929049  0.80141859336086085  0.81292047712901683
  0.82449866166010044  0.83607895095603524  0.84692020700092785  0.85597972590623983
  0.86436380452016881  0.87300166730292617  0.88262273363949928  0.89328424462787792
  0.90315266558760399  0.91230464742553030  0.92120518855804234  0.93028418371017008
  0.94000420574247745  0.95037861184245520  0.96110765276585008  0.97147838986938750
  0.98047533079363736  0.98735085987261317  0.99338022163041662  1.00000000000000000
  0.17662520405215965  0.72799146656123437  0.73785571366241809  0.74281813969933352
  0.74781908911852291  0.75560700130142222  0.76466780768402021  0.77182432829860015
  0.77649244145644392  0.78113996548319131  0.78638832647603940  0.79050885507048851
  0.79386870450582647  0.79699130834160037  0.79991111864908671  0.80353396436228020
  0.80726476869707586  0.81064275396061136  0.81368498918624499  0.81663342417673823
  0.81970340298783539  0.82281124002382044  0.82600096029600756  0.82938114467370283
  0.83300787070275850  0.83649126110206062  0.83959754977080758  0.84236112886862424
  0.84503836112532948  0.84765358656489742  0.85054710239636278  0.85396635122478237
  0.85757093034203247  0.86088135233111451  0.86387325119168656  0.86667958435354975
  0.86961601406323619  0.87291746821404614  0.87622806180010071  0.87916134145081193
  0.88189492782109846  0.88452653720260987  0.88707973400773921  0.88972646884847373
  0.89222606009743854  0.89483315658439566  0.89745789577773882  0.90010766713783952
  0.90265801400869938  0.90512793592055663  0.90747788201734769  0.90979568805400934
  0.91203479468050874  0.91423145842204701  0.91651205444928008  0.91889221145070021
  0.92138947088239642  0.92386158021914377  0.92615961499402388  0.92854607550017221
  0.93086201779250011  0.93322820285485519  0.93557808846307888  0.93785393647646753
  0.94004002338640102  0.94214055694412091  0.94424538964549098  0.94637639409266350
  0.94844820035707467  0.95051132224681989  0.95258806637893689  0.95475310379697942
  0.95690393950073327  0.95895839103687752  0.96097918257158788  0.96296024273122005
  0.96487333791880991  0.96666562393094591  0.96842364725960062  0.97020294264968843
  0.97202099657983954  0.97379878695021715  0.97551134592874833  0.97724638775145067
  0.97906319386202945  0.98086958695733129  0.98277135337743826  0.98476747688783040
  0.98671970158770517  0.98853134906152595  0.99033754277842134  0.99211615254028152
  0.99392154928171161  0.99574220329265051  0.99778795966624489  1.00000000000000000
  0.05731448242924398  0.08038109389432849  0.09543507106847041  0.10719288911153656
  0.11826364617786989  0.12887117347249349  0.13856184068206520  0.14799571179850435
  0.15775015629240385  0.16502208856882192  0.16874215403046669  0.17237236835528016
  0.17601025830914480  0.17978448385248499  0.18365133699543360  0.19083968184645889
  0.19746086863532503  0.20219295504546719  0.20582675555403088  0.20947737136727582
  0.21380246952401163  0.21831930112368361  0.22354681605743235  0.22880249663053975
  0.23450032844384605  0.24043785030349873  0.24652443492170548  0.25224858507345538
  0.25780845757851012  0.26330591406776294  0.26869552167480037  0.27374600799095833
  0.28004528922200794  0.28661725883139255  0.29330741533966259  0.29990565888048759
  0.30611792928377674  0.31240871874622017  0.31879441262088487  0.32535743525499705
  0.33188089860156839  0.33847068213491782  0.34515965788086866  0.35184995167210248
  0.35872336356870582  0.36537306756305193  0.37157971166026321  0.37769862943023946
  0.38371143550359932  0.39012630015410665  0.39609168696339858  0.40225417720530177
  0.40856994565795202  0.41513717864666394  0.42161654875984450  0.42803771353167552
  0.43435742398616151  0.44101603604934136  0.44811098886655498  0.45546222115129725
  0.46295730400148888  0.47094671757064943  0.47861413826973820  0.48623173696326838
  0.49300015256817425  0.49979287444479908  0.50742297767692102  0.51548740758478728
  0.52327976677191468  0.53100540133569218  0.53856727584182440  0.54713586735053299
  0.55599311614875413  0.56543514793597782  0.57451863349586774  0.58417366790105063
  0.59276539617331425  0.60120739857756711  0.60972528375084512  0.61878353815971665
  0.62839959632094000  0.63887701037662181  0.64966101600513393  0.66026523029269357
  0.67084758140876599  0.68230581371604970  0.69541258451576926  0.71021884514422717
  0.72345485706066104  0.73641691042609569  0.75326001531416542  0.77406960434398797
  0.79953132652705605  0.82947586657871264  0.86724109168590491  1.00000000000000000
   1.3852241869990145E-005  -1.0000000000000000     
 F F F F F F F F F F F F F F F F F F F F F F F F F F F F F F F F F F F F F F F F F F F F F F F F F F F F F F F F F F F F F F F F F F F F F F F F F F F F F F F F F F F F F F F F F F F F F F F F F F F F F F F F F F F F F F F F F F F F F F F F F F F F F F F F F F F F F F F F F F F F F F F F F F F F F F F F F F F F F F F F F F F F F F F F F F F F F F F F F F F F F F F F F F F F F F F F F F F F F F F F F F F F F F F F F F F F F F F F F F F F F F F F F F F F F F F F F F F F F F F F F F F F F F F F F F F F F F F F F F F F F F F F F F F F F F F F F F F F F F F F F F F F F F F F F F F F F F F F F F F F F F F F F F F F F F F F F F F F F F F F F F F F F F F F F F F F F F F F F F F F F F F F F F F F F F F F F F F F F F F F F F F F F F F F F F F F F F F F F F F F F F F F F F F F F F F F F F F F F F F F F F F F F F F F F F F F F F F F F F F F F F F F F F F F F F F F F F F F F F F F F F F F F F F F F F F F F F F F F F F F F F F F F F F F F F F F F F F F F F F F F F F F F F F F F F F F F F F F F F F F F F F F F F F F F F F F
  <DiscreteSampler_grid>
  grouped_processes
  1 # 1 for a reference and 2 for a running grid.
  10 # Attribute 'min_bin_probing_points' of the grid.
  1 # Attribute 'grid_mode' of the grid. 1=='default',2=='initialization'
  0.0000000000000000 # Attribute 'small_contrib_threshold' of the grid.
  0.5000000000000000 # Attribute 'damping_power' of the grid.
 # binID   n_entries weight   weight_sqr   abs_weight
    19   10   9.427987939940460E-002   4.802356534386810E-002   9.427987939940460E-002
    20   10   9.427987939940460E-002   4.802356534386809E-002   9.427987939940460E-002
    22   10   1.182457845401191E-001   7.249320176645858E-002   1.182457845401191E-001
    23   10   1.182457845401191E-001   7.249320176645853E-002   1.182457845401191E-001
    25   10   1.264639798714044E-001   9.892697597776576E-002   1.264639798714044E-001
    26   10   1.264639798714045E-001   9.892697597776585E-002   1.264639798714045E-001
    28   10   1.648938162709652E-001   1.723665635640664E-001   1.648938162709652E-001
    29   10   1.648938162709653E-001   1.723665635640665E-001   1.648938162709653E-001
    34   10   9.427987939940460E-002   4.802356534386810E-002   9.427987939940460E-002
    35   10   9.427987939940460E-002   4.802356534386808E-002   9.427987939940460E-002
    37   10   1.182457845401191E-001   7.249320176645858E-002   1.182457845401191E-001
    38   10   1.182457845401190E-001   7.249320176645842E-002   1.182457845401190E-001
    40   10   1.264639798714044E-001   9.892697597776585E-002   1.264639798714044E-001
    41   10   1.264639798714045E-001   9.892697597776590E-002   1.264639798714045E-001
    43   10   1.648938162709652E-001   1.723665635640663E-001   1.648938162709652E-001
    44   10   1.648938162709653E-001   1.723665635640665E-001   1.648938162709653E-001
  </DiscreteSampler_grid>
