 -0.00136482987455009  0.00641073949330284  0.01504368657365381  0.02430620371700739
  0.03469258372537573  0.04500164826961756  0.05663314508303241  0.06633463205584622
  0.07584117863676847  0.08534624749021207  0.09413407543112597  0.10500459710840052
  0.11568804558912962  0.12598538072413309  0.13624404093713269  0.14631578333819353
  0.15569629260074488  0.16506307395717126  0.17493715903571924  0.18540364318572128
  0.19652520232598011  0.20624888701150423  0.21614712375763986  0.22555768133951953
  0.23501681293861951  0.24224697350398430  0.24897109797974498  0.25588031990759036
  0.26381312303869647  0.27404683557437759  0.28556632614577976  0.29791863875312657
  0.31108148265056584  0.32379930992560102  0.33535415354398479  0.34569007003855151
  0.35566190176405876  0.36646057850060454  0.37751478889146844  0.38839984370928471
  0.39945265195203039  0.41019249893261939  0.42038863289909711  0.43007141244337693
  0.43927495115757131  0.44916465458072941  0.46015405209025639  0.47142017975508571
  0.48085822267851175  0.48874776000539327  0.49621568237262192  0.50286030866971443
  0.51155608437609323  0.51970317961717338  0.52787866314698684  0.53719118155076129
  0.54709578073445009  0.55729150803887606  0.56872099669277676  0.57914122091046871
  0.58957705653898351  0.60013512294791949  0.61119767936427505  0.62231579317659247
  0.63353200855075675  0.64455367886430770  0.65558517095405988  0.66687289787398185
  0.67813521881091621  0.68929641702706046  0.70003299825135445  0.71124523659072181
  0.72228689369872179  0.73395085027281437  0.74587437187173666  0.75773000028553972
  0.76832774792837477  0.77890777186809312  0.78906922399598955  0.79964702543178734
  0.81056994474032817  0.82180574643678073  0.83408901529429680  0.84709693783078222
  0.86013018496645743  0.87281350881896924  0.88522438209009835  0.89756952199483619
  0.90934734377312498  0.92102196298327266  0.93336400380882345  0.94532788641099541
  0.95740165483400741  0.97016004810923639  0.98420287481669644  1.00000000000000000
  0.00003543850984535  0.00003869282714334  0.00004100511969096  0.00004484929630406
  0.00004976812554000  0.00005446976863116  0.00005938857253451  0.00006339844006117
  0.00006749186521248  0.00007222499977687  0.00007618614714396  0.00008014026273472
  0.00008395074686727  0.00008743812920369  0.00009080790071940  0.00009439252066009
  0.00009822624435017  0.00010234551347616  0.00010678857889921  0.00011039171545990
  0.00011401147797772  0.00011748582080398  0.00012093487896780  0.00012510455622646
  0.00012964676792746  0.00013467309405404  0.00013995380519812  0.00014511948900727
  0.00014998950092747  0.00015495800958017  0.00016062711922530  0.00016655385748939
  0.00017262758949140  0.00017872681575552  0.00018495688933705  0.00019155421884427
  0.00019861013855554  0.00020596276306588  0.00021400340414529  0.00022161567378662
  0.00022970010365786  0.00023804374743172  0.00024665326712985  0.00025571282038130
  0.00026485110560060  0.00027432616002055  0.00028450724717443  0.00029521979815470
  0.00030600281993807  0.00031724915041315  0.00032938129184461  0.00034269575360865
  0.00035519032676976  0.00036758002797790  0.00037959188034957  0.00039276092411695
  0.00040791510380032  0.00042512810622551  0.00044093074623962  0.00045670450861337
  0.00047340227148403  0.00049189341487350  0.00051930744816315  0.00054802983224403
  0.00057452112249627  0.00060497787287519  0.00063560898890620  0.00066497228237924
  0.00069172576864797  0.00072174937524598  0.00075903792375699  0.00080287614432585
  0.00084955819299661  0.00089741527735837  0.00094897471886962  0.00099466404526967
  0.00104966624704626  0.00111317413982607  0.00118580623415537  0.00127641339354934
  0.00138109186320696  0.00149933389758248  0.00163941635389873  0.00178112902543187
  0.00193312103849271  0.00210137296924559  0.00230437062644062  0.00258090747520254
  0.00291938407855981  0.00332688752556063  0.00375250914389634  0.00438200868135006
  0.00521612259790949  0.00596141146366030  0.01356469544142508  1.00000000000000000
  0.00000182754216458  0.00000185357332066  0.00000187488226148  0.00000189774933261
  0.00000192510226942  0.00000195635803539  0.00000200602303406  0.00000206840949482
  0.00000213528958886  0.00000219376937558  0.00000223560331271  0.00000227520973571
  0.00000231622102720  0.00000236100884055  0.00000241620635162  0.00000247812280824
  0.00000252991664558  0.00000259188625701  0.00000265098002937  0.00000271753591600
  0.00000279681016694  0.00000288182259395  0.00000296781422047  0.00000306104171305
  0.00000315316464331  0.00000325090487829  0.00000335007528221  0.00000345696096279
  0.00000357959103269  0.00000370473061617  0.00000380269714204  0.00000391264479016
  0.00000404194865373  0.00000419254566116  0.00000436648189421  0.00000453246324891
  0.00000470714489033  0.00000488534087338  0.00000508439086050  0.00000530187227273
  0.00000554081862902  0.00000578750789941  0.00000604171964629  0.00000630474938280
  0.00000660474912673  0.00000689876094599  0.00000719305711418  0.00000749161609996
  0.00000780730162440  0.00000817695022897  0.00000860144635302  0.00000906157251799
  0.00000959534593665  0.00001013601787089  0.00001073072705421  0.00001134159044590
  0.00001197476890561  0.00001263461958961  0.00001333973561040  0.00001412566571996
  0.00001501140342138  0.00001594146828901  0.00001689455829250  0.00001787694008997
  0.00001894196355237  0.00002016151561748  0.00002152524164798  0.00002299392875216
  0.00002455117937713  0.00002620133465899  0.00002794088012493  0.00002987913625455
  0.00003192144507820  0.00003416039001268  0.00003671405761500  0.00003975252360935
  0.00004342526911378  0.00004753168480603  0.00005242601053311  0.00005800240475003
  0.00006490298095879  0.00007385387065584  0.00008434970301271  0.00009604462275685
  0.00010925721214338  0.00012647205233338  0.00015272016876343  0.00018959137973560
  0.00024227373623928  0.00031923316237807  0.00044748861098345  0.00065441586644862
  0.00108825701519843  0.00248265689311967  0.03788245185334583  1.00000000000000000
  0.00000336437076930  0.00000401959800274  0.00000428433438296  0.00000454970305060
  0.00000484806392776  0.00000523337704248  0.00000559877138321  0.00000595678089072
  0.00000624722364021  0.00000659228030619  0.00000700160769971  0.00000745796895582
  0.00000804225047742  0.00000862723655856  0.00000922440868481  0.00000982694551379
  0.00001046294935973  0.00001113521889397  0.00001188268262159  0.00001271826759234
  0.00001363091507873  0.00001463814478536  0.00001576709854829  0.00001692863559499
  0.00001814640590193  0.00001933648014319  0.00002055467569162  0.00002190164575629
  0.00002340721675538  0.00002522549145541  0.00002750073795084  0.00002996847616102
  0.00003254045102745  0.00003526045768950  0.00003810417357085  0.00004109282947806
  0.00004415600746100  0.00004747878342919  0.00005111977602604  0.00005484825568322
  0.00005836152769184  0.00006224663890443  0.00006630412684064  0.00007135779056023
  0.00007679663473519  0.00008291292599046  0.00008980565064814  0.00009766765396841
  0.00010560565962493  0.00011376631972536  0.00012279661146032  0.00013216835135715
  0.00014303626493700  0.00015523111416449  0.00016864551766648  0.00018432066444955
  0.00020032001683634  0.00021832430228897  0.00023783489134656  0.00026461689571856
  0.00028965994082601  0.00031409371369375  0.00033743912107354  0.00035921620636099
  0.00038088270651527  0.00040359568691863  0.00042869301285310  0.00045980819477758
  0.00050191369135038  0.00055485111298864  0.00061543379138954  0.00067694784830060
  0.00074141609960702  0.00081759827146437  0.00091464965343097  0.00102485383932654
  0.00114915958950123  0.00128359010217044  0.00140188603589193  0.00150681538879406
  0.00158135490172180  0.00165894519797415  0.00175868351040168  0.00194335433793326
  0.00206881846771202  0.00219669235680298  0.00240403779457587  0.00261138323234876
  0.00288107119252411  0.00320137521691080  0.00352167924129748  0.00386197529544874
  0.00420229114493636  0.00610751981708617  0.03322699925170135  1.00000000000000000
 -0.00272329950878835  0.01274524067156889  0.02612774306095934  0.03949250845287527
  0.05179639741880387  0.06374250188078120  0.07572395221637275  0.08850074242942087
  0.10100334541845517  0.11269159763860315  0.12434018347812646  0.13622929323879515
  0.14653563325790142  0.15454604609611733  0.16246426072377665  0.17080146141135258
  0.18047798125251080  0.19215787059475953  0.20507696039063075  0.21801342276889429
  0.23202480946465667  0.24292710469870207  0.25388887715350461  0.26357792411910624
  0.27302450987287002  0.28248999402638908  0.29221228007292405  0.30193729757743348
  0.31150545234178628  0.31995981942311730  0.32930170871944275  0.33833131208941913
  0.34688056536712408  0.35571769528661190  0.36452991967619613  0.37334303844229733
  0.38276275730877540  0.39262078343615664  0.40312987174089637  0.41303077065576332
  0.42222461896706187  0.43201791785083565  0.44137441578791181  0.45172564756193945
  0.46295728481040138  0.47431427499133227  0.48601586263434138  0.49776350885960907
  0.50764360958561339  0.51609743593650237  0.52470194178216967  0.53438930070740165
  0.54679921373998475  0.55848257543694280  0.56845220463367985  0.57727659345278914
  0.58620047840798772  0.59554847537027189  0.60585625015747868  0.61717176245077632
  0.62796691858093601  0.63879005252213761  0.64904220191549833  0.65967015620641467
  0.67118446276013499  0.68318222213730195  0.69486303190233711  0.70574249964055547
  0.71665938672002139  0.72671581684288944  0.73508087462809613  0.74332792174744644
  0.75216364270735925  0.76176688544145366  0.77287422695114272  0.78482719056078798
  0.79659658958309065  0.80705070604744600  0.81773055549507667  0.82865737433497311
  0.83953571667209381  0.84970817172986246  0.85842677678153567  0.86665236911559440
  0.87514490502149667  0.88462901492812862  0.89605918938939266  0.90856590187337127
  0.92008343347769272  0.93134101414587722  0.94281854231339379  0.95452616311543603
  0.96550926406349435  0.97638386810366951  0.98783156750326140  1.00000000000000000
 -0.00294061799722229  0.01289373292465088  0.02568831273388387  0.03824610233351716
  0.04928277838162300  0.05891280544342981  0.06764535584150033  0.07488228276618503
  0.08293285343397905  0.09109510440696317  0.09933906833552809  0.10911022545454506
  0.11894046218668010  0.12955951277146471  0.14082456525345977  0.15223157232927786
  0.16330211096115393  0.17434503975311322  0.18481509153858322  0.19511918417405338
  0.20564425961855923  0.21594791644445388  0.22640194744858005  0.23720974648701379
  0.24851053225186087  0.26045399947322029  0.27270993927564025  0.28559796428516082
  0.29839685885110656  0.31061153795288482  0.32253352301002125  0.33423563090942920
  0.34575664642116594  0.35759255211847546  0.36936889239639065  0.38092896603156240
  0.39197957132952943  0.40304587433958172  0.41332980633575966  0.42230366421422860
  0.43090342444481794  0.43940430709785089  0.44827923551783533  0.45634020604755099
  0.46549462106224981  0.47457691839467708  0.48436536950726700  0.49539045325201364
  0.50713049489878903  0.51995426421429980  0.53077802745907032  0.54046726255086164
  0.54945135987477900  0.55891785978175879  0.57008936690451006  0.58040018868619347
  0.58956249047904197  0.59804589326272528  0.60682281891061030  0.61647898411772029
  0.62676113744406770  0.63770130126744917  0.64813726982080910  0.65754960867345302
  0.66645205327256696  0.67577583905225913  0.68579412961682695  0.69635931863692846
  0.70710546629223414  0.71960051880427933  0.73028385782737937  0.73902128781822474
  0.74681770142707127  0.75499572047931096  0.76463373981249927  0.77418839396447925
  0.78318526027803936  0.79202025121531650  0.80165215957739222  0.81252109165189601
  0.82376554759800624  0.83562064276059689  0.84685537936791611  0.85681284318855810
  0.86688851525636024  0.87714356312398811  0.88901654125496266  0.90271938224268955
  0.91629276395982673  0.92947864127189694  0.94197779841554696  0.95425495384662085
  0.96600672220201633  0.97698353936696114  0.98769409838114242  1.00000000000000000
 -0.00145835325416077  0.00673756414514118  0.01411650109351011  0.01913008157843105
  0.02537255387652428  0.03248670496108175  0.04040079400692178  0.05109592148272704
  0.06249055246944826  0.07323453575952871  0.08346201819640087  0.09363253142043482
  0.10463027846886759  0.11585108204387051  0.12830664246921714  0.13896116499680974
  0.14965271921880688  0.15862499258917306  0.16901026576872263  0.17980772239000839
  0.19162346865649749  0.20342533929776394  0.21489170990894235  0.22473066273173922
  0.23393525134562612  0.24351869593627534  0.25422030474732299  0.26384579678001807
  0.27423900337091645  0.28586228219408438  0.29872008228647379  0.31121381873249809
  0.32235540271600488  0.33318773182551653  0.34521615620425211  0.35764142558952239
  0.36997428675551064  0.38179521401338812  0.39319134321474564  0.40489511127678224
  0.41748138879941843  0.43077962213663790  0.44262198389383817  0.45327565804803227
  0.46377553503541502  0.47539678683728354  0.48675407776712237  0.49673676068919326
  0.50683884583855687  0.51723726761184019  0.52933873858858793  0.54248643083640269
  0.55480795724233689  0.56698043100211648  0.57975235627148403  0.59327078209743200
  0.60702202549356366  0.62039547764904424  0.63346924154261974  0.64522549293048848
  0.65676938524127049  0.66779855606500704  0.67850724741218993  0.68933108531361187
  0.70004850730463464  0.71113555858991284  0.72231003913082159  0.73349426773686643
  0.74427402605356174  0.75583966292642335  0.76781239527308931  0.77930105387737791
  0.79028095197542958  0.80125204336191669  0.81214818683460988  0.82282974903018546
  0.83368160476380537  0.84429782419224608  0.85457582982604441  0.86495453127150335
  0.87481816531319923  0.88447384551736474  0.89355972937713601  0.90268781554404232
  0.91224576776917488  0.92162762876077076  0.93096210634223964  0.93982568739844319
  0.94765262184068633  0.95530645521455371  0.96263072723923360  0.96977314466479847
  0.97692667020232160  0.98425638741447141  0.99166772084205712  1.00000000000000000
 -0.00202662320382554  0.00957683246565431  0.01958974171928818  0.03010608902053437
  0.04076244961022432  0.05136916434804000  0.06190417434562071  0.07270939212500131
  0.08339755811488773  0.09433542431803267  0.10524453777423298  0.11720213815484717
  0.12922628279398607  0.14189998996789355  0.15383199248202489  0.16492223822579011
  0.17539832355879983  0.18533601543998671  0.19398987690901306  0.20289169982861333
  0.21141899632740671  0.22213796585485249  0.23306298662897518  0.24371898030445877
  0.25224616969387914  0.25994635545091749  0.26790804172404864  0.27719058612435449
  0.28942983505846620  0.30294075168972406  0.31577073021842250  0.32787145497447917
  0.33974573091266758  0.35105113816414346  0.36057627116521146  0.36766607363700066
  0.37314205940996287  0.37856425199922383  0.38379156827499145  0.39067054826283981
  0.40041227359523057  0.41054142135107724  0.42231738243849537  0.43408779141866960
  0.44434186239286461  0.45400552663301219  0.46281443846380749  0.47249593926943978
  0.48210948659015795  0.49243972691401938  0.50370179418369065  0.51561643499736343
  0.52770501932896174  0.53971353839274949  0.55028500990392082  0.56027884020079533
  0.57004235999661323  0.58041151902880850  0.59126958353126680  0.60282854498565996
  0.61562413263885818  0.62899087962591893  0.64194051258759022  0.65288930998169747
  0.66307769065262279  0.67315582417701170  0.68425179486205912  0.69631748297740503
  0.70815776272950726  0.71833084461690611  0.72720577265951136  0.73638014054722523
  0.74580484340995590  0.75565455489897670  0.76559009939401956  0.77595617173404763
  0.78593778188614405  0.79492384704597363  0.80377755305046616  0.81299387453522909
  0.82319709427636545  0.83257379896032080  0.84295865539826076  0.85400169060080056
  0.86567109305335477  0.87731279899915671  0.88920513426834402  0.90279565226172265
  0.91777358628476446  0.93208282539157361  0.94540723376209534  0.95758490040627986
  0.96824393858138658  0.97845186720163180  0.98867718446693154  1.00000000000000000
 -0.00273552511222168  0.01129084555271092  0.02250919430743644  0.03473928322926367
  0.04699956662504512  0.05911191085276447  0.07126544811002204  0.08312974604782046
  0.09634815073836882  0.11002685339106272  0.12373135496222673  0.13589373188537326
  0.14814202213706215  0.15926083045199746  0.17034927191997307  0.18084919492134974
  0.19238880555952545  0.20352311882141316  0.21370929123300617  0.22331505874003027
  0.23392595218992410  0.24400577873471210  0.25333519225584300  0.26150670725831282
  0.26962308509941485  0.27804189505423149  0.28686782476315292  0.29626536125950415
  0.30474758706114802  0.31417014809894983  0.32372914743485892  0.33299368980573396
  0.34265914508562278  0.35245939177174646  0.36303394511933168  0.37342868864747059
  0.38344821388700390  0.39309178526570637  0.40223677056987039  0.41144613053138818
  0.42139905524331317  0.43024150217211532  0.43776805182360989  0.44527908390605653
  0.45286590058488463  0.46125233166389612  0.47095191100056361  0.48008355166319200
  0.48934735872793395  0.49867986739959363  0.50895864162053517  0.51935359774748979
  0.53006785913505439  0.54198509386005433  0.55315989178742653  0.56496319142067519
  0.57600155402116937  0.58713030578636616  0.59802863858029043  0.60897199136199065
  0.61946025895322188  0.62958792597122848  0.63938172583107911  0.65026766950563819
  0.66099021995260809  0.67151352508411866  0.68153258892420976  0.69145846415815471
  0.70221726451188626  0.71368822129962828  0.72520276922056548  0.73498659037840608
  0.74391354302567214  0.75406556274990466  0.76542177969626080  0.77729397105740583
  0.78802044171458741  0.79763825177338188  0.80701855162671476  0.81606270690439253
  0.82601960765070925  0.83658675004836425  0.84766068360475011  0.85963385648817214
  0.87201979658167306  0.88438139885788936  0.89573103659518050  0.90633243607821379
  0.91685436992485114  0.92774303855880447  0.93880060424546652  0.95068286769263577
  0.96295458032906489  0.97503728523433331  0.98758177208065456  1.00000000000000000
 -0.00001976013372714  0.00024588889450860  0.00046114479895602  0.00059678646729704
  0.00071324035954697  0.00082208904801346  0.00093066049763345  0.00104258129780513
  0.00115565514230239  0.00126593349656733  0.00137448552707709  0.00148116343673504
  0.00158872166612051  0.00169708409462028  0.00180920447870763  0.00192190824372281
  0.00203510504513121  0.00214772087198553  0.00226293615573329  0.00238175440873467
  0.00249267737627428  0.00259481993922377  0.00268158458080113  0.00276832657469588
  0.00285500749530671  0.00294349011742074  0.00303980298554743  0.00314865062990774
  0.00329077596916574  0.00340834479720303  0.00352753704330533  0.00365276403962745
  0.00377595405153496  0.00390138623455347  0.00404414154499843  0.00419566251748270
  0.00435098274168258  0.00450630874474807  0.00469063558638220  0.00488869292461396
  0.00510664110695735  0.00535444557050650  0.00556784177166687  0.00576127072881962
  0.00594191534902627  0.00611906934258920  0.00630602118124692  0.00648421058514686
  0.00664437322415262  0.00678760184963919  0.00693245620953389  0.00708722308172509
  0.00725767043103327  0.00749187604007115  0.00768597300515666  0.00786569718431022
  0.00803909335875843  0.00821162693071733  0.00842048682746772  0.00862666026157165
  0.00881806788617066  0.00901995901357488  0.00917349113613138  0.00930012846915242
  0.00942637357723964  0.00954992563849312  0.00967036709183781  0.00981605695920834
  0.00998925762656337  0.01024483766718238  0.01059051131586172  0.01099869555515811
  0.01130816074081948  0.01158498360377785  0.01187185284596487  0.01220720423705601
  0.01256103721838954  0.01313700907431395  0.01388171864178723  0.01476391055882418
  0.01544202803277009  0.01603878373126521  0.01673111733585516  0.01866870711943209
  0.01948703577270518  0.02033149245775316  0.02252113679370079  0.02407040742690185
  0.02612602886088939  0.02853139047411938  0.02951713565086165  0.03119698274604406
  0.03318439392727195  0.04000976625414752  0.06639210994476195  1.00000000000000000
 -0.00278487761618934  0.01013282645989022  0.02119817649411779  0.03208989274472338
  0.04355280456694273  0.05622811987597121  0.06848202383881895  0.07986703738656140
  0.09163171783690600  0.10436630651782153  0.11727573883688998  0.12949087961965802
  0.14098353312196887  0.15221969892912196  0.16313697140634509  0.17362964001099998
  0.18446764276811378  0.19518643701506161  0.20573273269004094  0.21584267119537712
  0.22522759923088984  0.23359428843838781  0.24287040474087745  0.25279695986722123
  0.26286263563632023  0.27253540382631225  0.28178043419440979  0.29145211135203281
  0.30219487812090501  0.31345172855385550  0.32334914437928985  0.33261790639261424
  0.34096185800859935  0.34917834674131698  0.35832786339096628  0.36897134461139808
  0.37984131833915380  0.39044265911641962  0.40017684200882347  0.40949330858170863
  0.41867754131739232  0.42810478050483014  0.43716044863999198  0.44617177861636936
  0.45496687095037341  0.46623488350631637  0.47908919469412325  0.49191753138752803
  0.50312366830198674  0.51381841437095688  0.52441320723847284  0.53527788635519680
  0.54609716544085707  0.55653415636115677  0.56717753518752778  0.57846458858243088
  0.58949101067608445  0.60063595575846618  0.61235876135568523  0.62460660309947569
  0.63691374133345369  0.64837004071048920  0.65922943159247804  0.66866887614458947
  0.67821191359563415  0.68758434314320349  0.69670929895963984  0.70582886019289159
  0.71451589190150255  0.72292553569943274  0.73212997899653776  0.74275307414111069
  0.75319557460116338  0.76289478950138734  0.77214867506708440  0.78119156041372551
  0.79050008175963715  0.80072268376494160  0.81088061816347645  0.82252650184283882
  0.83402114472690891  0.84590704206006373  0.85750647594103013  0.86937845728665797
  0.88044507244171566  0.89013011387698171  0.89937586547704573  0.90756942481317482
  0.91745593145100324  0.92785990356354586  0.93827751125653824  0.95067572817766532
  0.96244745204962334  0.97454142063900218  0.98693951373232214  1.00000000000000000
  0.75774925941512716  0.76528866005724272  0.77288544382387803  0.77980976617605502
  0.78799012211859054  0.79313539421275636  0.79771663997474307  0.80307243384373606
  0.80753002392662643  0.81097209526394476  0.81439211286624325  0.81816137414618306
  0.82256534392592218  0.82681463807239342  0.83095345643464791  0.83476117094215463
  0.83848533264255665  0.84212883636807234  0.84550406214991369  0.84857292528100725
  0.85163611437465692  0.85475864847429983  0.85804444504841160  0.86148667439576576
  0.86497966306435525  0.86835078341297600  0.87158227453709636  0.87468301352855882
  0.87757560169453930  0.88030518697887361  0.88300097689676682  0.88570189558633949
  0.88844844604376949  0.89120975079727760  0.89396863463857013  0.89660147022211412
  0.89913872152879126  0.90164719024557627  0.90410058303576446  0.90657749175044733
  0.90908371162977819  0.91164944780207191  0.91413523901459370  0.91653094210190067
  0.91871593859177469  0.92089761509425139  0.92312993831913059  0.92511641068336126
  0.92691238991692493  0.92864398539634563  0.93047334089746347  0.93246552511107861
  0.93444565223836684  0.93628611168875664  0.93797872702510054  0.93958391826230836
  0.94118779240686223  0.94279913331324927  0.94444501376381462  0.94611320480275052
  0.94776629351967134  0.94940819420233880  0.95100163569080509  0.95247004953780245
  0.95387555846726713  0.95516854714402288  0.95646609769278490  0.95783874410399983
  0.95931034259549330  0.96081244413323541  0.96224039976787656  0.96360462033606986
  0.96491830285506397  0.96621906577563399  0.96760716738976360  0.96912980687673300
  0.97068146568931546  0.97225148073795808  0.97386233259083965  0.97553160319350163
  0.97717460765402575  0.97870141034438607  0.98022455682556719  0.98177473901506129
  0.98327460768708164  0.98457823050929183  0.98581163287247564  0.98703006096114076
  0.98837354284852352  0.98976640219953216  0.99112522614926524  0.99251792645580650
  0.99399992790558989  0.99563566353831379  0.99773211671334228  1.00000000000000000
 -0.01790719895586617  0.09373769010834292  0.13727086559657944  0.16077000537472808
  0.17566271966062022  0.18794405284700169  0.19916906109506455  0.21104643116293026
  0.22293038848282704  0.23392477221550367  0.24328894505881796  0.25171298717134588
  0.25977056726054776  0.26810563295164752  0.27729920151145110  0.28678520760029746
  0.29598896041249217  0.30472790240210712  0.31314657753837244  0.32117353353928874
  0.32904276180699893  0.33637267693191747  0.34337763833969809  0.34995501254777844
  0.35598257598195565  0.36174182948532935  0.36791973813453083  0.37419726793672675
  0.38051170625507974  0.38651182746213703  0.39215742282408433  0.39765367078975555
  0.40319119997581354  0.40863846551020050  0.41344201104887768  0.41877219463928361
  0.42413543704727885  0.42957236336178573  0.43566424915042917  0.44157581381528926
  0.44721428510941769  0.45269914266355776  0.45827973745077394  0.46364958603521611
  0.46898895121905726  0.47448981351994274  0.47977850927010196  0.48510398064937532
  0.49057183899035289  0.49592445583192496  0.50099996374358646  0.50608178891676892
  0.51124892515587206  0.51572887484582908  0.52016206244581831  0.52467455688192099
  0.52942450246762573  0.53513978439479326  0.54167973326767760  0.54785936191636642
  0.55389532345806736  0.55981192605460817  0.56617094584939864  0.57322215632442974
  0.58011417012336286  0.58698892536628489  0.59403246669513354  0.60143827740874090
  0.60806632080283607  0.61420548526472385  0.61999389871378818  0.62620850924889404
  0.63297944994187494  0.64029294022275429  0.64704227898235012  0.65324712604107904
  0.65953206300634137  0.66594378906688390  0.67348730462777484  0.68147642300276956
  0.68917549386531418  0.69810551259628983  0.70721380583505111  0.71730975712348899
  0.72746480244118217  0.73694919767251854  0.74562489500605988  0.75456286621947544
  0.76329662833688061  0.77342015835929745  0.78542076205243483  0.80175672532255948
  0.82251862697870937  0.85036979636643195  0.89403566745585406  1.00000000000000000
   1.3708563514343302E-005  -1.0000000000000000     
 F F F F F F F F F F F F F F F F F F F F F F F F F F F F F F F F F F F F F F F F F F F F F F F F F F F F F F F F F F F F F F F F F F F F F F F F F F F F F F F F F F F F F F F F F F F F F F F F F F F F F F F F F F F F F F F F F F F F F F F F F F F F F F F F F F F F F F F F F F F F F F F F F F F F F F F F F F F F F F F F F F F F F F F F F F F F F F F F F F F F F F F F F F F F F F F F F F F F F F F F F F F F F F F F F F F F F F F F F F F F F F F F F F F F F F F F F F F F F F F F F F F F F F F F F F F F F F F F
  <DiscreteSampler_grid>
  grouped_processes
  1 # 1 for a reference and 2 for a running grid.
  10 # Attribute 'min_bin_probing_points' of the grid.
  1 # Attribute 'grid_mode' of the grid. 1=='default',2=='initialization'
  0.0000000000000000 # Attribute 'small_contrib_threshold' of the grid.
  0.5000000000000000 # Attribute 'damping_power' of the grid.
 # binID   n_entries weight   weight_sqr   abs_weight
    13   10   3.597394005793720E-001   4.583552642328807E-001   3.597394005793720E-001
    16   10   4.751107696829654E-001   8.157438699230534E-001   4.751107696829654E-001
    22   10   3.868532384119992E-001   5.224246791457947E-001   3.868532384119992E-001
    25   10   4.783960605482832E-001   7.865695413061295E-001   4.783960605482832E-001
  </DiscreteSampler_grid>
