 -0.00196306546531053  0.01184272561732255  0.02424814689215690  0.03627223961221317
  0.04869704674889382  0.06143144935592885  0.07350506284844403  0.08460718991082695
  0.09504943992513457  0.10541648138595404  0.11592793168484360  0.12623763558167944
  0.13617271655525048  0.14619585694293241  0.15686345837447141  0.16782760194299656
  0.17870003016481967  0.18951422698982220  0.20038552739953885  0.21130764690082310
  0.22237075148563443  0.23366393266997920  0.24517494407594387  0.25563120498340725
  0.26484801549151182  0.27403891408468367  0.28359473936721985  0.29384281350003472
  0.30408289084160472  0.31470156854571030  0.32567111466385518  0.33648052485828533
  0.34687801725039236  0.35745060712908988  0.36881160979136607  0.38020463948029798
  0.39155263495088011  0.40195352524118177  0.41270968139763170  0.42227094139819954
  0.43179234567502861  0.44155723796998819  0.45183529084009905  0.46192944293296501
  0.47198847894064438  0.48222749259947173  0.49291501089590589  0.50400939082450513
  0.51513764363813197  0.52572939325379320  0.53608755909071848  0.54641887970823899
  0.55750292302567639  0.56828923747300941  0.57851612525544005  0.58861227829096341
  0.59866351784993355  0.60941117947852663  0.62066394517198376  0.63205021054059918
  0.64274385869364181  0.65269556557778341  0.66244761697021437  0.67240081475715652
  0.68267174714347967  0.69349420327800537  0.70429271737681243  0.71441255495974176
  0.72434465569412754  0.73448731559544589  0.74525029226344475  0.75643132600311191
  0.76778856265981965  0.77928423482434539  0.79102939750321455  0.80286028376774343
  0.81437053983141827  0.82520024284146354  0.83513396333474477  0.84419199049279603
  0.85303331805076066  0.86246187804924701  0.87286959845662060  0.88432180747376354
  0.89568586115844095  0.90674679126635394  0.91734502692930875  0.92717681005414776
  0.93730538351394410  0.94779742782835319  0.95796638256732514  0.96758386618278092
  0.97627162770153675  0.98440748159204272  0.99238166244345516  1.00000000000000000
  0.00002848827120038  0.00004529670455923  0.00005428305180460  0.00006401654957667
  0.00007361423960962  0.00008235321974379  0.00009058361644571  0.00009845273747935
  0.00010621340812823  0.00011419959699698  0.00012211735056746  0.00012992847738129
  0.00013790088717516  0.00014591042761050  0.00015392148091198  0.00016195910565847
  0.00017015315194329  0.00017848051466990  0.00018717742927706  0.00019672104860685
  0.00020661542793504  0.00021626347483125  0.00022553274063466  0.00023520021865007
  0.00024498849632128  0.00025528860630866  0.00026591872650660  0.00027639122162325
  0.00028837210447645  0.00030095250406259  0.00031371203516558  0.00032670061890355
  0.00034055647210624  0.00035480484477473  0.00036958431289880  0.00038501396931623
  0.00040114660458567  0.00041841024431474  0.00043662410874186  0.00045488215014832
  0.00047404977027211  0.00049515939577678  0.00051785532139228  0.00054041482294398
  0.00056196087292783  0.00058321526829902  0.00060610949389473  0.00063065864980787
  0.00065547137418758  0.00068026504101902  0.00070500679819155  0.00073637702038149
  0.00077292767103395  0.00081175898799093  0.00085229679949529  0.00089108919895362
  0.00092827205824694  0.00096530979319623  0.00100447847628060  0.00104749026527600
  0.00109401540780946  0.00114426384693833  0.00119252742909429  0.00124653846003475
  0.00130748814013657  0.00137755405735067  0.00145137185953788  0.00152840905445107
  0.00160867904243950  0.00169087398181625  0.00177645705072942  0.00186612888502849
  0.00197817825122231  0.00211444962710892  0.00222379774728839  0.00236264432457500
  0.00251415271984644  0.00270368417733830  0.00294810198061413  0.00326760045583655
  0.00366950199350911  0.00406461900934041  0.00445287391827108  0.00483026489308363
  0.00522640745268428  0.00570371837825310  0.00629235312522890  0.00662987039576104
  0.00697580068249158  0.00733138255521580  0.00773692175761149  0.00850936575463405
  0.01027265432066682  0.01375760121414267  0.01682774943402007  1.00000000000000000
  0.00000161638382003  0.00000177146630179  0.00000187408464694  0.00000195568621052
  0.00000201038854100  0.00000207144376098  0.00000215189013988  0.00000224608845607
  0.00000234457813242  0.00000244019904747  0.00000253182462601  0.00000262764337012
  0.00000272701330521  0.00000282046200304  0.00000291104709378  0.00000300284734226
  0.00000310468144213  0.00000321154717378  0.00000331716207246  0.00000341932300495
  0.00000352095922018  0.00000362718865144  0.00000373574434596  0.00000384897487923
  0.00000396174454792  0.00000407490453529  0.00000419064096521  0.00000430923536173
  0.00000443306998842  0.00000456515660319  0.00000471211597290  0.00000487928235629
  0.00000505706925702  0.00000524178012902  0.00000542056532452  0.00000561891462603
  0.00000582434517396  0.00000604528534311  0.00000627666132663  0.00000652854504454
  0.00000680120115854  0.00000707618564963  0.00000735639206068  0.00000766055554505
  0.00000797434499840  0.00000829056252641  0.00000861260658820  0.00000896566591643
  0.00000936220814727  0.00000978285995259  0.00001023880766828  0.00001076869233585
  0.00001133911395183  0.00001194837725063  0.00001261070473858  0.00001330383861777
  0.00001396869831581  0.00001471123889658  0.00001550459248860  0.00001634054700366
  0.00001728199544822  0.00001827427366117  0.00001934733286240  0.00002051551414026
  0.00002177143116722  0.00002322413433287  0.00002489354067267  0.00002679695884590
  0.00002901894992067  0.00003155308728494  0.00003433739024982  0.00003748430297518
  0.00004081438310100  0.00004466159442558  0.00004899183379393  0.00005410619453120
  0.00005999725050426  0.00006693982724446  0.00007502160682944  0.00008529378958939
  0.00009789507372588  0.00011328759313803  0.00013119782461600  0.00015150208631520
  0.00017742851198470  0.00020915052421173  0.00024800681923251  0.00029746548794040
  0.00037009815064178  0.00047500236905127  0.00062946289950973  0.00094235228763591
  0.00151252692947959  0.00229560576946340  0.03487047793410622  1.00000000000000000
  0.00000306519088927  0.00000360137504510  0.00000381967640249  0.00000400614513801
  0.00000420161645165  0.00000439676526043  0.00000462831848103  0.00000486576996815
  0.00000509265203765  0.00000535187567608  0.00000566797166618  0.00000601177356920
  0.00000635890262204  0.00000673733364372  0.00000709073369276  0.00000742866125168
  0.00000777679302573  0.00000812507450115  0.00000846511602393  0.00000879576606657
  0.00000913303695080  0.00000949618327925  0.00000988304944611  0.00001033737518432
  0.00001082736132682  0.00001131267471682  0.00001177271254303  0.00001231773137936
  0.00001290257817749  0.00001351420618979  0.00001415071563058  0.00001483381782292
  0.00001557857758476  0.00001629625689076  0.00001699361308403  0.00001769297056637
  0.00001840877042674  0.00001915933208030  0.00002010116957955  0.00002111876029062
  0.00002214902620342  0.00002319944773167  0.00002429642985807  0.00002543077715249
  0.00002659326572554  0.00002782214769945  0.00002914184725106  0.00003045588401596
  0.00003192082611092  0.00003340197898048  0.00003497175568775  0.00003667473117239
  0.00003852813003769  0.00004051037484950  0.00004264934023617  0.00004505951419749
  0.00004775932616784  0.00005055876139128  0.00005385826693929  0.00005720551770246
  0.00006108234278177  0.00006497421260007  0.00006898110986968  0.00007344306165592
  0.00007850184361947  0.00008486741054975  0.00009179994988998  0.00009909203944451
  0.00010700453746485  0.00011577367413023  0.00012615547549829  0.00013823137843185
  0.00015175428781519  0.00016739333645382  0.00018516911265971  0.00020636157394633
  0.00023129586627024  0.00025956464530214  0.00029228417440594  0.00033132713393231
  0.00037925376438515  0.00043282135589891  0.00049806287921099  0.00058275414055134
  0.00069279645002102  0.00083167954333188  0.00100787250211886  0.00122697851213699
  0.00149045564538784  0.00179201010755840  0.00211990456486656  0.00258683815146013
  0.00371884132475280  0.00559983392410957  0.07761886629163038  1.00000000000000000
 -0.00285180057734634  0.01186450099931614  0.02348496214787790  0.03430620614618735
  0.04567854012489628  0.05702327160519614  0.06847672749230914  0.07795693404958688
  0.08768424849279288  0.09700016186379715  0.10657397390986735  0.11672316786037541
  0.12728595192343234  0.13811034792164648  0.14913017555887514  0.15990038222697436
  0.17116932628037362  0.18272050728380235  0.19453572427281979  0.20564303136856843
  0.21622434481522435  0.22659864055229681  0.23651513129014129  0.24694148176501882
  0.25756301744813248  0.26876869647106988  0.27947982722217690  0.28968644059069382
  0.30039115672904698  0.31115130915729794  0.32086987959413216  0.32966154402074199
  0.33850429604999477  0.34837447422924361  0.35972387905968889  0.37134704183478423
  0.38241204189689515  0.39289741862626165  0.40332552840472169  0.41344609104119423
  0.42419033390354238  0.43512083637731963  0.44634146814972142  0.45747205377082678
  0.46741260108386673  0.47770907956366004  0.48794529325963976  0.49916229186706979
  0.51066418881528819  0.52137838205924647  0.53265268353774264  0.54368551767652595
  0.55467018012793479  0.56552538845221412  0.57519176762256230  0.58467509712043686
  0.59354300096943080  0.60233748901025330  0.61173946598264073  0.62165931875186164
  0.63223093149231313  0.64304027855222490  0.65390118220749816  0.66483726713125901
  0.67582608036740555  0.68649127380960351  0.69650416661789072  0.70598077215172106
  0.71506587778532560  0.72406620107536590  0.73357461708407923  0.74399767355375668
  0.75504671490081354  0.76615648467254227  0.77702909627724637  0.78797595879951121
  0.79918261127939305  0.81040228009956405  0.82167990743937214  0.83318433028365491
  0.84463304028500596  0.85534311246851746  0.86531756894485268  0.87510157636614960
  0.88514259473355184  0.89590197292410667  0.90700020578002394  0.91749413539019098
  0.92751175289845911  0.93739801722317495  0.94790969522263957  0.95797808057613043
  0.96812035694892140  0.97775022195137040  0.98882164644330961  1.00000000000000000
 -0.00207860001755590  0.00750615614412027  0.01643530179862549  0.02578282406461826
  0.03548234309746362  0.04551119773740116  0.05544122778233244  0.06591385029095884
  0.07705951721643164  0.08888592791796189  0.10118680468528179  0.11281292872357609
  0.12326778319585811  0.13309289024922527  0.14280204199253047  0.15279375880864546
  0.16275685825670827  0.17259603780855673  0.18264577590289760  0.19311346723787998
  0.20355455674928430  0.21355104421741014  0.22339779582715788  0.23327949310330576
  0.24338917460266951  0.25364283897037887  0.26413331725912131  0.27454955273027382
  0.28540527975411517  0.29598793379269023  0.30703205875930656  0.31745354931833136
  0.32746822600061182  0.33743199143113439  0.34806640459338017  0.35934590029128294
  0.37078994140077520  0.38247470755950147  0.39322069768946571  0.40386758581134174
  0.41452522352626925  0.42669102060469066  0.43949271494133674  0.45209456302556883
  0.46395069397852129  0.47479532406225861  0.48523500063391095  0.49529539663935790
  0.50533035322378972  0.51501747560121203  0.52489646383403621  0.53515797106857455
  0.54552557158577930  0.55698746567389024  0.56894027229952882  0.58129185833073627
  0.59291142244869244  0.60377092266655485  0.61428891061799840  0.62467515011959285
  0.63521608012205488  0.64606162132057532  0.65677536084238752  0.66744087215993353
  0.67807078781774466  0.68922852853465733  0.70021233231329216  0.71152653656479692
  0.72284861120304822  0.73402369380783838  0.74559976312548792  0.75623007613760918
  0.76681073424578494  0.77696367189417292  0.78733789444220426  0.79732159188115070
  0.80696314782011780  0.81711676125630273  0.82766538778994458  0.83782009609948915
  0.84792515384789358  0.85758534073542736  0.86710923605491697  0.87700314751665343
  0.88731149597345149  0.89760630376193773  0.90732976592655845  0.91725743942573212
  0.92714247726054277  0.93706611121152761  0.94728096129468475  0.95765800917535315
  0.96816203279278845  0.97826398462094977  0.98871166178184089  1.00000000000000000
 -0.00109466010125364  0.00483367272756456  0.01056636576654525  0.01628192333650282
  0.02186087703576353  0.02725531793605872  0.03251378818110230  0.03778301581980253
  0.04359621273779524  0.05007155774029677  0.05668337182569490  0.06341734942697526
  0.07026779988085563  0.07711970241586726  0.08415839614626823  0.09177623606831714
  0.10046645764749147  0.10930584370520806  0.11850291315205726  0.12741568889600374
  0.13586009754256945  0.14377391317868757  0.15190583752639350  0.15991765217536444
  0.16818579015803650  0.17638750791964486  0.18476353233771320  0.19398787597148967
  0.20332531106846727  0.21276611516339181  0.22208145227893691  0.23160284930416403
  0.24141169769758677  0.25160247339729686  0.26259399025986835  0.27372824690322090
  0.28404157495035770  0.29373910306708606  0.30357544182560786  0.31362972266967959
  0.32383761034997866  0.33396817033691217  0.34484603631772753  0.35541495208092394
  0.36628436401250597  0.37809830804459060  0.39071710511326341  0.40295841702622859
  0.41474836365012402  0.42605201706397933  0.43701829185444735  0.44770927008378569
  0.45846244731786007  0.46966902868936994  0.48120191023286202  0.49302005207941807
  0.50480076840218124  0.51644471673854386  0.52767558779534407  0.53888902181905896
  0.55028078212708353  0.56196314873543407  0.57393070183659589  0.58542910757850353
  0.59747661197762114  0.60984084852512732  0.62323103081431463  0.63662641047195456
  0.64987463477194085  0.66249038422365691  0.67481230636061462  0.68739922419218302
  0.70043694776024834  0.71365579008204394  0.72684703626164548  0.74014510284748658
  0.75367706230676390  0.76715663345671814  0.78009992875651590  0.79305524520583515
  0.80672360066131898  0.81990439619665823  0.83274643923346969  0.84486598381952682
  0.85685938165897513  0.86820048206076872  0.87995516337909740  0.89194230239958205
  0.90449857999391947  0.91763549943019618  0.93152376409400239  0.94637863934606814
  0.96102271332367095  0.97524946897281073  0.98777282295429314  1.00000000000000000
 -0.00308229910344816  0.01129709716320656  0.02350516265246818  0.03582861042186593
  0.04808925539946295  0.05923320658271168  0.07023688580551112  0.07996416581098989
  0.08989499801060001  0.10020495891188838  0.11110335067886037  0.12171442282568927
  0.13147704484584999  0.14152819186781201  0.15166551304755896  0.16280930385196193
  0.17369699131727634  0.18409076936834307  0.19387171640215675  0.20370963618859605
  0.21414429502089913  0.22551763765436594  0.23686343009876784  0.24807053589907418
  0.25930396076390166  0.27105228684658633  0.28295138028988909  0.29486685024818060
  0.30620209850785424  0.31709003131788066  0.32794214048518966  0.33899147545111824
  0.35024885501663916  0.36149586844637027  0.37240537625358433  0.38323803789774863
  0.39390859894106078  0.40476716758460785  0.41470791151231823  0.42329741023410372
  0.43118044934767646  0.43980434872084140  0.44977046390853925  0.46025441803335909
  0.47017438035352171  0.48035524180387407  0.49091101483772343  0.50164124437451829
  0.51080217841916997  0.51980541220066123  0.52915252675034197  0.53917432254378539
  0.54936748956226966  0.55939347267784401  0.57020466190821073  0.58141107027409944
  0.59248317851096310  0.60355723045983067  0.61506919526654447  0.62693018921174248
  0.63826036595731639  0.64874032126298142  0.65856878151631526  0.66772901303383714
  0.67673139408273519  0.68594807542669034  0.69569641578315855  0.70576610232952020
  0.71597204890934174  0.72646611713918574  0.73741044207855044  0.74857051390216822
  0.75914254326520503  0.76902581877510368  0.77875870510622003  0.78838312210776174
  0.79854218334024840  0.80861436572514844  0.81895025716297631  0.82911954618876504
  0.83970439557213417  0.85022396574478587  0.86052573483140127  0.87020518537680258
  0.87999943195165253  0.89044662705940569  0.90157152502314286  0.91248064698354614
  0.92282060958735590  0.93383549656845100  0.94499223475218719  0.95627298396363192
  0.96709416885874944  0.97820151563050928  0.98905965391077522  1.00000000000000000
 -0.00245232885873769  0.01158379793783772  0.02417941095719983  0.03815237700826576
  0.05198749899975410  0.06450991302140655  0.07573387299403750  0.08637322268602758
  0.09701517977695805  0.10792790582754068  0.11910335732831503  0.13000431629116249
  0.13989280814455712  0.14947957761612923  0.15927635000156931  0.16971975357284558
  0.18015670704432726  0.19007547108403647  0.19968273599634270  0.20912940737600322
  0.21890267706887404  0.22848147718461470  0.23802029287366533  0.24861840167833635
  0.25954316157902563  0.27089021551819475  0.28201942343659459  0.29283002756590920
  0.30309000580238549  0.31304444228057032  0.32269945153982149  0.33269720241447415
  0.34292442141681706  0.35294467071547708  0.36367572222684730  0.37460538203865634
  0.38546556625701356  0.39599977204219394  0.40593792391339217  0.41566473174851498
  0.42551452046776422  0.43529315987027289  0.44460023090340550  0.45372713838867329
  0.46355582456972311  0.47454540833223835  0.48653734565683721  0.49913512105657609
  0.51178782615504093  0.52333579875893854  0.53402794448368962  0.54444308340420655
  0.55548237566646608  0.56523784059094351  0.57474331269451318  0.58482132258112607
  0.59613102180303434  0.60765823138898378  0.61883131145615822  0.62950556690834225
  0.64007101678538270  0.65017192194472662  0.65999944105450659  0.67011205457554923
  0.68047946709550333  0.69123508438921566  0.70171568404127427  0.71192484511272691
  0.72173604151460702  0.73145172034551853  0.74131016363601365  0.75177517828731688
  0.76268127740231373  0.77310433198868278  0.78293448643446673  0.79280906700482168
  0.80347614224107433  0.81463371437321519  0.82575923492578784  0.83647226642639705
  0.84692388248901307  0.85697029060256291  0.86724572445535653  0.87786645096177407
  0.88792168560376183  0.89760205155125650  0.90739310925859207  0.91775938225149101
  0.92845131087243693  0.93958053336343172  0.95160845011822603  0.96300602266777502
  0.97332051606918046  0.98268870960296151  0.99153178718719082  1.00000000000000000
  0.00001487372148931  0.00018788227326983  0.00036919328307940  0.00056114654303467
  0.00066841907807954  0.00076670187295944  0.00086492463904503  0.00096359601203786
  0.00106477053095404  0.00117072771555374  0.00127524307391475  0.00137878447778022
  0.00148026983175875  0.00158049369908213  0.00168004512639589  0.00178243923235456
  0.00188625795624319  0.00199082442940034  0.00208740636609601  0.00218532659838005
  0.00228483505886134  0.00238390878351246  0.00248660381663395  0.00259941010387022
  0.00272435657875600  0.00284838338149008  0.00296976444751823  0.00308953596552544
  0.00321089905500576  0.00333803758494305  0.00347783308096720  0.00362190803650346
  0.00376796077647741  0.00391536324064204  0.00406425641406335  0.00421672112080683
  0.00439042514085787  0.00457058395585783  0.00474700498162420  0.00489181948083687
  0.00502571984560354  0.00515454212346076  0.00529186504765596  0.00543976127617299
  0.00562714758030784  0.00582901616444421  0.00603608907690018  0.00625545516248831
  0.00645126020806390  0.00662361848258174  0.00679200765288188  0.00695927406860319
  0.00712113045506473  0.00727642453136193  0.00742860913986863  0.00759741988413552
  0.00773457597949450  0.00785141518701151  0.00800655857504083  0.00816984072560845
  0.00834067428511586  0.00855661577352601  0.00883902058550318  0.00912706007105801
  0.00950791513793415  0.00983774993690962  0.01017484266810596  0.01066207886392589
  0.01131702259633860  0.01166270618557158  0.01188176385187687  0.01207752532550868
  0.01227582562722226  0.01251336913885511  0.01288706294147362  0.01333110812412403
  0.01379371608395031  0.01424501091511447  0.01467308777585801  0.01507947392904865
  0.01544466678049243  0.01585482930130581  0.01621871955115518  0.01655544739862609
  0.01694300130127573  0.01739113955800805  0.01802058826179121  0.01869502925537159
  0.01975491722256146  0.02539303654355974  0.03129515863404159  0.03354484186036025
  0.03792580971457260  0.04023394924233908  0.13807389947775434  1.00000000000000000
 -0.00247982914343669  0.00934635027277000  0.01988993358125149  0.03001301018399620
  0.04056579020302606  0.05109350158353541  0.06164218002462336  0.07184982684190336
  0.08136204439219771  0.09022477264583495  0.09882232399772060  0.10742609940230109
  0.11703056769969564  0.12680383531984549  0.13692669423183476  0.14674439744411988
  0.15686488998532933  0.16692655737410814  0.17747555393354222  0.18850699740894813
  0.19963082749850547  0.21016381708913684  0.22076603108999188  0.23227201156420185
  0.24418394927759671  0.25452581574576721  0.26425516018277051  0.27379349469552211
  0.28436603261632992  0.29452314818795700  0.30433389206111394  0.31420001998441133
  0.32499791962669283  0.33566916165801619  0.34633027776070241  0.35668780483653473
  0.36780718086078334  0.37947260857875359  0.39202929926654501  0.40429619877982309
  0.41661365570981096  0.42823165499313126  0.43942257748945446  0.45030487861589646
  0.46161371057510597  0.47162937216845530  0.48195621253626386  0.49197273743714992
  0.50367685626696734  0.51545293490998045  0.52876141282888167  0.54059422708847626
  0.55230093210842279  0.56371520337950021  0.57589624241962045  0.58876317634784736
  0.60180028201931435  0.61441412937033224  0.62617227789243923  0.63766876151072815
  0.64858302903844012  0.65948949260486078  0.67102456410745370  0.68311910819409893
  0.69411347603390927  0.70469397710886894  0.71520615260721898  0.72581722000434212
  0.73599349801732816  0.74603237102883613  0.75584666330997285  0.76544198369184324
  0.77474168087966699  0.78379378205253303  0.79318314983447347  0.80340771909602104
  0.81328364763561778  0.82337259672477348  0.83341101538294893  0.84407733730804069
  0.85479487713823743  0.86354241046620206  0.87199898294701883  0.88038269524900081
  0.88935118440185923  0.89857603430391408  0.90784444811742504  0.91778398696436447
  0.92824392854495941  0.93870096395799585  0.94822397004047021  0.95797199625101204
  0.96791243332168897  0.97850806722005512  0.98922240401463868  1.00000000000000000
  0.74425093350371452  0.76673886018353166  0.77029387406219907  0.77339440702601925
  0.77748825075759453  0.78187641026350263  0.78566888298352866  0.78950901075062285
  0.79407863649130772  0.79872654475601979  0.80276721951642072  0.80653637734342520
  0.81020214567883575  0.81381418524501059  0.81751475198180934  0.82134538852490113
  0.82497417933429285  0.82840443555523546  0.83165105059739897  0.83496744907376752
  0.83834002680778297  0.84156863269212323  0.84462335997433258  0.84752635834917112
  0.85032466742103563  0.85333358979779206  0.85630633841191706  0.85927858209831576
  0.86208621155702680  0.86473369033022407  0.86737612867083791  0.87006326737755668
  0.87276119799326679  0.87531391666480662  0.87776338256253950  0.88024495797374080
  0.88272966367420846  0.88515611129153504  0.88751516823279464  0.88971947924464656
  0.89197272736247246  0.89414668743995740  0.89628566075354377  0.89839035114670218
  0.90050913136351463  0.90268881927896671  0.90494009011511889  0.90719049238879101
  0.90940636029860866  0.91154154421614664  0.91359401679524388  0.91560549405920044
  0.91760585937472572  0.91957956697474641  0.92155742483153635  0.92357414804471072
  0.92559278908910292  0.92759096838145949  0.92953145762339373  0.93142063325917857
  0.93338993427386774  0.93534597795700802  0.93719978744895549  0.93896699774466408
  0.94056428959754845  0.94219020285607580  0.94382981346623096  0.94537041712096304
  0.94695611292039872  0.94855222545606133  0.95015759293587754  0.95179831203438092
  0.95342787516032035  0.95507330015480019  0.95673391942141883  0.95847403222214966
  0.96036747629510577  0.96218225194669704  0.96396546748575695  0.96575158332041167
  0.96752050310326099  0.96929993974124140  0.97113103843094040  0.97298339039851289
  0.97491239353345294  0.97687575813074357  0.97889012688486687  0.98086930825867591
  0.98284247789577184  0.98486116254237965  0.98695722485508641  0.98916523575067727
  0.99145710429739975  0.99381827232603903  0.99665965474203511  1.00000000000000000
  0.00557480884719184  0.12181775437587591  0.14889295124357860  0.16777920385376555
  0.18289080988219417  0.19468052471032724  0.20514769692093468  0.21505761243256818
  0.22444454925332127  0.23360630334168817  0.24316994786928836  0.25278770376063336
  0.26220521124629692  0.27124152362547638  0.28033366159274481  0.28902895997773759
  0.29695737689329127  0.30442910219459923  0.31168456453465981  0.31917434166932901
  0.32714839973922383  0.33504716885234070  0.34253026209561027  0.34981265044328697
  0.35656414195348002  0.36263923149584093  0.36853087760141146  0.37443277735826158
  0.38068457956279439  0.38711385518521008  0.39342502820968456  0.39972625267530604
  0.40524237343019520  0.41090359715670799  0.41646229593490497  0.42223892449464506
  0.42804594314445493  0.43382388679027750  0.43979247616207079  0.44602792236738631
  0.45206163195633992  0.45823507073003578  0.46453994006905458  0.47055598574131857
  0.47655502819820117  0.48193281675058797  0.48727406227574360  0.49272942826792759
  0.49834526764387466  0.50413513008621891  0.51017100943937299  0.51617815759213681
  0.52205372888522661  0.52735408621612168  0.53265209171342520  0.53768417517734368
  0.54282849761888430  0.54818798801054847  0.55372420142190470  0.55947442031096439
  0.56533586155654580  0.57131841634378189  0.57733550258546051  0.58369075488476319
  0.59026094267644169  0.59685554204347835  0.60323945506038856  0.60956825427705486
  0.61564269816374495  0.62192376864936882  0.62817144358667698  0.63466066190239212
  0.64129704083474748  0.64786453772065555  0.65426382032804298  0.66100337854115931
  0.66808901556008793  0.67594472049604115  0.68356045523520892  0.69149138982863523
  0.69998061259923805  0.70921689219065387  0.71764257841465839  0.72564733029923034
  0.73354633831378935  0.74318244698115932  0.75383704682948649  0.76521311594253216
  0.77716778730564984  0.78960842541773923  0.80163284710562477  0.81500582465870697
  0.83153420386047272  0.85235444843790187  0.88771700433806211  1.00000000000000000
   3.3184591970202765E-006  -1.0000000000000000     
 F F F F F F F F F F F F F F F F F F F F F F F F F F F F F F F F F F F F F F F F F F F F F F F F F F F F F F F F F F F F F F F F F F F F F F F F F F F F F F F F F F F F F F F F F F F F F F F F F F F F F F F F F F F F F F F F F F F F F F F F F F F F F F F F F F F F F F F F F F F F F F F F F F F F F F F F F F F F F F F F F F F F F F F F F F F F F F F F F F F F F F F F F F F F F F F F F F F F F F F F F F F F F F F F F F F F F F F F F F F F F F F F F F F F F F F F F F F F F F F F F F F F F F F F F F F F F F F F
  <DiscreteSampler_grid>
  grouped_processes
  1 # 1 for a reference and 2 for a running grid.
  10 # Attribute 'min_bin_probing_points' of the grid.
  1 # Attribute 'grid_mode' of the grid. 1=='default',2=='initialization'
  0.0000000000000000 # Attribute 'small_contrib_threshold' of the grid.
  0.5000000000000000 # Attribute 'damping_power' of the grid.
 # binID   n_entries weight   weight_sqr   abs_weight
    13   10   1.745383422481187E-002   8.007741226714254E-004   1.745383422481187E-002
    16   10   2.287989860981799E-002   1.376855004878117E-003   2.287989860981799E-002
    22   10   1.728183464348797E-002   7.636019252544683E-004   1.728183464348797E-002
    25   10   2.166217042091469E-002   1.206150863589007E-003   2.166217042091469E-002
  </DiscreteSampler_grid>
