  0.00000139844575978  0.00000145052514673  0.00000150173699963  0.00000154858199671
  0.00000159432555484  0.00000162799506410  0.00000165214658786  0.00000168215598510
  0.00000171684909141  0.00000175145122402  0.00000178489118663  0.00000182486547165
  0.00000186902300405  0.00000191524587658  0.00000196319869677  0.00000201003786639
  0.00000205480437380  0.00000210074194278  0.00000214941216096  0.00000220651843454
  0.00000226566900330  0.00000232520694576  0.00000238600430582  0.00000244705543888
  0.00000250798356616  0.00000257011122371  0.00000263420200725  0.00000269706048600
  0.00000276001102092  0.00000282162634320  0.00000289100933477  0.00000297346481727
  0.00000306984919218  0.00000317141368722  0.00000327020235771  0.00000336331805560
  0.00000345964736816  0.00000356913167126  0.00000367835968448  0.00000378952617731
  0.00000389737145003  0.00000400683035923  0.00000412348182068  0.00000424869802555
  0.00000437793983647  0.00000449739974719  0.00000461838871773  0.00000475002971690
  0.00000489639586116  0.00000506705118810  0.00000523281137768  0.00000538957922502
  0.00000554245124165  0.00000572337995107  0.00000590050761242  0.00000607655824807
  0.00000625046952289  0.00000643919982047  0.00000668216085685  0.00000693276715085
  0.00000720714539258  0.00000750532048227  0.00000782335275419  0.00000814326017402
  0.00000842342511271  0.00000873707362862  0.00000906926954032  0.00000944090280387
  0.00000987334699474  0.00001037353863734  0.00001092113363137  0.00001146711233594
  0.00001204327765819  0.00001269782486377  0.00001339432262689  0.00001420160858471
  0.00001521206177460  0.00001639032335043  0.00001769014627481  0.00001912300617343
  0.00002090968788737  0.00002289425274291  0.00002513790825690  0.00002778397249504
  0.00003120388411430  0.00003532541233881  0.00004089029722455  0.00004917379937579
  0.00006106940071804  0.00007728860235311  0.00009933804459897  0.00014251158455752
  0.00024290395515808  0.00057662225378615  0.12486776429828776  1.00000000000000000
  0.00001157024530579  0.00001170443624336  0.00001181209050954  0.00001192719187725
  0.00001202540248673  0.00001230316748037  0.00001259620156126  0.00001288360642702
  0.00001313341228482  0.00001334592032602  0.00001353855199263  0.00001372254102177
  0.00001390269807027  0.00001411613905341  0.00001433550937431  0.00001454442959258
  0.00001475294802679  0.00001496239862060  0.00001516417148857  0.00001536659033786
  0.00001558735876131  0.00001591014197895  0.00001621111934651  0.00001653677786879
  0.00001688661351891  0.00001727640884316  0.00001764068423827  0.00001798726528893
  0.00001835919814507  0.00001875385341379  0.00001917354855847  0.00001964347050962
  0.00002022824398300  0.00002081397238519  0.00002140790618642  0.00002201209860680
  0.00002263815260274  0.00002330331231647  0.00002403361654354  0.00002475536317037
  0.00002551457479145  0.00002634191857077  0.00002725766248414  0.00002838422102082
  0.00002939710200179  0.00003030463285877  0.00003134979849426  0.00003245752111193
  0.00003363803208533  0.00003512030809034  0.00003675470838872  0.00003847917598412
  0.00004014219789607  0.00004179256299913  0.00004359677982589  0.00004547325849099
  0.00004751694523492  0.00004988592128374  0.00005272264324870  0.00005589856467356
  0.00005949049785202  0.00006364753984882  0.00006850501702352  0.00007421186916158
  0.00008026572028214  0.00008630791234424  0.00009283587476834  0.00010035469118571
  0.00010884519960942  0.00011833039310455  0.00012895153675132  0.00014103214958983
  0.00015564565232823  0.00017427772103575  0.00019761399375818  0.00022238518072291
  0.00024963453303703  0.00028250594288414  0.00032235060969759  0.00037104025486999
  0.00043411005186682  0.00051432832945754  0.00061737137370361  0.00074713241882317
  0.00093389734792172  0.00118375852461038  0.00147758779767158  0.00189230809385869
  0.00239257858705517  0.00300412297229802  0.00376870142939628  0.00509770250897409
  0.00993737662658993  0.01763961185702926  0.14048684605958425  1.00000000000000000
 -0.00598138026182646  0.03231560030826457  0.04928678417151404  0.06288751967723033
  0.07398506024705652  0.08400453125349852  0.09399774948433696  0.10397559835313779
  0.11447669059434758  0.12497656790950121  0.13573459960463261  0.14597582927337899
  0.15640045337071756  0.16700673927637705  0.17803369718489170  0.18874337514219131
  0.19991162787500669  0.21135126430531889  0.22301004042820508  0.23370604130417427
  0.24326172577626140  0.25268567366903966  0.26193294951591128  0.27116236807336330
  0.27994809371114088  0.28948825154942065  0.30290963616250616  0.31747015156828512
  0.33107600293238992  0.34320403681547124  0.35471131645037035  0.36612304453816619
  0.37793987065843926  0.38889610834496807  0.39995467776337768  0.41101180583284758
  0.42450997213244734  0.43597851929258341  0.44622809965421650  0.45604939437582342
  0.46582458461257259  0.47560497294398424  0.48481518544124719  0.49381648987076804
  0.50299344584497885  0.51174629133364724  0.52033992409798757  0.52977377277980175
  0.53919016405498521  0.54837228307483177  0.55714367300977674  0.56654089852493517
  0.57698429095971260  0.58699922666890680  0.59627941812318030  0.60508306532023959
  0.61464441662416502  0.62516946272561824  0.63623630609752835  0.64781126075360396
  0.65963559269131811  0.67196967380817640  0.68423480365606404  0.69511374025900297
  0.70474144944103390  0.71389048089790541  0.72246515874244710  0.73129387368717447
  0.74164726717622198  0.75280305315168716  0.76370955880009062  0.77428386374413138
  0.78407831139901718  0.79464826266837829  0.80433329487360694  0.81303969817428068
  0.82144466276366501  0.83054934572945760  0.84178506450268398  0.85382385995885024
  0.86534145635210991  0.87625778522703945  0.88575803178932089  0.89430186434882952
  0.90298264389947902  0.91255427270851219  0.92210996004561330  0.93215961957193971
  0.94196788581836233  0.95163843524343195  0.96164861937144186  0.97147015147254823
  0.98019471587157114  0.98709812126132868  0.99364376803374710  1.00000000000000000
  0.00000373807068693  0.00000431750224184  0.00000497495653898  0.00000579563303095
  0.00000693201528220  0.00000807044498958  0.00000921889543433  0.00001040231107794
  0.00001191960725469  0.00001365177805379  0.00001554266996728  0.00001771504845425
  0.00002030810379795  0.00002362844614073  0.00002775434337279  0.00003280539464560
  0.00003872392190068  0.00004558100600713  0.00005311302358789  0.00006155176786822
  0.00007063596740180  0.00008025054249666  0.00008967115945347  0.00010006440254035
  0.00011157049648163  0.00012437275559269  0.00013763500808687  0.00015171429137788
  0.00016649537646080  0.00018086863698374  0.00019475650074891  0.00020990611080206
  0.00022772040844317  0.00024707283515020  0.00026693797661100  0.00028756775433727
  0.00030923630330948  0.00033148189581317  0.00035607479716681  0.00038247080257226
  0.00041032129927694  0.00043974751749662  0.00047013030171173  0.00050136402857803
  0.00053298267236561  0.00056682238121696  0.00060321515083821  0.00064322123013999
  0.00068912265813914  0.00072948794718559  0.00076422145849410  0.00079922145928686
  0.00083550996936648  0.00087463554435574  0.00091961257562945  0.00097717821537911
  0.00101957754088332  0.00106524942001675  0.00110718022113359  0.00115402084545070
  0.00119990936292185  0.00124958170425683  0.00129749166330620  0.00134934227597250
  0.00141148347073539  0.00147196781001401  0.00153339872138725  0.00160040802782071
  0.00168258888700739  0.00179110377473098  0.00190004854656630  0.00199144208633230
  0.00208033538670404  0.00218324095653871  0.00231461810485168  0.00245440766089930
  0.00262551153895402  0.00282875219522952  0.00302264535225862  0.00321103359148857
  0.00342008773224949  0.00366667087506195  0.00398170153899789  0.00438291433105242
  0.00481892482348192  0.00522854112821038  0.00563815743293885  0.00605448335933764
  0.00658245339342558  0.00711042342751353  0.00763839346160147  0.00794714743002761
  0.00823187441296220  0.00851660139589679  0.06425833830620961  1.00000000000000000
 -0.00212583122979925  0.00873012574942289  0.01668087648439999  0.02544646131288278
  0.03413357539557872  0.04356426103854670  0.05326353036656986  0.06326199777791179
  0.07216058954968699  0.08092334643786875  0.08953852751466491  0.09870758879142806
  0.10877078384076851  0.11866317566964373  0.12835907477059680  0.13799260432502428
  0.14767343351302975  0.15629738490263231  0.16367749025934189  0.17195955747213770
  0.18088357824666110  0.19104595206491337  0.20185035650697614  0.21174570718908142
  0.22068977844037457  0.22947051529216364  0.23958524640383769  0.25100761136721522
  0.26269404337892677  0.27544365046062952  0.28865830778530216  0.30122410506029956
  0.31292888381719502  0.32343342779447082  0.33434681941870315  0.34575021239071063
  0.35652834340498674  0.36618110641647572  0.37578976590679808  0.38661414809076233
  0.40080867131701914  0.41659706587012946  0.43074649454194425  0.44406534835395972
  0.45734176971416707  0.46897910873644155  0.47954392558294351  0.49017244473058397
  0.50103832941527571  0.51161257310116004  0.52267479101142333  0.53503869627771439
  0.54911613266486425  0.56362661400311598  0.57829686461411944  0.59247886691799923
  0.60439604073490960  0.61531038816717532  0.62602890688375723  0.63697706783061281
  0.64799178805232727  0.65997897976231745  0.67278148239894531  0.68371162796131557
  0.69376129875082415  0.70360443764358449  0.71296235275034847  0.72189180716860135
  0.73181939548677710  0.74367167454880578  0.75577354418346254  0.76742179957682310
  0.78030139009774246  0.79306183970327271  0.80536142512337294  0.81712383008607270
  0.82869827402959761  0.83971248615076433  0.85148957518138213  0.86316972401106073
  0.87513928518799311  0.88375787982295684  0.89281192714406066  0.90182010472445540
  0.91029508328566122  0.91817798612345869  0.92625381042823896  0.93419729166051979
  0.94455753704458389  0.95490323317545989  0.96356853825284938  0.97127505296345751
  0.97905425002278601  0.98602573134210958  0.99295258074169190  1.00000000000000000
 -0.00192231034242725  0.00904025963586611  0.01826836716071024  0.02814284545813332
  0.03851313952406548  0.04874040003056169  0.05852316206872285  0.06851654726701638
  0.07857550911768373  0.08861620546796348  0.09902942724066723  0.11013726184031725
  0.12162914477838235  0.13285105592280222  0.14368854439027892  0.15326621474613994
  0.16156949940569287  0.17017281326583494  0.17880383555149496  0.18944981730502747
  0.20047553811942273  0.21202846330870373  0.22421350471454199  0.23557449839840755
  0.24679519064428013  0.25805548872507322  0.26967861162172513  0.28231107086999252
  0.29300407333701317  0.30241337063900137  0.31160005980246486  0.31963307565785093
  0.32877677403538191  0.33884427358498870  0.34837150324082872  0.35781777547297833
  0.36815145168217550  0.38046028278922089  0.39430516877529859  0.40790029328539679
  0.42125961199053685  0.43422637534017694  0.44597295392050074  0.45683901963028101
  0.46715715004346914  0.47737667265052836  0.48653145591156827  0.49628706739844169
  0.50608943183496591  0.51730766010972773  0.52841152443523132  0.53891447285281358
  0.54879371953347733  0.55869522476652611  0.56920671426019576  0.57986520084239201
  0.59132706119480738  0.60293888474561974  0.61478259415669112  0.62551677719593990
  0.63570693338650464  0.64611136932717927  0.65769739752187040  0.67048843100003386
  0.68200754487649651  0.69160859695339261  0.70069452026208989  0.71056133452984593
  0.72199856945157614  0.73246387295806514  0.74085968786250589  0.74779916744919162
  0.75430603912043492  0.76097589470490534  0.76828318977009513  0.77740243095067652
  0.78634055807592029  0.79595638502992527  0.80630102682756621  0.81651707238081672
  0.82632553531086650  0.83638360202791906  0.84757353206716912  0.85980846147464252
  0.87167889881864646  0.88253553169531940  0.89265995774221296  0.90293784325975168
  0.91236865019859581  0.92289269351483560  0.93446868039045361  0.94736273630425860
  0.96082772453216336  0.97370968462715435  0.98678639031410553  1.00000000000000000
 -0.00186885567934314  0.00578442621300124  0.01221035700150425  0.01867472232736112
  0.02517404502316548  0.03142962923135705  0.03791893578431013  0.04461015861036793
  0.05221955920901233  0.05986245779219834  0.06687025770520290  0.07352878634366286
  0.08008419032022009  0.08656017730880214  0.09320954424370913  0.10021499712287507
  0.10834281919428349  0.11741039775647055  0.12680552542912010  0.13673657031040318
  0.14589605586490703  0.15424375034928126  0.16264653367083454  0.17100770965967282
  0.18000289795710878  0.18972690334135867  0.19863174284766175  0.20792272857117763
  0.21677629625520395  0.22544473100638049  0.23497313286944305  0.24489885634425806
  0.25400041058609341  0.26263291061990235  0.27272787204638305  0.28402563659677266
  0.29480663758546571  0.30496859127833553  0.31738243634382274  0.33191183400768115
  0.34470028413801296  0.35652064907051906  0.36892213256450246  0.38113700925407112
  0.39277580618532909  0.40491967594866701  0.41712985005594638  0.42923510484706179
  0.44135677865573752  0.45449550934140698  0.46726885985505889  0.47931747834848248
  0.49134116156470664  0.50333300825252925  0.51658112010481561  0.53334748774882113
  0.55170743958292368  0.56741150416070141  0.58191117879514509  0.59498460676374199
  0.60634137966633983  0.61780646878305212  0.62971417576877564  0.64294826884118506
  0.65717115528786507  0.67033374309520666  0.68254600620180450  0.69363224779932386
  0.70425817591124318  0.71601727596937403  0.72684361586433177  0.73665416180606380
  0.74709179985434659  0.75886324350969592  0.77231382966340212  0.78521008226664901
  0.79662578625184444  0.80725539003285418  0.81802759019960625  0.82985869675710799
  0.84180972285777111  0.85302342633233552  0.86380111153985839  0.87503907017038718
  0.88664322179396393  0.89983898880006818  0.91150566561780910  0.92250019584464793
  0.93278226833485300  0.94332635485431604  0.95415129786725794  0.96446810342081990
  0.97416904249209357  0.98313693529806967  0.99134585742787984  1.00000000000000000
 -0.00236093591134049  0.00870027143285057  0.01848685056271743  0.02831205930309507
  0.03881137013318018  0.04949985068695645  0.05981291940229815  0.06995855723192128
  0.08041182401853425  0.09125252737906588  0.10453118594470003  0.11524184508823850
  0.12465701211353188  0.13381905087659884  0.14281359472930247  0.15197681450554504
  0.16550086890985968  0.17728081536552745  0.18881522265611739  0.19924884634883080
  0.20997279677787978  0.22133916139828422  0.23248549839492946  0.24394854134115521
  0.25386921345713925  0.26375515363623647  0.27400062079178539  0.28447721646759117
  0.29431741006382095  0.30405208855445542  0.31427849295348781  0.32470793994989011
  0.33400027264861365  0.34290552206213359  0.35153294152030040  0.36048122811490213
  0.37091311760144913  0.38243767302577841  0.39461986776074170  0.40564497010470235
  0.41712652035698311  0.42897599068329006  0.44114190951484400  0.45360094042676269
  0.46660381168002180  0.47994548855085584  0.49111071401339051  0.50019366833262702
  0.50829084119087209  0.51613265412348053  0.52480490057640372  0.53293730365534631
  0.54158380035601184  0.55043709823089415  0.56035379656043016  0.57017325410311681
  0.58049007841456290  0.59185990689908508  0.60338884843114293  0.61832109375529554
  0.63029968680835358  0.64205950283006163  0.65363853670400718  0.66621922525004784
  0.67847374678149297  0.69030449598087551  0.70338435855772807  0.71658658540671982
  0.72963160235607216  0.74130068522973236  0.75273110261523835  0.76376331506485784
  0.77392539138132432  0.78320012379225634  0.79341032716534610  0.80502651439144557
  0.81646433527165441  0.82631130933305796  0.83511035054392446  0.84410119630202096
  0.85325778424002041  0.86324480531808734  0.87372613902890606  0.88458385027575615
  0.89504130400169524  0.90398600836241749  0.91222378154170281  0.92074348808014628
  0.92886271388197461  0.93680528390353079  0.94599358049477245  0.95565964495206202
  0.96645188394204884  0.97855423204068182  0.98936732294712626  1.00000000000000000
 -0.00171198306005655  0.00784402203470793  0.01558792176468756  0.02337638781738725
  0.03169277676521402  0.04023289129686890  0.04924442900243808  0.05913399700236455
  0.06932372220200933  0.08075682359359579  0.09278148799618553  0.10570557416215309
  0.11815232135060647  0.13054436566390590  0.14295181347576741  0.15477968256396712
  0.16631666897647898  0.17759110325640906  0.18910816056626437  0.20166452879998206
  0.21460555914270588  0.22759949398925078  0.24250196926243109  0.25729102165308815
  0.27219510173168965  0.28705666426040971  0.30143342173482734  0.31483132409966397
  0.32716726946224478  0.34009366024494680  0.35402302778637978  0.36771499439004368
  0.38142843451643443  0.39593484132208284  0.41044877092592991  0.42413997707663276
  0.43682485804766413  0.44895936732203834  0.46063637117553791  0.47171638504442992
  0.48261114855791204  0.49331645753127634  0.50581438665400902  0.51870705467682099
  0.53144281436415208  0.54300842465357158  0.55357555505353073  0.56404920644066803
  0.57483771442842135  0.58562873822536043  0.59672169860787982  0.60809540272008522
  0.62002754683546579  0.63246677357570191  0.64479238854965837  0.65715492655106755
  0.66927069560510688  0.68050749138864552  0.69096530065948780  0.70019944634897979
  0.70992184434591377  0.72027580206822028  0.73098634951211272  0.74148548819563165
  0.75101794399805244  0.75998240057876476  0.76930967507550529  0.77974061989250076
  0.79121608647075059  0.80270310056647032  0.81206034695657769  0.82122528762687907
  0.83048346218384905  0.83918297620233195  0.84806498656813445  0.85624568986615113
  0.86334480553947024  0.87082230396687921  0.87823542955013700  0.88503129260706659
  0.89165510926463587  0.89787447740138626  0.90418258907162430  0.91084663881019845
  0.91705545111910969  0.92325419516736684  0.92899376504821374  0.93509796361859876
  0.94224497973606935  0.95011483165656063  0.95829655757998555  0.96768664354123757
  0.97645154706184356  0.98462685565759811  0.99256478577724250  1.00000000000000000
 -0.00224709151441144  0.01009002071000430  0.02159724976228610  0.03250415491239935
  0.04295997079896108  0.05199724343632184  0.06149852239039560  0.07218682604954454
  0.08347179346568034  0.09509404342050048  0.10732893209021417  0.12063585567199130
  0.13352125293099643  0.14615839696821289  0.15867573922467806  0.17059819557377240
  0.18120309192202097  0.19178173061759918  0.20215664969136074  0.21246427747385410
  0.22306853416610040  0.23430561096956318  0.24693592525273969  0.26124594508045057
  0.27583257715850568  0.28984916684272272  0.30348596548139067  0.31709713839101944
  0.33070008498945891  0.34342775428655786  0.35555831203108590  0.36647044662018335
  0.37645826302559354  0.38585612019301707  0.39508507257549208  0.40389133531449800
  0.41240292252691302  0.42198129937483536  0.43189389681734386  0.44077676092277035
  0.44943357586340632  0.45912490740968664  0.46666844598344626  0.47372904367886398
  0.48170415650590309  0.49209292989584152  0.50296469132122101  0.51420084155330481
  0.52575258468035180  0.53791864226636876  0.55049519794657886  0.56315035811444925
  0.57320125757091078  0.58087623582405812  0.58818049712405451  0.59556934120817073
  0.60403222645968346  0.61558471776210000  0.62703354874688411  0.63803802741514859
  0.64813643891639783  0.65800588091518686  0.66879729776471475  0.67951028964374960
  0.68978484892776593  0.69968301546821210  0.70939010279457027  0.71929519529370178
  0.72922740492066618  0.73952322044908236  0.74996848475766931  0.76008744840964615
  0.77029280111366971  0.78073542730674250  0.79127248983946330  0.80100722976984884
  0.81006247924733921  0.81910767399328621  0.82842305220090895  0.83691807167352139
  0.84518396000919460  0.85345132450511363  0.86196923036047723  0.87131244505499417
  0.88038497200182875  0.88983693944927900  0.90047399631076586  0.91335078059412045
  0.92512607362612920  0.93716619200804996  0.94927727757068869  0.96085359578224872
  0.97051399146734274  0.98003719835940506  0.98993856485664011  1.00000000000000000
 -0.00307642932266781  0.01225232566456636  0.02479422586805465  0.03517430853268420
  0.04581478250274453  0.05488242168929420  0.06431123933540892  0.07374132765022817
  0.08361507681416259  0.09588553179825528  0.10843013071234915  0.12283696864018746
  0.13514977142642634  0.14628276375047303  0.15614462293380238  0.16594531969212614
  0.17561556663687949  0.18473102350126158  0.19405650600979935  0.20409770068857011
  0.21452638405716923  0.22389236226806175  0.23284244603843723  0.24271200557468284
  0.25158465813222763  0.25930724630865420  0.26759885477057455  0.27669162941819603
  0.28613841337939011  0.29498570393633200  0.30344569059989535  0.31277735099273996
  0.32419777088103091  0.33652056598688512  0.34881530544133127  0.35943739308303452
  0.36975016651186371  0.37999286763446388  0.39036009512257464  0.39985627673040347
  0.40844429667865534  0.41720351234718617  0.42611659812878194  0.43536393567285997
  0.44500762668972582  0.45537968753969588  0.46639682392341836  0.47810777746047300
  0.49011020510411385  0.50156461934281105  0.51210008705754639  0.52213820237339958
  0.53193663115818757  0.54142299878497202  0.54951219111989991  0.55735522149791494
  0.56664255545991504  0.57874946483315681  0.59160827526677739  0.60417982039555340
  0.61671664623421241  0.62940967178240403  0.64159583608239090  0.65275910930943681
  0.66301978850944732  0.67332451327210163  0.68360928976672086  0.69435703428663076
  0.70487220703823061  0.71741247174001188  0.73063355131495467  0.74302463279663777
  0.75543490935964086  0.76752937121542530  0.77876492416073462  0.78874466470806659
  0.79843432757033816  0.80786175099458435  0.81805506514333803  0.82631660011203145
  0.83395296938522090  0.84238906532260627  0.85257777768520304  0.86466670978393234
  0.87536820132814985  0.88501025911157405  0.89550075294987574  0.90513538302044971
  0.91494153723202465  0.92484613709273744  0.93511651739929791  0.94626900956356896
  0.95866177424466814  0.97196524982739230  0.98626724277869948  1.00000000000000000
  0.33715566075529957  0.75273092935585262  0.78731979939547903  0.79963167947098757
  0.80887041058279896  0.81595095146683205  0.82250358701797333  0.82911968766944399
  0.83569080118386774  0.83983610385182572  0.84384276770318711  0.84814371936076605
  0.85263004198826498  0.85647709364484792  0.85972486936501025  0.86277286505918505
  0.86563524388093804  0.86914767985627772  0.87281472622393697  0.87631119798418866
  0.87908632631478423  0.88182788958335179  0.88450607369882517  0.88690754649808135
  0.88909652713171483  0.89127625368443164  0.89343018115686257  0.89566980314165712
  0.89803809374388810  0.90032822741831886  0.90258422082514522  0.90485703429523012
  0.90727823045139877  0.90972717490881838  0.91201344809334262  0.91405838150059793
  0.91593942789769112  0.91776457523595545  0.91962173993638840  0.92153387263702913
  0.92342412390610384  0.92523800798288847  0.92700417829271309  0.92879522861440589
  0.93065278295163434  0.93254655974960898  0.93433621936196076  0.93610582863744063
  0.93783038531237917  0.93946122700881129  0.94115236251608059  0.94283976458777496
  0.94438016470114472  0.94584253390034245  0.94729068366946179  0.94871727967228781
  0.95014941723404911  0.95155685599884499  0.95289604687432661  0.95425595631810378
  0.95563590745037441  0.95709599664899148  0.95862602494619464  0.96014968309217918
  0.96157065294646515  0.96281804574534435  0.96388609436631911  0.96501426798422074
  0.96604836536204564  0.96705519204363066  0.96801916569688828  0.96904599004333825
  0.97036853866823025  0.97162007687493457  0.97292934246154461  0.97416388957986044
  0.97531293638501615  0.97640802949700278  0.97748977355010092  0.97868262307680987
  0.97988289163237863  0.98109505439364109  0.98234517641649166  0.98359984874254569
  0.98481414985770832  0.98603445130847756  0.98730524541700337  0.98849386540653217
  0.98965041119817643  0.99085469035045226  0.99215405517837696  0.99352787608260074
  0.99487688249912587  0.99629949256880079  0.99795069081786236  1.00000000000000000
 -0.02983346224972573  0.14982242115199346  0.19052216132822861  0.21475003616607258
  0.23413377933665022  0.25202062769117067  0.27001674616334387  0.28756845751357468
  0.30245667911621410  0.31570511567878418  0.32867162830651803  0.34202317744268074
  0.35566695557791395  0.36892359285902354  0.38009772501435179  0.39090251131197740
  0.40224298546455656  0.41205361762390258  0.42066494795940124  0.42892960335694907
  0.43755928608812089  0.44642722896200188  0.45528538236477800  0.46401850276002604
  0.47248573905297092  0.48094333053440808  0.48863778620066661  0.49515596198011758
  0.50136722264373146  0.50729070903231854  0.51349341220676892  0.52019319987054324
  0.52713820090238428  0.53434858973889632  0.54125203441851533  0.54770924523620368
  0.55428819539944385  0.56079871010783366  0.56804281254906852  0.57499551993194220
  0.58243354130782909  0.58907769218302619  0.59549017964769335  0.60145954895507148
  0.60753261198893949  0.61343006489517926  0.61880869687692341  0.62363413083080110
  0.62827626031096950  0.63313789216787808  0.63818865084982357  0.64380300414873681
  0.64974005841496441  0.65513227086602521  0.65999584519253374  0.66502402272951999
  0.66976338806819635  0.67523354885625309  0.68094461060347000  0.68634163505710999
  0.69190054361984943  0.69750930610467377  0.70320976955615755  0.70966520033314007
  0.71565131980992891  0.72189935250547965  0.72753732771543567  0.73314873307317818
  0.73840668876129079  0.74383560566526996  0.74955668655860164  0.75573760817472857
  0.76229883949129529  0.76860664904924847  0.77456173284666507  0.77937803569606301
  0.78409921528027238  0.78889863292254625  0.79305691594424998  0.79784871124402978
  0.80344239191596678  0.80943353616765767  0.81559892154145375  0.82226834589650322
  0.82990805795102107  0.83707230125507326  0.84313635061684844  0.84903408753663645
  0.85533338482963805  0.86293737811327353  0.87177709892433031  0.88262977959299616
  0.89577331759598033  0.91175539318716381  0.93619005558870916  1.00000000000000000
   7.4239903982838557E-006  -1.0000000000000000     
 F F F F F F F F F F F F F F F F F F F F F F F F F F F F F F F F F F F F F F F F F F F F F F F F F F F F F F F F F F F F F F F F F F F F F F F F F F F F F F F F F F F F F F F F F F F F F F F F F F F F F F F F F F F F F F F F F F F F F F F F F F F F F F F F F F F F F F F F F F F F F F F F F F F F F F F F F F F F F F F F F F F F F F F F F F F F F F F F F F F F F F F F F F F F F F F F F F F F F F F F F F F F F F F F F F F F F F F F F F F F F F F F F F F F F F F F F F F F F F F F F F F F F F F F F F F F F F F F
  <DiscreteSampler_grid>
  grouped_processes
  1 # 1 for a reference and 2 for a running grid.
  10 # Attribute 'min_bin_probing_points' of the grid.
  1 # Attribute 'grid_mode' of the grid. 1=='default',2=='initialization'
  0.0000000000000000 # Attribute 'small_contrib_threshold' of the grid.
  0.5000000000000000 # Attribute 'damping_power' of the grid.
 # binID   n_entries weight   weight_sqr   abs_weight
    13   10   4.076829493333819E-002   1.344950162734651E-002   4.076829493333819E-002
    14   10   4.076829493333823E-002   1.344950162734654E-002   4.076829493333823E-002
    16   10   5.328650867385989E-002   2.326628815272978E-002   5.328650867385989E-002
    17   10   5.328650867385994E-002   2.326628815272981E-002   5.328650867385994E-002
    22   10   4.076829493333819E-002   1.344950162734651E-002   4.076829493333819E-002
    23   10   4.076829493333824E-002   1.344950162734654E-002   4.076829493333824E-002
    25   10   5.328650867385989E-002   2.326628815272978E-002   5.328650867385989E-002
    26   10   5.328650867385994E-002   2.326628815272982E-002   5.328650867385994E-002
    31   10   4.076829493333817E-002   1.344950162734649E-002   4.076829493333817E-002
    32   10   4.076829493333822E-002   1.344950162734653E-002   4.076829493333822E-002
    34   10   5.328650867385990E-002   2.326628815272979E-002   5.328650867385990E-002
    35   10   5.328650867385996E-002   2.326628815272984E-002   5.328650867385996E-002
  </DiscreteSampler_grid>
