  0.00000137486557349  0.00000146380198224  0.00000151148669384  0.00000154367244654
  0.00000157538846136  0.00000160634313504  0.00000163790785775  0.00000167514743566
  0.00000172272179349  0.00000177018153877  0.00000182230544359  0.00000188160301383
  0.00000194315222123  0.00000200792321759  0.00000207142643257  0.00000213780055473
  0.00000220969859896  0.00000228825784347  0.00000236925085033  0.00000245339919650
  0.00000253743658774  0.00000261871310213  0.00000269897569651  0.00000277882188708
  0.00000286694038683  0.00000297114067470  0.00000309793061037  0.00000321815673033
  0.00000332982581555  0.00000343768844969  0.00000354507803976  0.00000365075199331
  0.00000375653228530  0.00000386504346805  0.00000398666497094  0.00000413445945445
  0.00000430128912120  0.00000448512700103  0.00000468014341893  0.00000486117977808
  0.00000505232910539  0.00000523185850863  0.00000542382790049  0.00000564268936705
  0.00000586216176325  0.00000607544571713  0.00000628997290120  0.00000651993616701
  0.00000677427782767  0.00000704083552427  0.00000732324070957  0.00000764227437720
  0.00000794393638053  0.00000825547908002  0.00000857719010862  0.00000890549761901
  0.00000926342146109  0.00000964863775378  0.00001000830604201  0.00001040589455385
  0.00001090307826723  0.00001139883768724  0.00001190050092693  0.00001242655583009
  0.00001298796183907  0.00001359911406682  0.00001431118417454  0.00001513179319681
  0.00001599848153452  0.00001684831131118  0.00001789678783412  0.00001915513847535
  0.00002083214121242  0.00002258813028383  0.00002447153295086  0.00002635034072694
  0.00002875922185799  0.00003161259116803  0.00003496017218108  0.00003873513060598
  0.00004315799379084  0.00004824785068674  0.00005490664951850  0.00006217801796124
  0.00007143310378206  0.00008389556702876  0.00010198956290605  0.00012798131266750
  0.00016456465156478  0.00022100232217981  0.00032070357921307  0.00052570159715315
  0.00095228028339898  0.00219077426053474  0.18709885385519659  1.00000000000000000
  0.00000595031869987  0.00000774009626580  0.00000822893737282  0.00000856462244536
  0.00000887841913787  0.00000924313844022  0.00000957213663898  0.00000990815736502
  0.00001017580904577  0.00001046673739719  0.00001075892088470  0.00001103643513420
  0.00001135715598620  0.00001168018481238  0.00001199045428348  0.00001226033630497
  0.00001256668880582  0.00001289865631311  0.00001325297161933  0.00001368451495182
  0.00001409923873091  0.00001448958030362  0.00001487042638072  0.00001525324186355
  0.00001561571358223  0.00001602416463447  0.00001647814192867  0.00001697497856659
  0.00001754854527867  0.00001813103610429  0.00001870619423995  0.00001920751536446
  0.00001980822260422  0.00002042946371092  0.00002106180390989  0.00002175424487689
  0.00002255828450575  0.00002346745999539  0.00002437371005885  0.00002531903110934
  0.00002629529196014  0.00002729697939397  0.00002839149671039  0.00002938727648902
  0.00003047519722214  0.00003174501895397  0.00003316660997598  0.00003465498255683
  0.00003630897994755  0.00003805236772977  0.00003992240728274  0.00004197897195028
  0.00004429930595389  0.00004687659793637  0.00004937237526899  0.00005188104872454
  0.00005467342621433  0.00005749435663011  0.00006049635828700  0.00006414263982408
  0.00006793401196503  0.00007281570343512  0.00007773605611206  0.00008359037336811
  0.00008993202510434  0.00009772375526987  0.00010669724364435  0.00011722330737161
  0.00012892311087335  0.00014118586359690  0.00015441282817824  0.00016977711888172
  0.00018807182149949  0.00020872842266875  0.00023439404492174  0.00026423524815428
  0.00029900171894952  0.00033965264390858  0.00038060690948187  0.00042532370592504
  0.00047820545701382  0.00054456175349098  0.00062385472035859  0.00070486002534481
  0.00082072032775192  0.00097128996411421  0.00117215093293630  0.00145029579127005
  0.00186091465890450  0.00244544556830163  0.00343351341763021  0.00488789350725284
  0.00656038056779121  0.01077788112116012  0.25643924466606249  1.00000000000000000
 -0.00500331361746478  0.03042485156002460  0.04786728779451914  0.06139596089862306
  0.07505479807010948  0.08856224112520739  0.10034720202525541  0.11125121207022266
  0.12138661347619455  0.13143034313272281  0.14149235307298544  0.15211202435061941
  0.16340438249383860  0.17533378097069310  0.18832583429543850  0.20140218895859599
  0.21392626190814337  0.22516662814299604  0.23617646471005826  0.24700751346755090
  0.25851456621703534  0.26775232191874132  0.27646537597947657  0.28491626239444823
  0.29432521810584333  0.30457208474215119  0.31391618070700683  0.32267696482456076
  0.33173128579717415  0.34130590459074700  0.35053748387834027  0.36071554021015323
  0.37134379402635725  0.38157935934569076  0.39063949439910323  0.40006149490447007
  0.40940147305231889  0.41925549148572988  0.42940863232182225  0.44093228781189753
  0.45283294302797500  0.46399674777661415  0.47487707257691397  0.48591515544299640
  0.49578166949481928  0.50401857784004889  0.51119008620247020  0.51939317461642365
  0.52832407771809897  0.53680162776517348  0.54470785983172376  0.55201847630261125
  0.55922746493889752  0.56767561003036582  0.57677920600316890  0.58628848515748866
  0.59623216919264155  0.60581780103092542  0.61575505318392065  0.62715696830683720
  0.64008959429431433  0.65292503177120897  0.66500178307490787  0.67636446758977165
  0.68754587922015720  0.69858001785721102  0.70995123197854293  0.71972707029679461
  0.72905971928273017  0.73872972032431927  0.74964502618443873  0.76061141170739544
  0.77116824108452642  0.78171410066492986  0.79265887950569913  0.80394408766696990
  0.81511367863048567  0.82615381871048632  0.83658673733257749  0.84539832460358044
  0.85312115226819063  0.86012878762841516  0.86809244785931783  0.87720154715454612
  0.88612727487914800  0.89472325793730478  0.90340108865282598  0.91273756529873007
  0.92386638228439200  0.93569575566505203  0.94701370545194086  0.95824573201266339
  0.96998797194657171  0.98147623742171053  0.99102906080712738  1.00000000000000000
  0.00000270260315535  0.00000500158981888  0.00000542407986410  0.00000582212596940
  0.00000628494422220  0.00000658583689426  0.00000705793905679  0.00000752287865839
  0.00000814057038034  0.00000914162004449  0.00001044872219234  0.00001180707412578
  0.00001311058297114  0.00001446741102914  0.00001602928184464  0.00001787268067340
  0.00001970453387472  0.00002161257765865  0.00002395424883322  0.00002688492912884
  0.00003004950672749  0.00003329325950885  0.00003668045526172  0.00004056835207197
  0.00004536776276518  0.00005105056525960  0.00005762569028950  0.00006454457065033
  0.00007185886325293  0.00007945732984666  0.00008761567860868  0.00009639509396500
  0.00010489050619180  0.00011398213578981  0.00012362759244866  0.00013449114062698
  0.00014525581090305  0.00015495120452071  0.00016439328632381  0.00017328763035715
  0.00018218660911325  0.00019181072723706  0.00020256131924046  0.00021450944528412
  0.00022716445449785  0.00024162880307892  0.00025594877889253  0.00027293753625664
  0.00028905995919348  0.00030673632210693  0.00032486313374395  0.00034430287905736
  0.00036337675969269  0.00038218548806441  0.00040050716600620  0.00042196194233696
  0.00044486117354577  0.00046750282125783  0.00048996043322917  0.00051125061066823
  0.00053128747841956  0.00055106338937933  0.00057302833203658  0.00059830391666651
  0.00063042110314843  0.00066885298511568  0.00070987852833763  0.00075297707836119
  0.00079951163515907  0.00083570952608292  0.00088105454602089  0.00092950393590129
  0.00097871764581330  0.00102268360185423  0.00107722539951256  0.00112904090278147
  0.00117527709332219  0.00122372538190690  0.00127453842651418  0.00133067842383794
  0.00139848004131626  0.00146412072271661  0.00153947728529545  0.00163933158614288
  0.00177518443948509  0.00194363702108008  0.00208001903598095  0.00217727293288003
  0.00227540327017962  0.00238237013573868  0.00249698128320124  0.00261948119776672
  0.00282089146774299  0.00320278560416316  0.05056150229389925  1.00000000000000000
 -0.00162627783266081  0.00681779912006310  0.01379830477376485  0.02044667092041412
  0.02740426256540422  0.03390529801564839  0.04010330956090793  0.04695980885105524
  0.05416901385606614  0.06170557390966468  0.06968556169815647  0.07843399057991182
  0.08788327208428313  0.09679277273263244  0.10558399340372318  0.11417463234912374
  0.12319343225637507  0.13298066180272800  0.14286240933041378  0.15266682558078037
  0.16268188792716864  0.17259782935425644  0.18383996678458944  0.19508400013536770
  0.20505172990330897  0.21554792598539546  0.22619867902103249  0.23755726472029551
  0.24972697806932825  0.26256388826115468  0.27471507706620174  0.28766123404569605
  0.30189698211994787  0.31620450600830802  0.32971500824462296  0.34334695378312657
  0.35596942227756773  0.36714493880336541  0.37758144149306971  0.38809621821473916
  0.39912410620108857  0.40863356861116423  0.41711674248225428  0.42600896908541258
  0.43625519277104713  0.44973087665662120  0.46295247565914710  0.47503891923859820
  0.48615233844826988  0.49719068795193994  0.50794553112266894  0.52009315220802055
  0.53214756503875160  0.54493520529312767  0.55754864411610328  0.56981761347127269
  0.58165314548119018  0.59403902684207788  0.60663357155720199  0.61916552819915716
  0.63093961205160676  0.64194817735007259  0.65227597456975794  0.66262644790773551
  0.67481000589561957  0.68802776799750909  0.69969734726438226  0.71063070988582422
  0.72136638988281232  0.73182506843716810  0.74236448768278684  0.75241707081119269
  0.76223540901159781  0.77268264490859906  0.78414202696681590  0.79876587456740433
  0.81306128387059340  0.82732737902874831  0.84008105584198056  0.85117197204090267
  0.86183858250207357  0.87193685180609970  0.88188509898061629  0.89067622610654018
  0.89848007679779085  0.90660605628010560  0.91513623278993206  0.92673847914256458
  0.93854557515256887  0.94759221648300951  0.95687439990943868  0.96647902049635281
  0.97590846204170334  0.98414265793221478  0.99205533602459739  1.00000000000000000
 -0.00196018648809594  0.00961032220623975  0.01966358060679155  0.03068891584896480
  0.04183654966462176  0.05268685758772589  0.06246474893305105  0.07180141445831886
  0.08203011640403221  0.09342742163338627  0.10738077933853360  0.12147738388024903
  0.13401235381900323  0.14520113646785562  0.15616075039830749  0.16744395643770249
  0.17821054467632505  0.18913046513457010  0.19896744717576595  0.20848624153520642
  0.21697043781827402  0.22617704794001456  0.23647710143664974  0.24714308294463508
  0.25812942781581655  0.27063518213640669  0.28359412261453193  0.29505754725481192
  0.30542420833559930  0.31612139156810798  0.32736378054170828  0.33797783425474243
  0.34719096210827233  0.35606628622367392  0.36574608210328274  0.37596116490128612
  0.38633861597301777  0.39654450523081003  0.40753910250367731  0.41795301848435112
  0.42778132501286753  0.43688896080014866  0.44626606703740535  0.45687041496560948
  0.46767501529954975  0.47858774897991124  0.49040682205556779  0.50245873795669571
  0.51460812129654998  0.52703140425069039  0.53946725131104778  0.55090915723050538
  0.56128328336487054  0.57129229423876982  0.58113843847984414  0.59062994682967818
  0.59984454183764635  0.60934492591743461  0.61967700965935169  0.62984308553721469
  0.63910387885791298  0.64795132466391669  0.65875904745373148  0.67078820874775480
  0.68289612770606001  0.69369771140235004  0.70431502755475739  0.71354637379341268
  0.72199027481054656  0.73044293671220573  0.73819210073543684  0.74831725640125024
  0.75830422296694100  0.76860865594890759  0.77950671155631701  0.79118716549401058
  0.80270293597838105  0.81353319888346443  0.82292967517253857  0.83235159608673925
  0.84189035944009016  0.85248039404975406  0.86327744964364872  0.87435215980505265
  0.88533635295285340  0.89590947561116030  0.90613056160359318  0.91621953570814219
  0.92672100666984136  0.93823513636108069  0.94927879455217301  0.96000530787804084
  0.97078620601954579  0.98127929303225270  0.99089369357710699  1.00000000000000000
 -0.00175458335232304  0.00696114144018912  0.01633301278568996  0.02528226963579797
  0.03608873147134689  0.04631921501182646  0.05481536152642737  0.06324561004095149
  0.07176186907550026  0.08090959446762595  0.09043083260303487  0.09996348679183352
  0.10967188360929678  0.11862084633868122  0.12667851185345699  0.13455104642354362
  0.14258506628457671  0.15274603139391804  0.16283936902796978  0.17252711318528635
  0.18219914884517219  0.19249661013672342  0.20294581212422322  0.21371730945650100
  0.22397751948747660  0.23510077156698750  0.24702483032456510  0.25975412520934332
  0.27239737902033295  0.28424484733530642  0.29511287202825870  0.30467645047681136
  0.31506849368497764  0.32480237442756271  0.33410862075909981  0.34290962473628928
  0.35283229258183668  0.36450738959230700  0.37630613646636946  0.38810416617682753
  0.40111164969237517  0.41401749423150824  0.42533490195356755  0.43629273823535614
  0.44789523579719520  0.45995192704731896  0.47098743840475210  0.48007266864423381
  0.48982914692540436  0.49981756537829231  0.50988717661468130  0.52019122326752976
  0.53002579553707030  0.53965632803389196  0.55013367261042834  0.56127406083569120
  0.57413696082266164  0.58697933672811198  0.59727321225133201  0.60762477541248938
  0.61603665610403280  0.62415913546068225  0.63220420289853640  0.64066844954307367
  0.65145501917874660  0.66267360289325172  0.67226039642349855  0.68119126346623293
  0.69064019299252433  0.70072733597945924  0.71223970297620431  0.72427067620120000
  0.73524003774599878  0.74565781267788322  0.75628322182693353  0.76692867016325528
  0.77633914639371504  0.78495715623513218  0.79365878531563494  0.80521721627770670
  0.81685413783725247  0.82892977705858517  0.84020470252612867  0.85278403353504184
  0.86671362226376003  0.88286610286702660  0.89746424840282135  0.91087882394578057
  0.92344196183886929  0.93607287517805826  0.94712814398899692  0.95735527502982720
  0.96805857878222012  0.97956653998814358  0.99030845473657747  1.00000000000000000
 -0.00340656361388594  0.01269662363103503  0.02380792655891158  0.03381827855969294
  0.04364333502610414  0.05431932078541467  0.06562982960640204  0.07535647795459845
  0.08551348427730328  0.09496960660416924  0.10490918482996293  0.11673494855830395
  0.12674123656126327  0.13811541280234491  0.14952514993853686  0.15997771269478456
  0.17222997517223690  0.18520449082584903  0.20022948127241672  0.21290539061466532
  0.22620895357806417  0.23527834079376692  0.24413479073207117  0.25380185085534279
  0.26322743484613309  0.27262473192366343  0.28187281146978888  0.29067323743938417
  0.29946301072119580  0.30850057977560885  0.31843205724809304  0.32934737426124233
  0.34024409651434007  0.35079301821519449  0.36141288091530666  0.37322648185161755
  0.38568412621380521  0.39855850367000933  0.41133467281483488  0.42278007459611977
  0.43280277512583459  0.44241386317433945  0.45322215197830368  0.46314608595696766
  0.47266768486269239  0.48122149433041345  0.48983710611303183  0.50001846924481308
  0.51059489496498178  0.52139076861885258  0.53064040230243859  0.54023585755634052
  0.55045163668686470  0.56311154062646163  0.57441236211294477  0.58496643658176772
  0.59637301095001127  0.60781909529452283  0.61881997651897702  0.62891154177963415
  0.63867235492799890  0.64851416277656260  0.65879968357937391  0.66961304509145658
  0.68096781450457700  0.69277444801209132  0.70486934025321724  0.71492966085794341
  0.72362337281326983  0.73209960333616975  0.74115134721516140  0.75076760083197658
  0.76031412641863805  0.76742161610970427  0.77544751326957806  0.78427683455528185
  0.79493214266296963  0.80595325754261604  0.81602682841093221  0.82536331725148404
  0.83512985567746412  0.84591945483142639  0.85659599993227498  0.86714194508998244
  0.87791085046342454  0.88970437614321918  0.90081522464941632  0.91106062204231719
  0.92140099955741039  0.93248759615568644  0.94395698780299242  0.95556489971657788
  0.96750099688305546  0.97875149162102659  0.98980353241207508  1.00000000000000000
 -0.00033854119683684  0.01028585971290900  0.01771628632338101  0.02562144842971033
  0.03347667148523464  0.04167421623865093  0.05189054910006351  0.06166286732859966
  0.06998401039689645  0.07751816592747338  0.08561780129782444  0.09461333985550296
  0.10389988016563081  0.11321952700529009  0.12186449937881395  0.13399676664653756
  0.14759801398103181  0.15735245348777374  0.16664812023019038  0.17597734804631740
  0.18554681565267922  0.19725721508822563  0.20902909459395430  0.21878901465119069
  0.22900590140712854  0.23882280693215960  0.24850884023790265  0.25820108650661167
  0.26790441225935885  0.27826831764879056  0.28816368795570529  0.29806053980506619
  0.30856766652023820  0.32099362485140437  0.33401299916533278  0.34618670685291852
  0.35774321203880088  0.36826949670499748  0.37864414390782225  0.38906689083151952
  0.39976343864221819  0.41053528739993528  0.42241027196010489  0.43467155981426903
  0.44674235644467042  0.45891194948666408  0.47097547381490218  0.48189726742593497
  0.49110021492717770  0.50152179298990518  0.51440248730257165  0.52892664849589099
  0.54266996991246286  0.55514979660255914  0.56693681759494707  0.57904866950492995
  0.59246081591557476  0.60528008478496698  0.61728197910484939  0.62937920186299978
  0.64226740667002580  0.65572798285733358  0.66832233172250111  0.68038138191965714
  0.69281988865212440  0.70531605158096000  0.71815688550926160  0.73007835478483241
  0.74245943378483026  0.75238556226828979  0.76224635220542103  0.77179228895046081
  0.78238749863021229  0.79370233368785137  0.80344340973592865  0.81203234284990533
  0.81989860761430899  0.82965786203889458  0.83978150383035732  0.84958182761756462
  0.85806588189703681  0.86673467325998232  0.87526852395151433  0.88394708768786323
  0.89175766968533332  0.89914742030830264  0.90668849269791130  0.91524586628803928
  0.92556254386011338  0.93643537123563092  0.94715842848913334  0.95773663067528370
  0.96868662782647907  0.97949783628036846  0.98962167709258164  1.00000000000000000
 -0.00255121672786326  0.01104973242474162  0.02210547167704014  0.03461037124598570
  0.04501207887657923  0.05571369627185997  0.06505874840438984  0.07437875991793484
  0.08552776845215325  0.09611604171266834  0.10612949956226782  0.11544107477033688
  0.12522544833415644  0.13520132638552970  0.14536822966581836  0.15533379358159047
  0.16516701679283527  0.17505664308278637  0.18531091905201283  0.19600385560785899
  0.20655238950534902  0.21666278700310510  0.22573578135966366  0.23351036230688921
  0.24208039274727725  0.25115368227573848  0.26190029642894547  0.27479110069082557
  0.28769390166065106  0.29984790642918091  0.31058531190280431  0.32187340550210558
  0.33275980425325968  0.34492425523320058  0.35735636424969441  0.36934444075389417
  0.38129060545550142  0.39392330174666307  0.40610527937866203  0.41720838496419815
  0.42760670364729420  0.43706324255407403  0.44572624679923334  0.45462252427801081
  0.46410770066300006  0.47377554482649181  0.48419429541319337  0.49319064745209679
  0.50337596058774614  0.51383135016095960  0.52458717080783990  0.53441300072532227
  0.54389967354293767  0.55308809666121961  0.56298239855206933  0.57335282019479850
  0.58385663080867933  0.59432073448450518  0.60539555749219631  0.61747321780120790
  0.62950070481684306  0.64090135024517703  0.65263049319964261  0.66496584600515285
  0.67753170367512405  0.68929043469471118  0.70056818997740655  0.71172125243226458
  0.72205423174336170  0.73265106560935844  0.74265285348149956  0.75268283321646123
  0.76245668689584545  0.77308827286673798  0.78373331128407053  0.79355268842232995
  0.80207069706449019  0.81087472630722990  0.82076282082193064  0.83155943562442658
  0.84311915723041830  0.85422167327660470  0.86719691497147278  0.87953223154492211
  0.89159877084824246  0.90291028392227601  0.91284222193974296  0.92182740052017420
  0.93012798925728368  0.93801497278848489  0.94625718604374909  0.95479625407543189
  0.96394707197822060  0.97356190939188036  0.98635210808845930  1.00000000000000000
 -0.00229397537273708  0.00975129794212751  0.02065452809420819  0.03132514846727964
  0.04145161040539302  0.05144416840861252  0.06263616339893022  0.07342015620319418
  0.08416206821290169  0.09502337642947412  0.10622143648903093  0.11709084259889231
  0.12764797816922643  0.13879113532558662  0.15096265808982898  0.16151173881356221
  0.17166249131833916  0.18253757006525989  0.19484615128165186  0.20599135681628164
  0.21575115896708899  0.22449929093654380  0.23321229214885603  0.24214346003079520
  0.25246953536756628  0.26255465450604026  0.27287260696062859  0.28121704025333349
  0.29064362399194377  0.29945109384494917  0.30835239915155421  0.31837827628844734
  0.32857100225326163  0.33958463674017358  0.34879779381669129  0.35729385401831804
  0.36678986307705336  0.37646756333531550  0.38777369827741620  0.39913036958830866
  0.41128212382961815  0.42396694711420729  0.43502545612020638  0.44542745769530251
  0.45516402801146333  0.46632725708865641  0.47750354216489543  0.48908936598172237
  0.49970067166353654  0.50975161992833673  0.52007161758460729  0.53101963664041141
  0.54318143939279717  0.55514678788316429  0.56606219510439326  0.57650288490106416
  0.58640527716751634  0.59598523797199709  0.60550271082646223  0.61540817513538704
  0.62586218655732562  0.63690834336240876  0.64895532092198727  0.65989888896150040
  0.67083772809396136  0.68144215790188978  0.69269231552989574  0.70440267615471164
  0.71614069535221514  0.72654890232523373  0.73611576821145852  0.74587214826622739
  0.75577602907226060  0.76672588761723870  0.77868191501930373  0.79126721013283741
  0.80399496600446452  0.81631806479657820  0.82806217767242307  0.83843362708685243
  0.84761714924553022  0.85633643238960588  0.86527569530176651  0.87502583224194697
  0.88491136866076747  0.89507593845733069  0.90558626123277641  0.91620110460513415
  0.92614955109436958  0.93561744226374821  0.94506591243039273  0.95491118341569670
  0.96508122132579877  0.97574162178997348  0.98713338400928397  1.00000000000000000
  0.36743991842502743  0.62921096469751259  0.70298601790048587  0.73712780502479902
  0.75940340849543730  0.77691943740784697  0.78636914127749236  0.79313750070215683
  0.79750906941528699  0.80192179489496640  0.80700627872589403  0.81229448023528916
  0.81788346549421365  0.82296949039673895  0.82686988935822714  0.83033578281503662
  0.83358187973325359  0.83644582731928674  0.83956240398940596  0.84303986229503525
  0.84726256286378421  0.85145296649870184  0.85515191904010168  0.85825046676041450
  0.86120786774878089  0.86395819095364612  0.86680994530133648  0.86986409822400956
  0.87302391661452416  0.87628587395608304  0.87906835210252787  0.88197479167832693
  0.88459936224341118  0.88702988005754113  0.88936137554268668  0.89175644708776070
  0.89392532883642950  0.89616597223869909  0.89820771565105484  0.90014548042000586
  0.90196647479869108  0.90376088945884359  0.90563266144481680  0.90770270800006680
  0.91001288189261498  0.91228381618556031  0.91452257193304287  0.91664655771584813
  0.91860814575812277  0.92046649250739865  0.92228834600264520  0.92411858833126403
  0.92602642522784739  0.92791187240406758  0.92972731555681598  0.93151160529612775
  0.93330737325831647  0.93513629959057731  0.93702456619466656  0.93881915825587903
  0.94059782671992187  0.94238766582329958  0.94409735967376107  0.94572652339592622
  0.94734388547159187  0.94895949815134106  0.95059672537512174  0.95213619112084413
  0.95362153439047248  0.95516349349269203  0.95669107837899281  0.95835924234987280
  0.96029150470505709  0.96225154735017493  0.96407857730388336  0.96578846006351249
  0.96747129961612222  0.96909405975392382  0.97072621800135095  0.97245956864699701
  0.97408778466324719  0.97546562910924339  0.97677256572008753  0.97811386131763733
  0.97946875694778612  0.98099621087592559  0.98276448984857645  0.98448449874776334
  0.98597949123923689  0.98749800383213093  0.98895176502863036  0.99048127979291756
  0.99210537439386992  0.99413789218843429  0.99695608882611053  1.00000000000000000
 -0.02027318701903821  0.09856773758305271  0.11583798893065266  0.13130135695136233
  0.14103209696950050  0.14762000130945224  0.15420790564940398  0.16015505275931644
  0.16596414498914916  0.17160266281153674  0.17507878658567103  0.17855491035980531
  0.18353522467206854  0.19146732735567326  0.19805934119311677  0.20458709935396727
  0.21046725208296274  0.21661396585635156  0.22254431418891860  0.22803924214324589
  0.23319648639584756  0.23813399016894590  0.24269856706321424  0.24701775811133012
  0.25145357387642425  0.25634565557702432  0.26254218818825092  0.26974419384184312
  0.27698923468561004  0.28335306403657889  0.28959930373714315  0.29568573200126602
  0.30180486565472531  0.30799012661898501  0.31400414453237985  0.31993404294671290
  0.32639615851008985  0.33235576932889932  0.33715462359489295  0.34163900457792334
  0.34655827241822612  0.35168450494656006  0.35685722339199438  0.36181481602972587
  0.36669490915027586  0.37180865923392237  0.37753794448864636  0.38382823093726620
  0.39089803750221908  0.39912376674188371  0.40675847510843838  0.41377801317493940
  0.42044001683041959  0.42644396826619663  0.43233898497313716  0.43838993683645178
  0.44450992015934926  0.45191404579323197  0.45957302474336126  0.46669373469554221
  0.47381961345584317  0.48055119981329136  0.48751720377113306  0.49523878909095842
  0.50223379445950134  0.50890678607081352  0.51586127457312436  0.52337333723239965
  0.53070283473579094  0.53794900524151812  0.54594163083752856  0.55502485441264215
  0.56505619476410684  0.57581358039005182  0.58644961481397184  0.59568813343208327
  0.60499458865109601  0.61448309235206289  0.62499527725069493  0.63536177658624426
  0.64612477343014774  0.65773231577168489  0.66994445240005018  0.68135968984590445
  0.69290960053552031  0.70431668291159777  0.71675795519770868  0.72991726656667055
  0.74409549761403515  0.76006171942843992  0.77745593633498811  0.79660953233915066
  0.81708961057285301  0.83993740369657677  0.87994254476746969  1.00000000000000000
   3.3658080750126124E-005  -1.0000000000000000     
 F F F F F F F F F F F F F F F F F F F F F F F F F F F F F F F F F F F F F F F F F F F F F F F F F F F F F F F F F F F F F F F F F F F F F F F F F F F F F F F F F F F F F F F F F F F F F F F F F F F F F F F F F F F F F F F F F F F F F F F F F F F F F F F F F F F F F F F F F F F F F F F F F F F F F F F F F F F F F F F F F F F F F F F F F F F F F F F F F F F F F F F F F F F F F F F F F F F F F F F F F F F F F F F F F F F F F F F F F F F F F F F F F F F F F F F F F F F F F F F F F F F F F F F F F F F F F F F F F F F F F F F F F F F F F F F F F F F F F F F F F F F F F F F F F F F F F F F F F F F F F F F F F F F F F F F F F F F F F F F F F F F F F F F F F F F F F F F F F F F F F F F F F F F F F F F F F F F F F F F F F F F F F F F F F F F F F F F F F F F F F F F F F F F F F F F F F F F F F F F F F F F F F F F F F F F F F F F F F F F F F F F F F F F F F F F F F F F F F F F F F F F F F F F F F F F F F F F F F F F F F F F F F F F F F F F F F F F F F F F F F F F F F F F F F F F F F F F F F F F F F F F F F F F F F F F F
  <DiscreteSampler_grid>
  grouped_processes
  1 # 1 for a reference and 2 for a running grid.
  10 # Attribute 'min_bin_probing_points' of the grid.
  1 # Attribute 'grid_mode' of the grid. 1=='default',2=='initialization'
  0.0000000000000000 # Attribute 'small_contrib_threshold' of the grid.
  0.5000000000000000 # Attribute 'damping_power' of the grid.
 # binID   n_entries weight   weight_sqr   abs_weight
    19   10   7.788862703630486E-003   2.920074985439575E-004   7.788862703630486E-003
    20   10   7.788862703630485E-003   2.920074985439574E-004   7.788862703630485E-003
    22   10   9.954818747276139E-003   4.687932372437435E-004   9.954818747276139E-003
    23   10   9.954818747276139E-003   4.687932372437435E-004   9.954818747276139E-003
    25   10   8.824379135847531E-003   3.872232855580381E-004   8.824379135847531E-003
    26   10   8.824379135847531E-003   3.872232855580382E-004   8.824379135847531E-003
    28   10   1.134737697956645E-002   6.507292737899646E-004   1.134737697956645E-002
    29   10   1.134737697956646E-002   6.507292737899649E-004   1.134737697956646E-002
    34   10   7.788862703630483E-003   2.920074985439570E-004   7.788862703630483E-003
    35   10   7.788862703630483E-003   2.920074985439573E-004   7.788862703630483E-003
    37   10   9.954818747276139E-003   4.687932372437435E-004   9.954818747276139E-003
    38   10   9.954818747276144E-003   4.687932372437439E-004   9.954818747276144E-003
    40   10   8.824379135847528E-003   3.872232855580377E-004   8.824379135847528E-003
    41   10   8.824379135847531E-003   3.872232855580382E-004   8.824379135847531E-003
    43   10   1.134737697956645E-002   6.507292737899645E-004   1.134737697956645E-002
    44   10   1.134737697956646E-002   6.507292737899649E-004   1.134737697956646E-002
  </DiscreteSampler_grid>
