  0.00000131920924666  0.00000138801710406  0.00000143177715412  0.00000146369367362
  0.00000150219983684  0.00000154516371440  0.00000159658886865  0.00000164342234272
  0.00000168773629581  0.00000173114141146  0.00000177487678999  0.00000182134637806
  0.00000187295361035  0.00000192756370793  0.00000198399229572  0.00000203986233519
  0.00000209702890121  0.00000216409210832  0.00000224083085439  0.00000232207543899
  0.00000240211620205  0.00000248333629850  0.00000256628491689  0.00000265381793309
  0.00000274423669656  0.00000283282247027  0.00000292575922600  0.00000302274861355
  0.00000312384080212  0.00000322545973081  0.00000333062493029  0.00000344309887037
  0.00000356746484368  0.00000370263371975  0.00000383208021589  0.00000396056259456
  0.00000410599866404  0.00000425606381147  0.00000441482353856  0.00000457785101150
  0.00000474863154911  0.00000492849536778  0.00000511005002288  0.00000529780226253
  0.00000549967777136  0.00000571452645439  0.00000593296189290  0.00000614996162789
  0.00000637928054644  0.00000663834594064  0.00000692489967402  0.00000721438256604
  0.00000750232584034  0.00000782182999639  0.00000813996630012  0.00000846935692365
  0.00000882166856500  0.00000924136924402  0.00000969548514024  0.00001018111055048
  0.00001073672647582  0.00001134776147625  0.00001202322306520  0.00001279302571154
  0.00001363230863688  0.00001452120603386  0.00001546118381231  0.00001644077493417
  0.00001752620177736  0.00001872890650854  0.00002003436067992  0.00002154895050389
  0.00002326063312281  0.00002528237679464  0.00002773967931841  0.00003060200688757
  0.00003411536669910  0.00003800568550214  0.00004237251536788  0.00004749731626126
  0.00005366100507848  0.00006130291233173  0.00007063105348495  0.00008128057044100
  0.00009416920513546  0.00011185375901436  0.00013691410423728  0.00017245243470229
  0.00023194631271508  0.00031263179305531  0.00042589600818636  0.00060973711098325
  0.00108160100657558  0.00232587791444956  0.10695083572195262  1.00000000000000000
 -0.00451547493084345  0.01878267383256697  0.03575861814371013  0.04936043603736298
  0.06259197283158106  0.07621748690627746  0.09077556895200890  0.10433167826419447
  0.11648270182370590  0.12754117448687757  0.13813743356867764  0.14886989282325250
  0.15966258558662252  0.17065723179830791  0.18145017341110162  0.19257044513354440
  0.20307734497261240  0.21292862998854928  0.22265814961717278  0.23253907975090099
  0.24288506982707425  0.25314241680557870  0.26435034018665460  0.27546956305440712
  0.28771546943022064  0.29838569834282425  0.30779594981849023  0.31749463098620412
  0.32697539794400532  0.33713588006178552  0.34780815111630070  0.35872366302059205
  0.37035255768615211  0.38226256356338717  0.39375265371687951  0.40510741539131362
  0.41596465375605834  0.42664202183852640  0.43709299637044075  0.44736958827701245
  0.45759620304386001  0.46743895749088166  0.47716684659718422  0.48721758089816830
  0.49760210001511573  0.50851637396249483  0.51959022735991900  0.53049518432197718
  0.54146223512494573  0.55262560815795769  0.56400108063685539  0.57569703289244922
  0.58726331499849749  0.59826803487753921  0.60875919211542695  0.61897539876371077
  0.62892981611256982  0.63853880737592084  0.64822899012353885  0.65872257718957217
  0.66991482404116931  0.68116364103457472  0.69208213593453971  0.70260143433389688
  0.71307797507635828  0.72385891492698595  0.73465857756510999  0.74520781314042828
  0.75571502899809595  0.76647998108319459  0.77636334451960598  0.78541601242954584
  0.79494837059418855  0.80436094272630654  0.81354214310222472  0.82278485713915550
  0.83196598639375552  0.84135031726910903  0.85092212648276533  0.86115460712576430
  0.87154745377962084  0.88086499530902984  0.89065507803122168  0.90108627881796566
  0.91216659687201318  0.92238671407837303  0.93197644114424705  0.94239400374710625
  0.95290292674438737  0.96310346184625062  0.97211222678311693  0.98092410005213060
  0.98795076039330720  0.99239184713434825  0.99634629427392518  1.00000000000000000
  0.00000188809061827  0.00000196747449773  0.00000204935574074  0.00000213605967875
  0.00000224406216930  0.00000236753673478  0.00000248980662288  0.00000261455392905
  0.00000273946174194  0.00000286934318834  0.00000302599986736  0.00000319102836362
  0.00000337116399105  0.00000355056801920  0.00000374196021378  0.00000394525201805
  0.00000416862671968  0.00000441037399525  0.00000465734699944  0.00000490442954535
  0.00000515281224058  0.00000541069036075  0.00000571281520817  0.00000605544096108
  0.00000640943990637  0.00000678599306675  0.00000716085538821  0.00000756589088168
  0.00000802809008571  0.00000850972589755  0.00000900415456366  0.00000950904575853
  0.00001003608116714  0.00001060607313995  0.00001122593618842  0.00001188741499207
  0.00001257930414920  0.00001338726641565  0.00001419563826431  0.00001510863255296
  0.00001601402401191  0.00001694811937830  0.00001788893039064  0.00001884735729452
  0.00001986258981518  0.00002090683537523  0.00002199287353345  0.00002319314510475
  0.00002455388695485  0.00002601292877119  0.00002761802856588  0.00002936478199475
  0.00003124192340394  0.00003326550627162  0.00003534903939129  0.00003760287399265
  0.00004010538354119  0.00004264613846816  0.00004525121871920  0.00004789681340149
  0.00005086897398657  0.00005464500379262  0.00005897866890811  0.00006331681305678
  0.00006786969501822  0.00007305249998452  0.00007903520435877  0.00008596004942456
  0.00009329590380044  0.00010171668307041  0.00011129012622716  0.00012294170144392
  0.00013575082335275  0.00014926271933208  0.00016432222753706  0.00018345869380826
  0.00020824417366174  0.00023775430667356  0.00026968732503680  0.00030781390047332
  0.00034998398938234  0.00039661342514858  0.00044956371803753  0.00051526568669160
  0.00059357432420731  0.00069569748120593  0.00080321868905457  0.00090576601249172
  0.00100440688370603  0.00114107146724218  0.00138215719853363  0.00171286785686884
  0.00215946406197704  0.00270851794852598  0.02813287512182416  1.00000000000000000
  0.00000210686726282  0.00000336283705583  0.00000385047204326  0.00000420458742857
  0.00000460342282621  0.00000515198252147  0.00000564981251311  0.00000615534938294
  0.00000665916803424  0.00000715961017982  0.00000771496836070  0.00000829681560944
  0.00000881949424780  0.00000932117403672  0.00000985489608659  0.00001042912188263
  0.00001106781617496  0.00001173855022018  0.00001240656180878  0.00001311724200550
  0.00001387778132467  0.00001470526654523  0.00001561139020749  0.00001655217734532
  0.00001757748394412  0.00001867416860389  0.00001985348816708  0.00002117792122268
  0.00002258977544540  0.00002409940738520  0.00002568725074729  0.00002733150056359
  0.00002912822015149  0.00003104340772211  0.00003312251567270  0.00003552205143709
  0.00003802919499037  0.00004042487725020  0.00004289073227556  0.00004561630237292
  0.00004876933040977  0.00005250524152916  0.00005666103686639  0.00006118975730591
  0.00006612190275280  0.00007163651193342  0.00007745020815038  0.00008344107001358
  0.00008939095726788  0.00009547789451599  0.00010227997111436  0.00011012645251242
  0.00011892882520714  0.00012838905047956  0.00013830093752813  0.00014871329863089
  0.00015956552141482  0.00017109300861372  0.00018294758668793  0.00019562150551801
  0.00020968470241855  0.00022756888475497  0.00025122428083143  0.00027485287935114
  0.00029846904313446  0.00032373689268139  0.00035199933277893  0.00038346483010807
  0.00041983490179284  0.00046281156802821  0.00051263000253906  0.00056180672306560
  0.00061161261686519  0.00065778221949426  0.00070560418658102  0.00075347768486253
  0.00080970641573651  0.00086904076762048  0.00093825776075391  0.00100570606890149
  0.00107156987978847  0.00114386191916566  0.00123202477763823  0.00133481969418110
  0.00144912935143130  0.00157442603754066  0.00170724166960654  0.00182405311975905
  0.00195275943481640  0.00210574166689049  0.00234399086840916  0.00275290390445428
  0.00327123679871589  0.00380221918901149  0.01817247008327539  1.00000000000000000
 -0.00164001286705770  0.00743836533613877  0.01479663195825143  0.02173917395230904
  0.02888086833826609  0.03637584479817318  0.04408785834291116  0.05169290038155768
  0.05939840669541803  0.06781409179605360  0.07706530645668629  0.08562327937481538
  0.09297686725335649  0.09962539858410656  0.10643036817162174  0.11418745403098288
  0.12180948352641673  0.12948881333874415  0.13731457443714795  0.14573656005735339
  0.15549930386400448  0.16594239833091562  0.17736736953265342  0.18894749614396489
  0.19971839342070374  0.20985737679420474  0.21951420582891062  0.22956634442343321
  0.24075576399772267  0.25162264494620090  0.26365781974950797  0.27515650810113124
  0.28639803266393432  0.29786192985487803  0.30975004106406662  0.32188560739768957
  0.33439367252219387  0.34811943015049340  0.36266704794555743  0.37715968026701263
  0.39089944173223395  0.40437041688624820  0.41826115503425804  0.43253844885928994
  0.44754969047373716  0.46232522155721967  0.47653282030340616  0.49141285187514339
  0.50672710392504217  0.52246254884164278  0.53608363588331887  0.54857873723473483
  0.56102162688377488  0.57401058268915484  0.58656075480289827  0.59795520894655718
  0.60978736069922568  0.62243957000520878  0.63568066451329952  0.64880440422773478
  0.66174881263171192  0.67402550743248479  0.68604403948293957  0.69758667665073970
  0.70856517107284522  0.71976552316547671  0.73070904102488743  0.74222496513298986
  0.75439233864077981  0.76695498317892619  0.77835633858980235  0.78891538149653007
  0.79943420039728486  0.80994108654063568  0.82012665288529851  0.82985969127373305
  0.83951735193386445  0.84922205615237345  0.85901234968884854  0.86934112024668353
  0.87984378081931258  0.88956280211892491  0.89892663618373470  0.90763639019861386
  0.91617073529003490  0.92456752935102571  0.93235631972703648  0.94036655336105279
  0.94838882292421001  0.95651900234250864  0.96417173828551128  0.97214231846694854
  0.98015368583356410  0.98767953903483097  0.99405905973779507  1.00000000000000000
 -0.00222944763616964  0.01155560492275213  0.02065404791396322  0.02986924465749798
  0.03899076026763280  0.04873133988988952  0.05884620297451614  0.06929454309805602
  0.08023187405949854  0.09135373853943354  0.10247996295505007  0.11346384537143070
  0.12391045771505819  0.13385230900448727  0.14385760057431332  0.15463241394623947
  0.16574123672470409  0.17634802115535075  0.18680457947094872  0.19721928128104649
  0.20775648637605126  0.21833183360214833  0.22921321797363367  0.24108194299811747
  0.25230754566908575  0.26211468573574542  0.27226457118658653  0.28249800816704868
  0.29260602028340410  0.30212279305568740  0.31212432546581270  0.32360968906124421
  0.33411879697260555  0.34364444742575179  0.35296261962381698  0.36298123758153622
  0.37375517150857013  0.38483558362642661  0.39619006382230493  0.40796225415118631
  0.41873449019741643  0.42886142183640297  0.43888123072384994  0.44946600603363274
  0.46046499546782277  0.47143509678989004  0.48259323632198026  0.49332029395975779
  0.50398346100742886  0.51468684028495015  0.52562808299080443  0.53764532874492943
  0.54838861650250492  0.55808944962645601  0.56723163899706752  0.57665741447325636
  0.58626719426957041  0.59569472442601201  0.60530841052526518  0.61516608307493126
  0.62551807294559170  0.63647034743212449  0.64845424498497894  0.66126907738225749
  0.67367559873808969  0.68509718444639978  0.69614084827215139  0.70671460688275500
  0.71706330957073294  0.72742651310491824  0.73754504947098809  0.74703893072323324
  0.75601092669456660  0.76488339280000450  0.77405592992006311  0.78361069293245267
  0.79320794028983022  0.80294123947403695  0.81249228928040873  0.82146155996178727
  0.83003551126908659  0.83949007278712817  0.84945573426300380  0.86011048881020025
  0.87135487191744432  0.88302040955068739  0.89404893420394904  0.90472916858019048
  0.91575103193766383  0.92740717105965986  0.94035388235311945  0.95320690524299334
  0.96576690811006705  0.97732931882380969  0.98845573404772125  1.00000000000000000
 -0.00187711895629059  0.00919219336466620  0.01816267517902697  0.02707369267891058
  0.03628426510436587  0.04631450003839251  0.05636259799308731  0.06670275293824653
  0.07754395148069820  0.08869356053087037  0.10000276041548690  0.11108429886133891
  0.12219474964435945  0.13358050584201744  0.14508274531492313  0.15663134849793917
  0.16816025207983598  0.17939071779332250  0.19083333079013515  0.20289555483161811
  0.21482310165226073  0.22711133643119222  0.23895475361125729  0.25043933890461567
  0.26207165783999387  0.27366009404465858  0.28555700321746286  0.29814871344448302
  0.31088153192383255  0.32330872525540877  0.33568802669578779  0.34876754322793629
  0.36230490786455333  0.37588397802744383  0.38938361565337898  0.40228881313203052
  0.41490692962721026  0.42773869879128967  0.44051617559201955  0.45295443221536763
  0.46551418368680220  0.47836212057876037  0.49066685939095261  0.50335053661888995
  0.51698272589451622  0.52976324339889380  0.54211752763129595  0.55415109445978994
  0.56670068440069499  0.57893635449323066  0.59172564651074044  0.60425068259261627
  0.61681406204718536  0.62846281114770275  0.64009885808320210  0.65167387439452851
  0.66209502849967838  0.67152060191067220  0.68020786556027635  0.68859963743168673
  0.69738478619904043  0.70638110808425969  0.71613956986205651  0.72602892389804596
  0.73651605823000221  0.74725970689359300  0.75777497343493616  0.76823312313907255
  0.77781101419963261  0.78763093665647599  0.79708539564790648  0.80669153067508459
  0.81618745889276467  0.82558999513769116  0.83513270790454031  0.84480270757500786
  0.85469248389916941  0.86458676085723229  0.87373737944395113  0.88273052692077525
  0.89158482250507387  0.90021991608964869  0.90840706787006653  0.91607721708010226
  0.92414803189981065  0.93292008801462589  0.94148237468417684  0.94825889488883397
  0.95461636193191368  0.96063708473838894  0.96704746130440111  0.97359365856409041
  0.98071116231115829  0.98730966800300157  0.99360659893213943  1.00000000000000000
 -0.00297854040291083  0.01038938580883628  0.02121250168184000  0.03015439771869801
  0.03885194358925110  0.04743302324854860  0.05573912385026464  0.06398951503948301
  0.07263611037754401  0.08232747117033010  0.09365829098304379  0.10550198362606532
  0.11653144768561632  0.12754516568572918  0.13652079072208351  0.14518587518941764
  0.15384704514679273  0.16297900929872397  0.17294657983510012  0.18287469919895175
  0.19327897905956359  0.20391146719130837  0.21451613984394782  0.22500227259746244
  0.23536195576777211  0.24588327038288624  0.25659882615579443  0.26739269799615251
  0.27810762629707414  0.28840648575347050  0.29887159376211597  0.30858796739986039
  0.31821120304434936  0.32777969996835687  0.33800982793128120  0.34930034715963226
  0.36163529944377532  0.37365864207035016  0.38333355867662539  0.39238202489292484
  0.40186523313346045  0.41238568112081986  0.42354254419517134  0.43381791183783741
  0.44437290253084505  0.45595337525048513  0.46709929779553949  0.47815654418919717
  0.48976322627799862  0.50118329714489374  0.51233646846468006  0.52282501187747832
  0.53326033413382745  0.54446227655269708  0.55599308221495625  0.56804541197178582
  0.58000373091612822  0.59232682392834901  0.60463899929065035  0.61669351753877588
  0.62805553941567449  0.63901345512389840  0.65006124628141937  0.66089810086689604
  0.67163439730604746  0.68224900916004849  0.69291452060403558  0.70347923078661900
  0.71396457678055325  0.72452633688776524  0.73493691532235450  0.74576669117126415
  0.75669817845942366  0.76742696840167846  0.77767103907559865  0.78814091756698657
  0.79900654158368767  0.80987268770035914  0.82065454779588964  0.83142130340019460
  0.84204143091488248  0.85190933090452803  0.86146824782218845  0.87125746837169571
  0.88192097164103556  0.89277118037828107  0.90342492239353289  0.91376283997706398
  0.92447637947273587  0.93526340298010946  0.94629199387240159  0.95700993719632810
  0.96761854748246567  0.97799147345781823  0.98864779699645056  1.00000000000000000
 -0.00290258260046386  0.01120656609170743  0.02216892554345715  0.03377599039407076
  0.04471889705234659  0.05505746492481078  0.06551864931995710  0.07646244171559737
  0.08759573880503652  0.09830930613574540  0.10882122736362361  0.11939694177560353
  0.12929311151174755  0.13897818898238637  0.14919277490408739  0.16043108491770100
  0.17161794869067487  0.18279505178483837  0.19341508366913834  0.20313995431034246
  0.21258676871820326  0.22251456308810974  0.23319967312393244  0.24322242974342179
  0.25285764680796063  0.26209081167990916  0.27181415062010378  0.28155705643727796
  0.29173803075447291  0.30212184407041054  0.31202961212364255  0.32170239960200686
  0.33175424514737256  0.34265390714643329  0.35355468787480676  0.36410322454323996
  0.37472795730972736  0.38565530439680168  0.39638786080192911  0.40660957310696338
  0.41704966114729414  0.42755364680714364  0.43754997115424471  0.44735855062401891
  0.45720207148937186  0.46762103448732112  0.47742730572518094  0.48688717537770809
  0.49537530554205322  0.50424073135081393  0.51298433236918950  0.52350560122489209
  0.53496717527136428  0.54622949097816553  0.55760334274314549  0.56852614234625864
  0.57959071385445216  0.58977294876714748  0.60025027150109755  0.61004520888183666
  0.61915107177482021  0.62874751247736038  0.63818501965225682  0.64802515760119461
  0.65819059573645622  0.66872656313757084  0.67978583069798793  0.69143179633561158
  0.70326368599431111  0.71505367866844249  0.72681449623570926  0.73844703111390519
  0.75009561956351178  0.76164717089856138  0.77386214309483436  0.78670257667341703
  0.80041204635225827  0.81342250276699957  0.82485275312156459  0.83521083608123359
  0.84520072821799463  0.85534013470974080  0.86529260948173481  0.87575409878471622
  0.88541167114649821  0.89590137968389671  0.90604542564981250  0.91697120956419020
  0.92726015085889335  0.93749887865400006  0.94790961058745182  0.95854615775099572
  0.96993228641764329  0.98043384450125481  0.99054359044197060  1.00000000000000000
 -0.00007898806272898  0.00005899658145580  0.00026268833993531  0.00054324627147990
  0.00068056264069011  0.00079967418985726  0.00091447213673889  0.00103033970932633
  0.00114694828165165  0.00126071484073137  0.00137446635792618  0.00148940758060991
  0.00160136175029737  0.00170992294959257  0.00182123797128355  0.00193334972354383
  0.00203556247967666  0.00213781916692733  0.00224030916425615  0.00234295710349373
  0.00244626134349352  0.00255548468720795  0.00268295110589832  0.00281548384931280
  0.00294986205125729  0.00307237667090490  0.00319593286671299  0.00332124907564350
  0.00345336722420239  0.00359031923011068  0.00375015022376801  0.00391559292137821
  0.00408254898287462  0.00424456819049858  0.00442462064705632  0.00460911290326003
  0.00479426787013538  0.00500280294255370  0.00521101949136662  0.00541585156945022
  0.00563631326530774  0.00585142498794192  0.00605999872878801  0.00626938467789564
  0.00647774409427774  0.00667312636046891  0.00685488362656612  0.00706702883974212
  0.00726823615817873  0.00745845932195571  0.00767937670914589  0.00790046258337853
  0.00814119245749655  0.00836950836181437  0.00854231169816731  0.00871323786491303
  0.00888332114625165  0.00905089766940824  0.00923917946969399  0.00950068180136954
  0.00976882788882945  0.01003180490422614  0.01024565885329270  0.01047571394079269
  0.01075847415988820  0.01176064409634570  0.01256371864387086  0.01347329065582993
  0.01412354074951872  0.01472893478188936  0.01513747472317606  0.01557125055829502
  0.01691421721134886  0.01783444010076338  0.01848752169433061  0.01873148311898854
  0.01897544454364647  0.01926636771071974  0.01958854537231975  0.01991072303391976
  0.02013198019429824  0.02029522966752466  0.02045847914075108  0.02077152476467526
  0.02111604134386041  0.02135932792844559  0.02160989436996130  0.02210009734570081
  0.02255236516635007  0.02330275146210644  0.02450593786648203  0.02967596926627697
  0.03048611627990359  0.03345557006513453  0.29983866723330632  1.00000000000000000
 -0.00222421838720331  0.00920424983485324  0.01830926604709729  0.02763337683537145
  0.03713038837090162  0.04733283431820795  0.05779577527375747  0.06845941945966173
  0.07963589184072584  0.09120278877235774  0.10321643405497520  0.11285295345158519
  0.12229703538294966  0.13151004091414442  0.14082106784101633  0.15023436534673898
  0.15948576061432240  0.16871925076982083  0.17811803321182434  0.18808117403954647
  0.19911709857183252  0.21053350146420696  0.22190282056629873  0.23291020763440723
  0.24353206303319505  0.25401229448153106  0.26430630369548852  0.27506944061304078
  0.28672400477248167  0.29943316563271621  0.31265506385165220  0.32538084005713119
  0.33737478332675480  0.34862979598068217  0.35904886464192448  0.36897106262292639
  0.37924103855558966  0.38999127646264914  0.39996430570240837  0.40834690865496853
  0.41739196869032458  0.42699073963124079  0.43612156882742953  0.44507867094162362
  0.45396705234915397  0.46370868231145157  0.47483168116538321  0.48582163493769287
  0.49734593547330058  0.50820835630362493  0.51847522171310301  0.52876609129025798
  0.53895327471826571  0.54916998697373876  0.55907887270025947  0.56944336968834885
  0.58073871668892629  0.59158220442203968  0.60190124908533904  0.61286543077997380
  0.62521922180442058  0.63828746394293789  0.65183310418210838  0.66442342813056099
  0.67641050511428380  0.68752948162645056  0.69850166407892600  0.70977934377986029
  0.72178094776966917  0.73357148987364473  0.74447211621489762  0.75541123856967407
  0.76635117980445555  0.77744223996878592  0.78829612056591503  0.79986860391576720
  0.81102177486308924  0.82154507158637868  0.83123938243886186  0.84087939467973349
  0.85030578078217867  0.85959785654727672  0.86905652250241483  0.87893875782872344
  0.88932738298261405  0.89926843455285954  0.90869700630520478  0.91827413056343554
  0.92837753112623889  0.93988637811016229  0.95034728309831507  0.96040259321371213
  0.97007379091997281  0.97955074354020000  0.98966798508433407  1.00000000000000000
  0.28065320095514068  0.76145417023845952  0.76833638451648367  0.77228875899819505
  0.77665704986746653  0.78285087407332998  0.78853722970918749  0.79380969771317655
  0.79862462173392168  0.80293955355317947  0.80640486201321271  0.80977645429533862
  0.81348522137962631  0.81805506401944983  0.82165866349213967  0.82477762891690198
  0.82776885081734330  0.83069819472932449  0.83359559652593329  0.83668445368692845
  0.84005586935470478  0.84323652214232248  0.84596499374106271  0.84847274435731379
  0.85084915112106985  0.85343799625527672  0.85618153184042178  0.85923807451228928
  0.86235086792263504  0.86520352635084208  0.86777987908271759  0.87029672191956775
  0.87283095791217336  0.87549154399064033  0.87814027418650753  0.88058428679228595
  0.88287612668149318  0.88504960736130012  0.88727173483548671  0.88958284405176935
  0.89199814909858033  0.89443628215800075  0.89676187190799106  0.89895259889512813
  0.90119227095746657  0.90338806428892093  0.90562205505958837  0.90781995829957340
  0.91004573648346443  0.91232205657331444  0.91460081559749107  0.91687005286200352
  0.91900066660156621  0.92105908391649194  0.92313403341502986  0.92527640748405737
  0.92743861643557723  0.92956746532772405  0.93162874482713554  0.93367651421793429
  0.93571633641650742  0.93771244656798258  0.93963611608439201  0.94145503475680170
  0.94319873419636746  0.94490094717535766  0.94657100703418484  0.94819711248421423
  0.94981972071656562  0.95146699982890215  0.95315242733095651  0.95491443396213915
  0.95661629956932437  0.95825617090307003  0.95992518327612208  0.96163424104279893
  0.96337366762242982  0.96515177241905459  0.96698962181967685  0.96883323677754607
  0.97056846775761219  0.97223467580741274  0.97392279042386065  0.97564184039084756
  0.97741934698696653  0.97922591875469678  0.98101184928228180  0.98276712584380654
  0.98451665947912126  0.98623787376859240  0.98803167741338616  0.98996763347244954
  0.99199461599965477  0.99420359158959315  0.99690639117014579  1.00000000000000000
 -0.01226645892338528  0.13826510807143086  0.18183283384149027  0.20628024828394873
  0.22668562739355527  0.24482676147639873  0.26142553291198206  0.27528297893055270
  0.28818315105571568  0.30102518466599254  0.31501397846303225  0.32819980072770449
  0.34093269624467448  0.35305562665652224  0.36398138882794473  0.37404747713709319
  0.38336749705086620  0.39216317702032855  0.40109376971173505  0.41067486722225971
  0.42037538494858806  0.42937927249161661  0.43782484324765641  0.44618173900353314
  0.45496745086080831  0.46387482971516936  0.47240200809653865  0.48038789051287206
  0.48805612872065657  0.49573512006152187  0.50350560942420697  0.51086027963729430
  0.51797387275860940  0.52505960303065502  0.53209978626671883  0.53910995609745227
  0.54607019369629173  0.55308787056792041  0.56018376098192502  0.56712449849912749
  0.57370998834042131  0.57992735623703284  0.58584645232118293  0.59146416516688471
  0.59719153568645067  0.60295859505100868  0.60861525976485920  0.61405794709900119
  0.61971020653309750  0.62572019972165116  0.63188194911086382  0.63789225615053302
  0.64314319422742450  0.64857930898527250  0.65377043878324770  0.65853348103766973
  0.66330530988650915  0.66813905208702296  0.67309741843325444  0.67831238233854807
  0.68372669354417037  0.68893459275170887  0.69426108228059702  0.69974450070593097
  0.70537400735734401  0.71110118929372523  0.71682925557569832  0.72236494830011999
  0.72758297384040216  0.73267816348451276  0.73776942929296252  0.74300318699893098
  0.74832228617711050  0.75389476292011248  0.75968041870016578  0.76537603330452664
  0.77135926990726622  0.77765005676372578  0.78405008147570765  0.79045621949535405
  0.79607433733905508  0.80188746396678923  0.80820968954981043  0.81503619875474975
  0.82208460550298690  0.82902465015256777  0.83570530654606312  0.84272185760073182
  0.85066724168682750  0.85850754178528177  0.86629769915270660  0.87539721357207501
  0.88607159946169889  0.89997544211623604  0.93039266946927301  1.00000000000000000
   1.3718090142499864E-005  -1.0000000000000000     
 F F F F F F F F F F F F F F F F F F F F F F F F F F F F F F F F F F F F F F F F F F F F F F F F F F F F F F F F F F F F F F F F F F F F F F F F F F F F F F F F F F F F F F F F F F F F F F F F F F F F F F F F F F F F F F F F F F F F F F F F F F F F F F F F F F F F F F F F F F F F F F F F F F F F F F F F F F F F F F F F F F F F F F F F F F F F F F F F F F F F F F F F F F F F F F F F F F F F F F F F F F F F F F F F F F F F F F F F F F F F F F F F F F F F F F F F F F F F F F F F F F F F F F F F F F F F F F F F
  <DiscreteSampler_grid>
  grouped_processes
  1 # 1 for a reference and 2 for a running grid.
  10 # Attribute 'min_bin_probing_points' of the grid.
  1 # Attribute 'grid_mode' of the grid. 1=='default',2=='initialization'
  0.0000000000000000 # Attribute 'small_contrib_threshold' of the grid.
  0.5000000000000000 # Attribute 'damping_power' of the grid.
 # binID   n_entries weight   weight_sqr   abs_weight
    13   10   1.966452143495178E+001   2.495786442287771E+003   1.966452143495178E+001
    14   10   1.966452143495178E+001   2.495786442287771E+003   1.966452143495178E+001
    16   10   2.488565162787753E+001   4.145463405488710E+003   2.488565162787753E+001
    17   10   2.488565162787754E+001   4.145463405488713E+003   2.488565162787754E+001
    22   10   1.966452143495178E+001   2.495786442287769E+003   1.966452143495178E+001
    23   10   1.966452143495178E+001   2.495786442287769E+003   1.966452143495178E+001
    25   10   2.488565162787753E+001   4.145463405488706E+003   2.488565162787753E+001
    26   10   2.488565162787753E+001   4.145463405488710E+003   2.488565162787753E+001
  </DiscreteSampler_grid>
