  0.00000014850730006  0.00000015483514713  0.00000016245066464  0.00000017108027517
  0.00000017977733194  0.00000018880428812  0.00000019690124097  0.00000020423069383
  0.00000021137633630  0.00000021905898191  0.00000022731742913  0.00000023510615300
  0.00000024263803254  0.00000025013917822  0.00000025718485347  0.00000026518041108
  0.00000027513867117  0.00000028569663713  0.00000029718847096  0.00000030971617911
  0.00000032199346748  0.00000033332115061  0.00000034364955804  0.00000035701583187
  0.00000037270522040  0.00000038951082702  0.00000040678751827  0.00000042463589682
  0.00000044727096798  0.00000046852645272  0.00000049205009305  0.00000051806013182
  0.00000054607291024  0.00000057538578332  0.00000060586134555  0.00000063746948821
  0.00000067011320797  0.00000070466373237  0.00000074081751791  0.00000078543039969
  0.00000083175223901  0.00000087779942885  0.00000092617821775  0.00000097526270610
  0.00000102520824512  0.00000108180809019  0.00000114679268332  0.00000121930785913
  0.00000129706307664  0.00000137984931470  0.00000147224570754  0.00000157919988515
  0.00000169848872994  0.00000183119849897  0.00000196218934846  0.00000210462131918
  0.00000223513186627  0.00000237287646293  0.00000252254169419  0.00000268615969854
  0.00000287833945161  0.00000311175432617  0.00000336544057029  0.00000362890768793
  0.00000390732659570  0.00000420165778935  0.00000455324097413  0.00000497483509041
  0.00000545305085974  0.00000597158306980  0.00000656670267879  0.00000719207947470
  0.00000793171626299  0.00000875852575610  0.00000972018492796  0.00001085635076051
  0.00001213279338673  0.00001354509534684  0.00001512966123979  0.00001711540145220
  0.00001958683916541  0.00002268382156220  0.00002669034465929  0.00003209195092824
  0.00003921788774138  0.00004820853992161  0.00006164343392207  0.00008160623909866
  0.00010635386261382  0.00013750474708679  0.00020405810038033  0.00033935419229962
  0.00061449199379915  0.00122586597810395  0.01682922982852968  1.00000000000000000
  0.00000094217262284  0.00000101962020769  0.00000109159141148  0.00000120506687368
  0.00000132640899880  0.00000146426388067  0.00000162261415000  0.00000185106223587
  0.00000217251885950  0.00000254401986821  0.00000283861728468  0.00000309249096828
  0.00000334051633488  0.00000365717570488  0.00000402425139403  0.00000441772813529
  0.00000480083868362  0.00000525684639172  0.00000580193216746  0.00000630872630001
  0.00000680169654481  0.00000731581403908  0.00000794634132523  0.00000862678441943
  0.00000938409764376  0.00001015106618628  0.00001096257362368  0.00001186054149310
  0.00001280318621299  0.00001375782653515  0.00001471896804194  0.00001570513028069
  0.00001684906255849  0.00001800084220860  0.00001916438960590  0.00002039798604249
  0.00002166780321254  0.00002301098895158  0.00002459744866589  0.00002629160014087
  0.00002814492329624  0.00003016147013127  0.00003227084131180  0.00003466606861388
  0.00003737464101916  0.00004006820066581  0.00004285449898761  0.00004586663860246
  0.00004908638061171  0.00005213011249462  0.00005538301592569  0.00005878753171872
  0.00006244632374995  0.00006640213196698  0.00007055231308205  0.00007514712754687
  0.00008013478430434  0.00008540149439313  0.00009126748533495  0.00009799196776732
  0.00010536744888285  0.00011367187418355  0.00012354978966042  0.00013497887793208
  0.00014704649301423  0.00015913181312988  0.00017256831251958  0.00018735098713224
  0.00020462884644257  0.00022369677564969  0.00024305155741062  0.00026236025285313
  0.00028264811181923  0.00030429420835324  0.00033074994125867  0.00036114578291446
  0.00039092412458551  0.00042386709415959  0.00045862472188197  0.00050236031502515
  0.00055405995080830  0.00060708334899283  0.00067596901660355  0.00074912106643291
  0.00083873170815460  0.00093210266720257  0.00103784747400829  0.00115193672843769
  0.00131351480058011  0.00156749735847765  0.00194726684086355  0.00255255531412490
  0.00348658131829384  0.00859582010334695  0.11923988754324970  1.00000000000000000
  0.00000190773189840  0.00000196862118392  0.00000203050446936  0.00000209614349741
  0.00000216153733683  0.00000223023530215  0.00000230146214337  0.00000238005540223
  0.00000246474033979  0.00000255302330987  0.00000262603441421  0.00000269118299904
  0.00000275876789264  0.00000282712798623  0.00000289291486264  0.00000297006023745
  0.00000306744583703  0.00000317521941520  0.00000328804100221  0.00000340284114700
  0.00000352922388092  0.00000365123040898  0.00000376548508342  0.00000388050375895
  0.00000399960721991  0.00000415437443601  0.00000432293499724  0.00000449346452067
  0.00000466812237608  0.00000485011024960  0.00000504148608497  0.00000524047465789
  0.00000544369974624  0.00000566223070899  0.00000589134270103  0.00000613243595091
  0.00000638326105216  0.00000663379916125  0.00000688497334777  0.00000714435626016
  0.00000739888495532  0.00000769503944223  0.00000801249481970  0.00000832556121051
  0.00000863934141854  0.00000898089124652  0.00000935511299023  0.00000975309012463
  0.00001018547145347  0.00001067465701017  0.00001120129524522  0.00001172550397112
  0.00001228773784517  0.00001290499363812  0.00001358892018250  0.00001430876716238
  0.00001512024173932  0.00001599982199057  0.00001687724691209  0.00001784550971602
  0.00001880243823984  0.00001989629455518  0.00002105377849532  0.00002229240388137
  0.00002366195586507  0.00002517179532077  0.00002672328877476  0.00002845787038473
  0.00003028038559704  0.00003237701818261  0.00003466624437023  0.00003751056300211
  0.00004077221285172  0.00004431387533776  0.00004815649875785  0.00005255460784925
  0.00005777535009030  0.00006397677692461  0.00007155505194675  0.00008071951699137
  0.00009160089973831  0.00010469345400939  0.00012211319911809  0.00014333651402618
  0.00016601627410361  0.00019299070538702  0.00023067781642813  0.00028026692434079
  0.00034735065638494  0.00042244979619699  0.00050917309203002  0.00062946747593346
  0.00092505168705154  0.00177428464749805  0.04207039265402947  1.00000000000000000
  0.00000188663779172  0.00000199774403831  0.00000208769246291  0.00000220896945349
  0.00000234744567950  0.00000251175589709  0.00000275744576112  0.00000297971523222
  0.00000316535404447  0.00000336369924740  0.00000358401707452  0.00000382415297480
  0.00000406111749029  0.00000428466272448  0.00000447574526223  0.00000465508326887
  0.00000484182598266  0.00000503411345334  0.00000523472110081  0.00000545791316439
  0.00000569197007614  0.00000592447518650  0.00000616255303808  0.00000640196462011
  0.00000663760776065  0.00000687215557151  0.00000711408747728  0.00000736866059492
  0.00000763122023141  0.00000792500534468  0.00000824650457069  0.00000857623152626
  0.00000894402922338  0.00000932373875304  0.00000968761219454  0.00001007101487426
  0.00001050489665006  0.00001098813161127  0.00001152040236624  0.00001206522391759
  0.00001274625358415  0.00001343053300972  0.00001413454794739  0.00001489102482073
  0.00001566220002367  0.00001647314771772  0.00001733347028641  0.00001824427853596
  0.00001917548728032  0.00002022513007273  0.00002140197849231  0.00002263931746658
  0.00002400281014854  0.00002543004036821  0.00002688082064880  0.00002839752388947
  0.00003006376096514  0.00003196049900490  0.00003417775456074  0.00003642579054082
  0.00003922129439425  0.00004196840815678  0.00004520133240438  0.00004860573943627
  0.00005228069060722  0.00005619531539249  0.00006040954198097  0.00006531520707894
  0.00007124103939685  0.00007799836934912  0.00008533310231742  0.00009329273047792
  0.00010197633144118  0.00011227086523616  0.00012492784253283  0.00013987106783602
  0.00015669623867646  0.00017361561740140  0.00019078914165233  0.00021033642076534
  0.00023472408443810  0.00026531771235788  0.00030055407781906  0.00033600462123774
  0.00038169656026394  0.00043943744521109  0.00052846035478879  0.00066233840339405
  0.00084788200003364  0.00111032394468334  0.00153424358931932  0.00198077451432160
  0.00251328069480235  0.00374538421991149  0.03760687535853903  1.00000000000000000
 -0.00190441566783255  0.00912510870089911  0.01895870663266633  0.03038776695537227
  0.04138239469389598  0.05180835247745558  0.06287116762576903  0.07510841145912989
  0.08736219509057327  0.09852814620540851  0.10873503666521168  0.11903406253017262
  0.12938856471810647  0.13996646618453967  0.15065126562625716  0.16143144433046686
  0.17237033802769514  0.18312468752125011  0.19325293081609160  0.20354244930202889
  0.21354443959482933  0.22413260321828762  0.23537758475073176  0.24758526845107962
  0.25963103962876483  0.27127186620154975  0.28306714588482251  0.29402089005147036
  0.30481707783398443  0.31533539118431902  0.32536744663536260  0.33553748476672557
  0.34576874428251103  0.35686503697858935  0.36866238007188473  0.37999514226715492
  0.38949948667402573  0.39866754476346145  0.40840369552040884  0.41855736983509317
  0.42878651016339708  0.43863031199479363  0.44857169210434189  0.45920978225950615
  0.46967227299741127  0.47923007266688289  0.48810288218120396  0.49716346540530654
  0.50689747126356877  0.51655219062120494  0.52649011628892295  0.53591421486437307
  0.54507545164131721  0.55391823709462007  0.56355797205672509  0.57414289320372958
  0.58536477079564686  0.59547653093929942  0.60594930206671371  0.61640804614912104
  0.62602178178600520  0.63489598484756871  0.64421283920976591  0.65409683760829740
  0.66515609239430096  0.67565246490157993  0.68648582157601379  0.69629062303573241
  0.70656727641074102  0.71708006387482781  0.72760549862003798  0.73767062187253385
  0.74787282545658884  0.75851687249581856  0.76876779977795429  0.77867400281266907
  0.78927195368780401  0.80101777213072689  0.81222328589493664  0.82170621495549856
  0.83042285742545585  0.83942809561927800  0.84909356003681802  0.85906166051390598
  0.86850200036659908  0.87834684519555417  0.88922339971520126  0.89973499420645209
  0.91071401831814824  0.92278536245888587  0.93627771250586489  0.94917796794587783
  0.96130517852378083  0.97344568364311279  0.98597340961048074  1.00000000000000000
 -0.00187058334105481  0.00949556661043464  0.01924668822728287  0.02854018926157848
  0.03843725801654215  0.04889398962524267  0.06094645173824849  0.07146974028074432
  0.08136323527098542  0.09066610183319714  0.09980470936964343  0.10949200188918759
  0.11957662696722109  0.12963819240998675  0.13959840312065969  0.14917675673140618
  0.15828964132833492  0.16709869643387076  0.17605872389604488  0.18572780533681407
  0.19638746709030694  0.20728601039118374  0.21819927706589071  0.22945288439631076
  0.24100189274762185  0.25346141536119399  0.26596239841812636  0.27800601734196734
  0.28898566819664573  0.29973202259050485  0.31019158002220037  0.32137579287289331
  0.33251069694683449  0.34486167195292444  0.35685731335759008  0.36853385561075863
  0.37957845243676008  0.38986186914730603  0.39993017661556557  0.41038343513324732
  0.42167326188208198  0.43363652335972436  0.44519406974454018  0.45602148662147640
  0.46626985893876383  0.47577278581315469  0.48555757501017860  0.49542158465488817
  0.50469331366745840  0.51434070171346868  0.52325978280723018  0.53198405770262247
  0.54136262557402992  0.55215262847715119  0.56362712070753362  0.57424101986106568
  0.58402794437086958  0.59570568325168149  0.60768622153181395  0.62019027565441298
  0.62962294389690776  0.63854836811351656  0.64818207600493383  0.65885138621280892
  0.66979751769404716  0.68006900708933404  0.69006837458730619  0.70022047541404098
  0.71084970618700627  0.72229686660866665  0.73400780487855410  0.74523433575636266
  0.75569555440585701  0.76613196412947770  0.77702232207287425  0.78877225279743313
  0.80027065790953167  0.81162723139351844  0.82284453068220675  0.83410639997582736
  0.84778805504418564  0.86004301732257249  0.87228762890509481  0.88370715108074660
  0.89432265120305643  0.90425189416745166  0.91281690715325992  0.92201381738625010
  0.93167818030530081  0.94139868315914710  0.95123236159364055  0.96073752812712410
  0.97032189757490317  0.97958839988671320  0.98923526115333460  1.00000000000000000
 -0.00275519654530533  0.01768248347493854  0.03260571316282856  0.04680192388398627
  0.06043869877169930  0.07538405212904595  0.09200557490945929  0.10606749265342380
  0.11998930520417173  0.13396724060055887  0.14994801684080136  0.16746960814446538
  0.18416212206050997  0.20006377704959150  0.21556065038526673  0.23132755039173203
  0.24796271256319208  0.26446427275119938  0.28144631251737751  0.29796613364708668
  0.31355189689761115  0.32899852461561047  0.34395389040634838  0.35808446011454498
  0.37223973950393430  0.38651526401715069  0.40065471796866609  0.41514322429333811
  0.42994688593196156  0.44380117996943519  0.45697320609669317  0.47036423846169761
  0.48338736773465696  0.49515850116305971  0.50635455808577079  0.51723297554434744
  0.52769452420126395  0.53976762881191898  0.55348381333809193  0.56664784383890443
  0.57858166520222587  0.59013191740064808  0.60134032834900630  0.61262233862460547
  0.62442243323472213  0.63649362227994888  0.64813262068285682  0.65930467291956518
  0.66927587501821273  0.67845706943259299  0.68814289741436052  0.69817080154356181
  0.70799056388299242  0.71758950394666776  0.72734279967380377  0.73759882019714862
  0.74799548569760188  0.75826515107836789  0.76852880266914669  0.77835273249864678
  0.78722083541606069  0.79530051739988761  0.80240935140551373  0.80928167467195777
  0.81618418437150941  0.82316815619901940  0.82988892297962513  0.83685869619639508
  0.84435866059471443  0.85247432777854271  0.86049592256042973  0.86856776360265231
  0.87581157944689891  0.88173335714180290  0.88741147414447774  0.89323523977977570
  0.89942808001385166  0.90572574819260976  0.91158023620722928  0.91701387206079310
  0.92236686796898015  0.92782116569853867  0.93320268906976567  0.93865763582504669
  0.94434569891267794  0.95050150895858732  0.95691595007806585  0.96279099073073993
  0.96784543032487613  0.97249676617335512  0.97675511558662675  0.98068043615548561
  0.98477332705055232  0.98941632641535704  0.99414889520523242  1.00000000000000000
 -0.00178635429099761  0.00976570920191312  0.02099043153312628  0.03222882339716074
  0.04389544457695690  0.05485693631403997  0.06657349076869992  0.07659406243455134
  0.08717235935530018  0.09709494378261915  0.10658003272900844  0.11569992126731553
  0.12581791356459993  0.13708901497614084  0.14787419953501166  0.15796394395730040
  0.16839895173259223  0.17889412825985285  0.18996457435532416  0.20154004328857011
  0.21304390928891681  0.22392790765060838  0.23453480622345893  0.24515167544365879
  0.25598919926586350  0.26661732504051072  0.27769077272602966  0.28929188020384505
  0.30028425334472131  0.31123855212971252  0.32194528446775383  0.33216809108482442
  0.34202283167373254  0.35177485893482235  0.36176791683593018  0.37201028308907225
  0.38192058484346914  0.39230291967174885  0.40150339372530264  0.41009959292639936
  0.41890417645209865  0.42766295524934905  0.43572565246885098  0.44325900066365931
  0.45081806745672032  0.45929564290356023  0.46928007435293018  0.47983972193995000
  0.49034997697618299  0.50082087800754183  0.51130587914138059  0.52158374463329293
  0.53222616660162081  0.54329151294337497  0.55365693382845460  0.56324926428780042
  0.57315426093482236  0.58340340200663843  0.59478054612490894  0.60725629287757410
  0.61887698053116935  0.62991626916908972  0.64093994447420921  0.65250350454935446
  0.66479824305400725  0.67782278537910512  0.69085039702954598  0.70304075363585206
  0.71480009199618399  0.72580525268870100  0.73562652477585566  0.74489011063464283
  0.75475213209912140  0.76478065513622895  0.77379864871672155  0.78286629984149392
  0.79296199051795757  0.80538353315319300  0.81764527085580596  0.82914015996656909
  0.84121118907360948  0.85379108698031869  0.86611015994766616  0.87705539862218285
  0.88637839121457496  0.89542501544385789  0.90441954918735246  0.91406913926405775
  0.92370307470204127  0.93359974227813203  0.94476373618126919  0.95680783869836994
  0.96841159123439446  0.97925483537221059  0.98980024228729946  1.00000000000000000
 -0.00257117616573592  0.01160809002410775  0.02265434326437163  0.03421194891668782
  0.04458103368096107  0.05541290126320338  0.06700161585608852  0.07935017524838618
  0.09083145979268997  0.10210418950997392  0.11205107633492888  0.12203478258326621
  0.13238527584036028  0.14185104047905533  0.15143237456969674  0.16010669027845928
  0.16849881481194043  0.17678380747533964  0.18539978610575042  0.19598752130883254
  0.20866470952811986  0.21937733964128392  0.23004845442851463  0.24138624485126356
  0.25284812973609139  0.26374042613869292  0.27433343952749162  0.28531711942015697
  0.29644321029947585  0.30776018523555859  0.31966983476025124  0.33176057154972799
  0.34352860811650154  0.35505276552031162  0.36659624916822048  0.37826176348840673
  0.38984596939224359  0.40197003143474141  0.41251879966687560  0.42318767635525029
  0.43357589256105689  0.44404464210774447  0.45468303607711108  0.46447706319092968
  0.47322574230828340  0.48167256840015937  0.49015652768268114  0.49918633637858878
  0.50850421280375502  0.51787293555493441  0.52729216434587678  0.53674238998621104
  0.54677358829708755  0.55632140429705401  0.56654283229693492  0.57737346738734241
  0.58889635002674456  0.60112567382778992  0.61304775172780690  0.62447326264009173
  0.63584669001268168  0.64654412399694483  0.65649282878392068  0.66633590886972749
  0.67674801242512006  0.68782510836258881  0.69921042477099060  0.71005117074987112
  0.72047315167856363  0.73003945052264418  0.73926793356844711  0.74856908799058675
  0.75815315504496539  0.76792417113194578  0.77771779275496333  0.78751732568388377
  0.79804829966304924  0.81016541026820610  0.82125589105808050  0.83189791140496439
  0.84243335507944406  0.85327950173226363  0.86497014824555418  0.87669750796335166
  0.88794636676520922  0.89886160858754061  0.90945901928604378  0.92030643808291424
  0.93123440488000120  0.94183582170211533  0.95219986692493397  0.96230419816189872
  0.97196913621311953  0.98230041485469932  0.99130562702373903  1.00000000000000000
 -0.00005143730957892  0.00010181139952085  0.00025697650210343  0.00042323861460700
  0.00054795816920385  0.00061242754564268  0.00068253838225237  0.00075414448517142
  0.00082262456672004  0.00089111773157090  0.00095964385236480  0.00103072990429373
  0.00110517125908459  0.00118471424513498  0.00125984991347942  0.00133334007648969
  0.00140673915096722  0.00148032577046501  0.00155543532684314  0.00162949830192822
  0.00170154270820558  0.00177376353208483  0.00184617449706237  0.00192201993960615
  0.00199987785301739  0.00209457124219368  0.00219793315611952  0.00230598024257557
  0.00236546977108772  0.00242495929959987  0.00248525410363407  0.00254631599568920
  0.00260738989597253  0.00266956146222077  0.00273173302846901  0.00283205633344614
  0.00295421381399811  0.00305753911479843  0.00317279342660754  0.00329587309485183
  0.00343280721640582  0.00360520923769628  0.00380435692052652  0.00400354700528887
  0.00419839325327448  0.00440178068501870  0.00463452965700748  0.00485824255771487
  0.00507288227353693  0.00527713278082893  0.00547687391302929  0.00569396753536189
  0.00586541998679344  0.00599817779133126  0.00613411320445028  0.00627183260408915
  0.00641713911097800  0.00663497392547731  0.00693994764563868  0.00724931987181584
  0.00756866005934009  0.00792400310031364  0.00823866260952172  0.00861809403147186
  0.00903082731769281  0.00943622519337814  0.00964593890235755  0.00976860750908370
  0.00989129010877740  0.01001379621947523  0.01013812768981760  0.01033552095508815
  0.01053002740293380  0.01074424218474428  0.01118501746969703  0.01189501195115489
  0.01273375841318464  0.01316024268137398  0.01361115630565910  0.01400968649648539
  0.01459938985142056  0.01515084895972364  0.01578058037354021  0.01623834951725195
  0.01674618199519037  0.01751620755029213  0.01828804684870220  0.01912717752497488
  0.02093690112042485  0.02248744471977800  0.02340459979805370  0.02388541384231583
  0.02521732157056428  0.03025001293869485  0.21759917090004383  1.00000000000000000
 -0.00186341489121441  0.00929944886041192  0.01978896446350580  0.03037284421779844
  0.04084133102685731  0.05330979571964962  0.06733076040354884  0.08120783948532703
  0.09385650458184430  0.10602571689549438  0.11759787716610635  0.12931693161666005
  0.14023399675284046  0.15127669050719034  0.16228097944288100  0.17384238837607799
  0.18530682445065941  0.19585769036813594  0.20610742690787698  0.21562802724828284
  0.22541808261533525  0.23512361768087306  0.24526608306787562  0.25493217309141258
  0.26483628896225281  0.27439017205431632  0.28451868946772058  0.29434419730607919
  0.30412284375661885  0.31413279233120972  0.32539423678169566  0.33651260183771620
  0.34642451483378384  0.35614308227364333  0.36585819259947727  0.37535017468100706
  0.38512913567768181  0.39550723145330474  0.40601737073312422  0.41605595759589409
  0.42541035967724528  0.43438572838482592  0.44325992668177616  0.45220249200188728
  0.46201587665555810  0.47248142887145989  0.48290560977113156  0.49332024661161017
  0.50354786412780639  0.51441702634640274  0.52585308128192565  0.53757732102105249
  0.54828057382922313  0.55762979957805026  0.56654298374193146  0.57499041016339303
  0.58380837051693590  0.59258534533346130  0.60055332561194752  0.60825693848768703
  0.61624043343868162  0.62478869714634977  0.63462862599491865  0.64529807696041219
  0.65607784675593894  0.66682022209744807  0.67717659031554167  0.68639269817382609
  0.69496231441647349  0.70340338676544811  0.71274302198199657  0.72302513656419476
  0.73275562394329075  0.74170288976500010  0.75022742588115598  0.75847839744207823
  0.76725943266297070  0.77668028991053883  0.78639723297169872  0.79661310265065333
  0.80792924372066799  0.82036226078856322  0.83300092543432880  0.84516178336012837
  0.85728019679337730  0.86920565292658480  0.88170192740633868  0.89415141089834349
  0.90759729112639143  0.92078172482526888  0.93390921158191653  0.94632507173162228
  0.95857849230637471  0.97166297046832772  0.98546740494880225  1.00000000000000000
  0.46083945261078979  0.55998124601293220  0.56530119010551494  0.56909277389110124
  0.57540794101928705  0.58007961410213615  0.58363904938931255  0.58730793054327979
  0.59134091760578467  0.59554562349420148  0.59999901811008638  0.60404388221234639
  0.60776610097099948  0.61146906743971263  0.61478021786852877  0.61772502550677566
  0.62103738535059338  0.62491820239770612  0.63113034380826738  0.63729018943971083
  0.64365087699307222  0.64989768450736485  0.65585028295727599  0.66115810875403325
  0.66627380771778388  0.67167468638074324  0.67677873298257574  0.68154325139386029
  0.68607053077174529  0.69050416704635609  0.69499991708420916  0.69959178088498530
  0.70433750466746481  0.70968814628472432  0.71518519642538392  0.72051659898758758
  0.72552835577084362  0.73034817956414866  0.73502532600868886  0.73968879217202765
  0.74455115154295470  0.74941168796163626  0.75412462375638700  0.75879888193890310
  0.76361474875497626  0.76863158228839068  0.77369630415052237  0.77880003312232282
  0.78353381080520368  0.78806069845517945  0.79259926135628511  0.79696032592657140
  0.80172422968449719  0.80624751241648074  0.81077648665113144  0.81541404277617480
  0.82006388627473725  0.82470857932890240  0.82942059876835306  0.83401163610518170
  0.83863933435410720  0.84316262412290699  0.84738688607724599  0.85181925051915541
  0.85619068347308425  0.86056970706150449  0.86501694548192931  0.86964413362588633
  0.87449933544170688  0.87929656933676170  0.88368779909022377  0.88773659903844160
  0.89168198148690569  0.89570001887092221  0.89981722955017440  0.90395348210702309
  0.90812041659125475  0.91241100085474269  0.91684630147192081  0.92134727414580753
  0.92586728706451393  0.93040015636130025  0.93486133166591168  0.93959720481280795
  0.94445682034200606  0.94908376166031561  0.95341774992191397  0.95745388978561430
  0.96174650931468375  0.96632974898285928  0.97112209505819336  0.97604104163802308
  0.98109257192412314  0.98652105637768883  0.99274433752313884  1.00000000000000000
 -0.01085797693683667  0.11485138422567527  0.14854042838440523  0.16992245777844478
  0.18510227792153489  0.19828558133433313  0.21062506157611560  0.22227297703638538
  0.23364272464608860  0.24538750073152174  0.25671904355688674  0.26767555274233717
  0.27839844366067362  0.28812128019356753  0.29754678037991206  0.30662496866644312
  0.31571325318722931  0.32373046384137893  0.33151800883279703  0.33851207799435695
  0.34591694276935331  0.35329836908436268  0.36030906243327321  0.36683648061074037
  0.37313003110376791  0.37933652548692964  0.38550956009812570  0.39192419139369844
  0.39882379450851596  0.40570899583566533  0.41241850504146066  0.41869918391062938
  0.42469776067926907  0.43066485257440118  0.43675124046928787  0.44280802552205351
  0.44870424116448487  0.45436527655459830  0.45962591811381376  0.46466118617125390
  0.46992999462957535  0.47572568253908193  0.48123204803471709  0.48644258770963056
  0.49170142115181426  0.49661109267175463  0.50193873012739199  0.50726125903238684
  0.51274341739405394  0.51846618929290533  0.52427914253053109  0.53024848919420897
  0.53654585016529921  0.54323949165839325  0.55054008713426827  0.55789957047035088
  0.56454403927746322  0.57121312408100622  0.57750912372864716  0.58421176450115153
  0.59083479530896532  0.59788265670446161  0.60481581114979577  0.61131829813983296
  0.61742122041680370  0.62321938873544624  0.62902111537951610  0.63628304061376673
  0.64407703095278512  0.65175809566297138  0.65913427078603815  0.66659801979838895
  0.67424115969283993  0.68222754590744983  0.68927574222961463  0.69542894705916825
  0.70135100439185283  0.70734442802395314  0.71346746327599830  0.71975232636704023
  0.72625972725480770  0.73359692954629518  0.74134652673778567  0.75030232411118802
  0.75987025547014286  0.76987630467599255  0.77961547290397371  0.79009066536204609
  0.80000963316792217  0.80888928858593012  0.81826483280449236  0.82814470379931204
  0.84036103924417804  0.85257246645998497  0.86755710303979361  1.00000000000000000
   1.0537361418834034E-006  -1.0000000000000000     
 F F F F F F F F F F F F F F F F F F F F F F F F F F F F F F F F F F F F F F F F F F F F F F F F F F F F F F F F F F F F F F F F F F F F F F F F F F F F F F F F F F F F F F F F F F F F F F F F F F F F F F F F F F F F F F F F F F F F F F F F F F F F F F F F F F F F F F F F F F F F F F F F F F F F F F F F F F F F F F F F F F F F F F F F F F F F F F F F F F F F F F F F F F F F F F F F F F F F F F F F F F F F F F F F F F F F F F F F F F F F F F F F F F F F F F F F F F F F F F F F F F F F F F F F F F F F F F F F
  <DiscreteSampler_grid>
  grouped_processes
  1 # 1 for a reference and 2 for a running grid.
  10 # Attribute 'min_bin_probing_points' of the grid.
  1 # Attribute 'grid_mode' of the grid. 1=='default',2=='initialization'
  0.0000000000000000 # Attribute 'small_contrib_threshold' of the grid.
  0.5000000000000000 # Attribute 'damping_power' of the grid.
 # binID   n_entries weight   weight_sqr   abs_weight
    13   10   2.424542803902067E-004   2.266703220567349E-007   2.424542803902067E-004
    16   10   5.633024316052441E-005   1.174726125236324E-008   5.633024316052441E-005
    22   10   2.765297247784591E-004   3.344533084024390E-007   2.765297247784591E-004
    25   10   7.052954638791092E-005   2.213413598434801E-008   7.052954638791092E-005
  </DiscreteSampler_grid>
