  0.00000146635106148  0.00000149046779418  0.00000152194015329  0.00000156930909432
  0.00000162015134088  0.00000167642863415  0.00000173408716474  0.00000179664201235
  0.00000186098370806  0.00000192315474173  0.00000197844069440  0.00000203253702564
  0.00000208732465338  0.00000215216390183  0.00000221999265742  0.00000229014402669
  0.00000236276577062  0.00000243840050123  0.00000251835316275  0.00000260456493988
  0.00000269636395419  0.00000277839919719  0.00000286235385555  0.00000294956372528
  0.00000304302078425  0.00000314260085848  0.00000324335070949  0.00000334844387534
  0.00000346454005839  0.00000358559553758  0.00000370738791367  0.00000383097020192
  0.00000396538939862  0.00000411389733823  0.00000427249156824  0.00000444108825849
  0.00000459877997156  0.00000477530630477  0.00000496291423042  0.00000515326733173
  0.00000534925695545  0.00000555913624439  0.00000577733027186  0.00000600542328646
  0.00000623960012921  0.00000649666113365  0.00000677389433708  0.00000705427977590
  0.00000735082214961  0.00000766592545300  0.00000802321681702  0.00000839179797197
  0.00000878971324683  0.00000922472440380  0.00000968492769846  0.00001012704067788
  0.00001061284266010  0.00001113074597211  0.00001167293521160  0.00001229120284035
  0.00001300101728036  0.00001379033531718  0.00001462382145662  0.00001548354676548
  0.00001635082749141  0.00001730724133984  0.00001834271249870  0.00001942971414529
  0.00002067771111610  0.00002203588008667  0.00002358271138840  0.00002537538143828
  0.00002744381475801  0.00002984186017941  0.00003263826463607  0.00003600964823451
  0.00003996522067813  0.00004435344857558  0.00004898534674507  0.00005414920824030
  0.00006024950747377  0.00006795967152663  0.00007713105877961  0.00008872388161658
  0.00010311841283631  0.00012279403492130  0.00014659429797841  0.00017656191288404
  0.00022686242903710  0.00030621234700032  0.00045413915238655  0.00070876679651324
  0.00114366576244227  0.00258081206113371  0.06363207926410758  1.00000000000000000
 -0.00295676840015915  0.01220292785353448  0.02362796756567314  0.03395667202571847
  0.04458913424567813  0.05590836438938705  0.06786136475899235  0.07972128339938797
  0.09085186769213681  0.10162385036615897  0.11222735779729767  0.12269163037207551
  0.13260990528839819  0.14251912113436216  0.15297524081330127  0.16374804010554009
  0.17423007857952921  0.18431265077769191  0.19410888194028708  0.20397875574198809
  0.21418035693280010  0.22451788523486887  0.23539853220918611  0.24677628131732648
  0.25753095556000388  0.26780989571085367  0.27718584948596070  0.28714978940457586
  0.29759726030934597  0.30827773069926323  0.31833557814357993  0.32852398559479346
  0.33930424153266570  0.35037125328487606  0.36136681948593674  0.37180271913484264
  0.38286885602535498  0.39448947066921203  0.40682797771026952  0.41954329069855595
  0.43185227807567272  0.44364626373475796  0.45527036862853376  0.46650460488698053
  0.47720827100979962  0.48723245787831665  0.49701802579163606  0.50660363080028359
  0.51591629714436271  0.52535034067945685  0.53486135287912606  0.54441725574229338
  0.55397919551375929  0.56412109555173651  0.57462285712828676  0.58471664021681524
  0.59451233370747714  0.60416886012612181  0.61332864906309625  0.62232458140451641
  0.63232730659296343  0.64275200466346072  0.65284299343755514  0.66284235733790176
  0.67384753113737617  0.68537066389299517  0.69645815935760802  0.70695705887111238
  0.71754277904862640  0.72730761498249563  0.73679077710269891  0.74560656762902644
  0.75520019629802726  0.76544830365509642  0.77749144144781634  0.78992249035336792
  0.80298283008082016  0.81507388340707576  0.82480684551198558  0.83453997445593986
  0.84378221466006620  0.85330441774248222  0.86261273834352936  0.87245006012419568
  0.88294477167691943  0.89556233348666792  0.90685009515058801  0.91851997876126301
  0.92932866936984992  0.93955234363339413  0.94929711559566421  0.95889244867839207
  0.96955867511501770  0.97986403734166461  0.99029360007853418  1.00000000000000000
 -0.00000240905033570  0.00002941647410135  0.00005151230474835  0.00006477354245393
  0.00007579454936123  0.00008572166313746  0.00009440834288401  0.00010243028159758
  0.00011045731538425  0.00011857853687490  0.00012653931759084  0.00013446986817788
  0.00014236766156699  0.00015036509885493  0.00015869147976311  0.00016713632804929
  0.00017538992672797  0.00018340619657605  0.00019205828662312  0.00020141743483299
  0.00021107649720485  0.00022072542301057  0.00023060279668097  0.00024154860474975
  0.00025248241467332  0.00026335451562496  0.00027413872484001  0.00028617484411859
  0.00029813621109224  0.00031018515569233  0.00032228575613855  0.00033522228577043
  0.00034879094051001  0.00036272796344433  0.00037715307203652  0.00039242859216791
  0.00040885458714126  0.00042557522677070  0.00044224482061356  0.00045918346849249
  0.00047688461896846  0.00049723407334662  0.00052049985859616  0.00054220855461154
  0.00056278584159396  0.00058420446174564  0.00060845180993866  0.00063545064646713
  0.00066381971883251  0.00069381850259402  0.00072667734533865  0.00076263573382359
  0.00080258340037040  0.00084456635241283  0.00088315390902312  0.00092015627294473
  0.00095911384507356  0.00099848607086541  0.00103466165972479  0.00106893526841877
  0.00110740946413652  0.00114712294378097  0.00118733369347738  0.00122132256198980
  0.00125994427396452  0.00130093633985473  0.00134394691262495  0.00139318615387912
  0.00144559892659234  0.00149956872888715  0.00155607859074114  0.00162401294057792
  0.00169935991376604  0.00177628156078523  0.00185662665770834  0.00195365692216344
  0.00206557000505577  0.00218272334001365  0.00230230971946357  0.00241861809825233
  0.00254729312813577  0.00269128013415136  0.00287781895517742  0.00309036701531314
  0.00332958027315024  0.00358208249216513  0.00374600744364445  0.00393058429646133
  0.00419098110385606  0.00459124062695094  0.00519256974484002  0.00609584180061193
  0.00733434629024652  0.00860870304863952  0.06104289648829959  1.00000000000000000
  0.00000178187001622  0.00000199597865558  0.00000220707359570  0.00000246121165546
  0.00000283102469140  0.00000324201605613  0.00000359669156246  0.00000392650672916
  0.00000424230127308  0.00000458182525379  0.00000497045965766  0.00000536490071367
  0.00000575560901107  0.00000621592033813  0.00000669529276065  0.00000727037309090
  0.00000785958922901  0.00000842574227841  0.00000895832092671  0.00000948895441679
  0.00001009356565880  0.00001070680097207  0.00001135333197749  0.00001199150761178
  0.00001266899158869  0.00001349496024572  0.00001430380097047  0.00001512258110085
  0.00001597116346952  0.00001685187174613  0.00001781446247663  0.00001892984578182
  0.00002009564013832  0.00002131436511288  0.00002260844439298  0.00002394683833549
  0.00002555668771822  0.00002742343863537  0.00002938438575013  0.00003138285835591
  0.00003351256460537  0.00003579305476470  0.00003837223764422  0.00004114102408490
  0.00004398658166620  0.00004710369999120  0.00005036836476691  0.00005426252928472
  0.00005846714138951  0.00006322305290982  0.00006831621793042  0.00007368153182033
  0.00007950724494578  0.00008576279665697  0.00009266429395405  0.00009990283503496
  0.00010767145383128  0.00011610891154992  0.00012513100227457  0.00013488270773113
  0.00014530718415367  0.00015660636220572  0.00016903029939066  0.00018268548641966
  0.00019813747949964  0.00021564070561538  0.00023448574581670  0.00025398832048927
  0.00027393953507832  0.00029529403208810  0.00031961546789196  0.00034743066221858
  0.00037714626610711  0.00040817582865091  0.00044060473437047  0.00047432578963515
  0.00050873273590912  0.00054590126220517  0.00059059904467945  0.00064157946195606
  0.00069666618030655  0.00076199198977949  0.00084807681656806  0.00095138999135446
  0.00107944853050893  0.00123952175509810  0.00144928292590291  0.00171324332319492
  0.00198197089550540  0.00227584245520644  0.00267075549933497  0.00336952959635724
  0.00442375263332345  0.00576858194709997  0.04761330104962946  1.00000000000000000
 -0.00309426958171489  0.01374779294328546  0.02630793338657743  0.03831247226044555
  0.04997874225685673  0.06237754451389380  0.07299744529618209  0.08333846865698712
  0.09373720103482135  0.10339301405486803  0.11330056204789660  0.12354469701707452
  0.13685274589608412  0.15168160424567603  0.16602242617300664  0.17890493969662832
  0.19123022322947406  0.20381874163824304  0.21635933834035820  0.22899400395511493
  0.24248493021517395  0.25662930882998236  0.27089462095563721  0.28482234082579844
  0.29812548851380510  0.31118625789755738  0.32357642019048605  0.33550334962497413
  0.34734788760612045  0.35977258752427171  0.37221017468416506  0.38439150379962811
  0.39600177898196798  0.40830913535054514  0.42078245150273846  0.43284112083099463
  0.44418662470427756  0.45563830623054352  0.46744928184390000  0.47940288579557849
  0.49159190325339341  0.50414859020223945  0.51745321147639756  0.53087075496432823
  0.54426342018168195  0.55676169437911649  0.56899313029530041  0.58062733356058482
  0.59177913898343304  0.60271294537993658  0.61324875438038862  0.62343837721566209
  0.63334618785643249  0.64327203706975833  0.65304590256335948  0.66281812476143731
  0.67280102875615577  0.68301321898060274  0.69353902247317112  0.70446411270278109
  0.71517017370211755  0.72536469261505609  0.73496382522998338  0.74475373673326750
  0.75376014079475351  0.76249275421216722  0.77100729710978311  0.78011976179880504
  0.78902369601538991  0.79780032413897173  0.80628375829340393  0.81425231914357643
  0.82188810062121087  0.82963892647428628  0.83768942029823201  0.84625832467727913
  0.85463089782626778  0.86228947547946644  0.86954730710000327  0.87663887338584334
  0.88440545939712079  0.89244041747207381  0.90090787903864056  0.90937152991445780
  0.91777423246920609  0.92644176274767975  0.93505617913006600  0.94274406964313040
  0.94970283283564294  0.95644395362970924  0.96312395567219278  0.96986442862352862
  0.97703044892260149  0.98460915829793394  0.99236929160073561  1.00000000000000000
 -0.00284224488822376  0.01141404041674156  0.02154289600862969  0.03199390538228161
  0.04224245402412726  0.05342464971430082  0.06447314156987359  0.07487339607160323
  0.08455818925012390  0.09352382324892311  0.10223394865716734  0.11107918128269086
  0.12053060665177298  0.13110991147910819  0.14325919350403926  0.15548264608191681
  0.16721418708106039  0.17854686788029409  0.18936097408377045  0.19939593422183749
  0.20883603266384371  0.21838749368990173  0.22824097638449770  0.23826064018627724
  0.24834867973422484  0.25852820006801963  0.26883884925657131  0.27870522810566062
  0.28806742408270536  0.29748396893153123  0.30712174509816070  0.31725120514431698
  0.32796009251170399  0.33883129582420402  0.34985325299296055  0.36083666021174626
  0.37206372131230947  0.38251194883722150  0.39193172146718436  0.40099892903464157
  0.41067398369383279  0.42056078711843103  0.43061164985331452  0.44075240465586313
  0.45110889114833269  0.46166323881892873  0.47185248973609062  0.48210020775675483
  0.49257580403122064  0.50234300416819821  0.51173003207369583  0.52148186035235500
  0.53146705377340508  0.54139498305941636  0.55080611725474526  0.55978489564749445
  0.56891323294927643  0.57825415468263985  0.58787457529928067  0.59777075308081484
  0.60813845065107486  0.61879002067141853  0.63040050620765808  0.64197245531600178
  0.65334427578902943  0.66453904487374793  0.67586035914636611  0.68706914117186668
  0.69754336475614731  0.70783283578629475  0.71879080571168019  0.73015835785737992
  0.74076980944592852  0.75089842787389205  0.76033092132837010  0.77061155804658243
  0.78125412606062750  0.79269915074193675  0.80419785930453669  0.81612631738303065
  0.82851580160473071  0.84049275226037412  0.85271560745793629  0.86528104069305856
  0.87772323695680221  0.88920372576978246  0.89973723176881448  0.90991856533121174
  0.92006487463695363  0.93048849424839430  0.94119541444871513  0.95179159429675897
  0.96293137567145004  0.97455097613435160  0.98715301316980375  1.00000000000000000
  0.00019311652160852  0.01346866359969525  0.02458252771941809  0.03616331195827715
  0.04746105965896948  0.05871292012129060  0.07039942288600727  0.08159784656326979
  0.09231666057588093  0.10252351187235063  0.11307926906040609  0.12363288620473231
  0.13452011290694388  0.14553130880446924  0.15616693096909784  0.16653532879706770
  0.17690860216976773  0.18764681614607909  0.19851202823400765  0.20822928642559557
  0.21603387699587587  0.22339105129227876  0.23091907315803051  0.23901334950994710
  0.24704411363950932  0.25552455112559813  0.26421545909422661  0.27353736427547526
  0.28360752085031127  0.29398727337527125  0.30483754990714479  0.31583988546950531
  0.32683152879110555  0.33779770808287057  0.34838034119512012  0.35919170732904743
  0.36921968442569825  0.37910397562248638  0.38819834358179262  0.39779835088256693
  0.40685656274390980  0.41634139759364491  0.42649130792842516  0.43717347104136173
  0.44798870374051791  0.45853891711890032  0.46934713846303494  0.48061436432648358
  0.49180767188049362  0.50255006341274311  0.51278353988684344  0.52309181215178746
  0.53341310053479907  0.54365501167586661  0.55388351652132350  0.56389568351346209
  0.57378566282820431  0.58381324997789164  0.59451370591568409  0.60569608078382886
  0.61687700393378941  0.62807019009102516  0.63929693517654185  0.65006449378730768
  0.66016188727973135  0.67003246129132410  0.67982080925364075  0.68969587421877621
  0.69982031490330243  0.71044379880242270  0.72165998740878978  0.73334969741701028
  0.74472338815505601  0.75541092831145251  0.76609593011053800  0.77760523728210296
  0.78950528043125345  0.80041244495253550  0.81069741087217484  0.82116260769102090
  0.83149359192392902  0.84210269800226734  0.85239005266841839  0.86252161599214183
  0.87267233970752378  0.88331766622767582  0.89479368975229701  0.90672304359743361
  0.91816696665995934  0.92939794841974532  0.94036743490499841  0.95236689562840815
  0.96435334461779598  0.97694720055562134  0.98826976548754897  1.00000000000000000
 -0.00247493934594307  0.00929999554094610  0.01903651513424326  0.02899043035940314
  0.03932675119369683  0.04994636581497167  0.06050834299608288  0.07091905389388477
  0.08124301390688318  0.09095068360491788  0.10030924854371497  0.10963633174596923
  0.11883622093581810  0.12728904815830827  0.13544706473045504  0.14387810259977002
  0.15413352157967561  0.16476971926904341  0.17559089901966385  0.18579935938534980
  0.19688402838797384  0.20787477482553843  0.21925736338088214  0.23044447613636124
  0.24142409286240590  0.25211192074233857  0.26253629657528277  0.27262910851322453
  0.28235909118604136  0.29225173397771387  0.30287347503160245  0.31368039989602237
  0.32498199958294599  0.33608418187325878  0.34905547586387647  0.36179237638004297
  0.37354349966205158  0.38479158859067908  0.39592154222867304  0.40727282458800940
  0.41801158872418642  0.42819263432564986  0.43808167676686505  0.44775103524222165
  0.45697756470539119  0.46592960730936156  0.47492304799300000  0.48468488059080050
  0.49537887054911578  0.50640656163380637  0.51702196184256277  0.52714737272922463
  0.53737064773762266  0.54840842440034054  0.56003659969340436  0.57207320168200382
  0.58373689254812677  0.59495883411783679  0.60626820928759151  0.61749867031575945
  0.62893719066410092  0.63972636721658882  0.65139086301258664  0.66301724295367914
  0.67459878519979377  0.68532156024925128  0.69541489392109501  0.70538609352217907
  0.71589045117667083  0.72682139643085675  0.73685792172776554  0.74697825186484557
  0.75696477329540490  0.76729752347685221  0.77739250214640498  0.78690273452706394
  0.79671824876218889  0.80695292972077570  0.81733351735769488  0.82783583030946484
  0.83871865472050722  0.84996679960883537  0.86091317046402016  0.87132023300287231
  0.88092146723083520  0.89021119270480942  0.90011661785705466  0.91082056749816898
  0.92182325238538054  0.93376604912780392  0.94462831868790276  0.95676777004537161
  0.96727465692133507  0.97865515609223797  0.98925142368035368  1.00000000000000000
 -0.00166319919596306  0.00560378338934831  0.01054295348543949  0.01493895073650424
  0.01931332214372385  0.02381313599044911  0.02872869754419017  0.03418500898294353
  0.04007463760248589  0.04654114221578416  0.05327684781018149  0.06010826441148759
  0.06698484110992578  0.07395392911404999  0.08105884469190749  0.08793168326758936
  0.09448224394305464  0.10114061206682112  0.10828839483226155  0.11621572275315996
  0.12493516106669794  0.13398746952535476  0.14350559996977091  0.15342563942072490
  0.16307148996988372  0.17159381476804753  0.18017960261811208  0.18918287383032209
  0.19885516555584767  0.20846030425090931  0.21853950781685674  0.22896825765392939
  0.23995316280470672  0.25094450630376891  0.26154034537398230  0.27183450060918046
  0.28219194475923509  0.29324844112900378  0.30472982010158345  0.31597132570609737
  0.32712686982122607  0.33865808601728686  0.35103308641173425  0.36408318939333295
  0.37846971554144726  0.39254029671523399  0.40595041943141669  0.41910794991566080
  0.43172721512757156  0.44313000025327998  0.45382701884197318  0.46500080233050051
  0.47597425583472031  0.48681482731758069  0.49812123937242181  0.50986651229712465
  0.52196096614942311  0.53477885223881405  0.54830968958591031  0.56179210013917447
  0.57478096933434475  0.58760588588943496  0.60026314366281897  0.61426231788489349
  0.62873218013764409  0.64246338471419040  0.65513601690964918  0.66694468201326884
  0.67887238945655648  0.69126687489987582  0.70400357230102861  0.71674373541615288
  0.72927367896306639  0.74119271672683651  0.75295438400177339  0.76460826176823427
  0.77622295829028820  0.78751607202302853  0.79932994040269090  0.81163885835030014
  0.82431814581599983  0.83699598387855123  0.84969713658695667  0.86221090285703017
  0.87477481355539877  0.88818533447104053  0.90191979418402435  0.91540064414358291
  0.92813820663288593  0.93941136397195579  0.94971940765595730  0.96006064983679362
  0.97030010575113868  0.98060101126837518  0.99060590471444054  1.00000000000000000
 -0.00141553122873885  0.00758504778244521  0.01580217880953112  0.02426618927986284
  0.03306569336734332  0.04177074060966608  0.05160656165998965  0.06289605944493858
  0.07505542575563715  0.08742157460170931  0.09902536593902943  0.11055737933556445
  0.12124866019826011  0.13163374513531254  0.14173568332341258  0.15223702144357906
  0.16426291618990413  0.17681758204344430  0.18924662212437490  0.19979051329310585
  0.20932568958024639  0.21835702285858860  0.22760152470946285  0.23756266933406545
  0.24845743519878327  0.25923728836839699  0.27082198912507655  0.28205032249614159
  0.29216526064120901  0.30197254970666715  0.31071957316640120  0.31973928487993786
  0.32895699738248868  0.33860750774523346  0.34925479736720028  0.36046493371633953
  0.37199867721967689  0.38327587257021861  0.39428086196054574  0.40565881955716954
  0.41670390985153161  0.42721016739466916  0.43730479980528347  0.44732086129270954
  0.45765083081723651  0.46817653024396100  0.47922032250046948  0.49027545586497179
  0.50190494179877010  0.51350932942161853  0.52510609998951574  0.53593808620119410
  0.54660636107319793  0.55752975329942422  0.56737124029233954  0.57652970879258914
  0.58613221562965379  0.59583155678230859  0.60524590769697206  0.61391747492317528
  0.62291477005907026  0.63308386223211877  0.64416035596420285  0.65497247535444592
  0.66570403832869052  0.67649620920238052  0.68790431439427269  0.69957181644551059
  0.71093319468029748  0.72192648858553155  0.73282365811286965  0.74411631568881376
  0.75502607801712185  0.76583049089692146  0.77661918841076616  0.78743943994743071
  0.79776644788473683  0.80798280074855588  0.81908897562291916  0.83078883784804647
  0.84245270549193652  0.85372148025338224  0.86386731833534780  0.87449909458820596
  0.88435759642618816  0.89415777187588463  0.90393998871521242  0.91403962366404345
  0.92464433758122877  0.93486522654358584  0.94538582819815653  0.95616304870493418
  0.96734729373215678  0.97830116444585002  0.98951626084947530  1.00000000000000000
 -0.00179599473953550  0.00867400439238333  0.01753257966776148  0.02638976415792967
  0.03510754847703424  0.04418145861881405  0.05298165975353310  0.06252453887247249
  0.07341969385898683  0.08558681365785874  0.09825961435815091  0.11145405312098917
  0.12457220663811495  0.13608786632158329  0.14652189354411474  0.15661883678111840
  0.16715833917214371  0.17807315568423371  0.18926250260552654  0.20052459344096338
  0.21191192255995542  0.22344228645026676  0.23469197495152141  0.24544711655532436
  0.25585498149314850  0.26596770933438457  0.27618339263651798  0.28668979370789699
  0.29700875899451973  0.30709745175835629  0.31722012037691422  0.32770251851816079
  0.33841950254751674  0.34863789070519108  0.35902794303469943  0.36968762749416761
  0.38037399653991166  0.39083253192088602  0.40158474601957039  0.41240354007417152
  0.42270817694048102  0.43303654095314165  0.44394643628020369  0.45546911209572633
  0.46663573637849365  0.47673759594727905  0.48648510590634508  0.49598593247077727
  0.50521557587903632  0.51482635768077090  0.52467934531994065  0.53406095686873678
  0.54366024916929823  0.55301539881839878  0.56325329009028480  0.57360587187589951
  0.58514129202965393  0.59715995950920997  0.60867644605332050  0.62014613279022190
  0.63105563571131573  0.64197038306852505  0.65200210506139655  0.66095417317298355
  0.67033414516610590  0.67885288112101694  0.68792034719818407  0.69778680245247482
  0.70759639747759306  0.71808748978486481  0.72912591470327037  0.74089669554224313
  0.75329560811345309  0.76435586542254708  0.77568322377225030  0.78623679671311708
  0.79708446772428121  0.80824892477830523  0.81869670715244636  0.82866812445757765
  0.83864788542881008  0.84889546103370428  0.85916630340564237  0.86913298123902105
  0.87888727985869830  0.88809091976206322  0.89710592108376286  0.90586126932926958
  0.91622478683509168  0.92872351586816726  0.94020854706363521  0.95218213765012161
  0.96399185153892164  0.97643379297119581  0.98829636316783198  1.00000000000000000
  0.29386264558614722  0.54254950702450588  0.63475939700487027  0.69085808874580490
  0.75698607912862270  0.77389744755953205  0.78058829404528707  0.78648347445447497
  0.79284885662276472  0.79879472326056156  0.80395137502474923  0.80882183060077928
  0.81287543385463312  0.81691213887867797  0.82058449296846636  0.82412857323959166
  0.82764776358603509  0.83099779892619741  0.83437142754393923  0.83774407934939221
  0.84128660168059610  0.84505433772056415  0.84850388675919397  0.85189738592943920
  0.85527216338485046  0.85849905440120278  0.86167177149614860  0.86477636477348019
  0.86774207271920667  0.87058730897971637  0.87339364136720210  0.87593122561741243
  0.87857579841881794  0.88128058261297892  0.88386408225725255  0.88645679550103995
  0.88889490089027257  0.89125151884840048  0.89381253822392526  0.89644790545127617
  0.89905486673107782  0.90153830130377877  0.90388959049857009  0.90609836954606771
  0.90819364306726336  0.91024789064506251  0.91230120544300974  0.91439322502490905
  0.91649338704850813  0.91863435739191546  0.92086026856848835  0.92313505647516880
  0.92527838415422303  0.92728709256647390  0.92919919661036243  0.93105429625025415
  0.93290528577003051  0.93479412050200261  0.93670655398016911  0.93862399551155029
  0.94048464032688595  0.94232505627332008  0.94417163342427335  0.94601992830338810
  0.94781356024368135  0.94952385020789143  0.95115188526003858  0.95268798120891762
  0.95417549138234448  0.95567505259476349  0.95719574979606692  0.95875879809620523
  0.96036037392973583  0.96194051722464413  0.96354234594479082  0.96517999577938907
  0.96682429040105633  0.96845892286727076  0.97006697476362147  0.97161714818780243
  0.97313107459815307  0.97464472653282475  0.97615896853620077  0.97767665340691101
  0.97933701053528621  0.98099212676417291  0.98263313084057013  0.98426870486595253
  0.98591402212040558  0.98758131483385669  0.98929097882610317  0.99103665348868220
  0.99297299872447564  0.99507255543803563  0.99745316913390225  1.00000000000000000
 -0.01176807356447939  0.12060498372483044  0.15140755975584913  0.16543457010574522
  0.17799771018510838  0.18995912190746256  0.20089328619747723  0.21115665180515705
  0.22249211372781372  0.23281276623500766  0.24362269798000138  0.25362596848577196
  0.26368817879720524  0.27388280345609789  0.28251309231957805  0.29127637756960806
  0.29900664724888742  0.30602135563492100  0.31259578481422917  0.31935078797129512
  0.32680329913392181  0.33510358231979770  0.34225523482833975  0.34955898051099027
  0.35600128533775333  0.36262519975211688  0.36920081219798634  0.37543480535395973
  0.38125808679157086  0.38726083740205935  0.39334824242711497  0.39954583298344021
  0.40567305028987138  0.41183979900841078  0.41802920268824345  0.42416704957033347
  0.43032302364608371  0.43637017997822791  0.44314856351231086  0.44982123923564216
  0.45645928020917736  0.46291830116114469  0.46910426095511626  0.47497610654890088
  0.48078496411285093  0.48665614253228962  0.49270466404387497  0.49875296836453603
  0.50437756660047939  0.50956399227824156  0.51477225474247523  0.52003649024553977
  0.52558921072854881  0.53126232261416562  0.53658419250179956  0.54128411153951350
  0.54592774902224483  0.55060743488837216  0.55582293207592715  0.56166809776451510
  0.56740272417840698  0.57321243665940491  0.57907142244352183  0.58511239799880022
  0.59140559186645048  0.59772836413142516  0.60399035947330748  0.61018939420751617
  0.61626320085980080  0.62233919817105521  0.62861075709106484  0.63480131213208790
  0.64102420795525250  0.64720403418776062  0.65358430589875349  0.66021700259026495
  0.66720613977190923  0.67437946424131545  0.68149674856886322  0.68887855116654073
  0.69639928262696049  0.70399992677377066  0.71195948929714781  0.72051605916177364
  0.72960721845786425  0.73899007188481214  0.74864298619769298  0.75880766572329883
  0.77005196997624570  0.78297762781071056  0.79770665852435418  0.81399994187590441
  0.83344765295944778  0.85619058059445341  0.88977363988134295  1.00000000000000000
   6.0855228601046593E-006  -1.0000000000000000     
 F F F F F F F F F F F F F F F F F F F F F F F F F F F F F F F F F F F F F F F F F F F F F F F F F F F F F F F F F F F F F F F F F F F F F F F F F F F F F F F F F F F F F F F F F F F F F F F F F F F F F F F F F F F F F F F F F F F F F F F F F F F F F F F F F F F F F F F F F F F F F F F F F F F F F F F F F F F F F F F F F F F F F F F F F F F F F F F F F F F F F F F F F F F F F F F F F F F F F F F F F F F F F F F F F F F F F F F F F F F F F F F F F F F F F F F F F F F F F F F F F F F F F F F F F F F F F F F F
  <DiscreteSampler_grid>
  grouped_processes
  1 # 1 for a reference and 2 for a running grid.
  10 # Attribute 'min_bin_probing_points' of the grid.
  1 # Attribute 'grid_mode' of the grid. 1=='default',2=='initialization'
  0.0000000000000000 # Attribute 'small_contrib_threshold' of the grid.
  0.5000000000000000 # Attribute 'damping_power' of the grid.
 # binID   n_entries weight   weight_sqr   abs_weight
    13   10   6.274144787131143E-002   1.953609498935055E-002   6.274144787131143E-002
    16   10   8.073697268368571E-002   3.215784719162257E-002   8.073697268368571E-002
    22   10   6.333112088542445E-002   2.190603334422987E-002   6.333112088542445E-002
    25   10   8.141849804679166E-002   3.727394536922442E-002   8.141849804679166E-002
  </DiscreteSampler_grid>
