  0.00000011490130611  0.00000012938633569  0.00000013296705415  0.00000013585172154
  0.00000013885341231  0.00000014102074484  0.00000014394234881  0.00000014672548670
  0.00000014894354605  0.00000015215616719  0.00000015556149154  0.00000016085966837
  0.00000016482124775  0.00000016835640719  0.00000017216331670  0.00000017667297985
  0.00000018152118677  0.00000018647590653  0.00000019110757605  0.00000019485387310
  0.00000019907820647  0.00000020364637119  0.00000021228335421  0.00000022235041354
  0.00000023593773537  0.00000024753895920  0.00000025761699040  0.00000026619445849
  0.00000027422610804  0.00000028234638251  0.00000029069670040  0.00000030024225232
  0.00000030938501390  0.00000031899988288  0.00000033031435894  0.00000034219279122
  0.00000035510023794  0.00000036936209389  0.00000038452025612  0.00000039695574885
  0.00000040791478003  0.00000042085192804  0.00000043526930770  0.00000045148071081
  0.00000047464030148  0.00000049791642217  0.00000052299327535  0.00000054829244300
  0.00000057422825888  0.00000060184992056  0.00000063505975989  0.00000067308511560
  0.00000071399449181  0.00000075432912043  0.00000079997903052  0.00000085434592261
  0.00000091058277058  0.00000097387927486  0.00000103070821540  0.00000109408187241
  0.00000115855834339  0.00000122576856309  0.00000128631562729  0.00000136309502117
  0.00000145409473920  0.00000155040289519  0.00000166725203836  0.00000180509302061
  0.00000195506695933  0.00000212381909594  0.00000231140794494  0.00000251429402217
  0.00000273539756157  0.00000299725501604  0.00000331118761414  0.00000369369204662
  0.00000414702607403  0.00000468060994209  0.00000532417414414  0.00000605669388998
  0.00000684838771444  0.00000772054639883  0.00000867575220680  0.00000964902075668
  0.00001083151508635  0.00001263975172230  0.00001533929751703  0.00001891816084276
  0.00002412523758755  0.00003290830064938  0.00004979990880731  0.00008651874979669
  0.00017765132289093  0.00051729300969570  0.07579323560631289  1.00000000000000000
  0.00000038188508418  0.00000040200734576  0.00000041799457447  0.00000044279724295
  0.00000045542905524  0.00000046841873734  0.00000048748292162  0.00000050875349663
  0.00000057445244012  0.00000064462197506  0.00000070849981845  0.00000078278532277
  0.00000087517222001  0.00000098370228014  0.00000109292750329  0.00000118974902228
  0.00000127065123599  0.00000134294063361  0.00000141347085977  0.00000149571566488
  0.00000157737308320  0.00000169898374722  0.00000179598311749  0.00000189296722899
  0.00000199342520929  0.00000209699818234  0.00000218225051405  0.00000226973376744
  0.00000236064963623  0.00000246387295095  0.00000257295952562  0.00000269939552007
  0.00000281404929975  0.00000291590010663  0.00000301492905090  0.00000310579090766
  0.00000320484607698  0.00000330124159265  0.00000340651915480  0.00000352502770015
  0.00000367722351719  0.00000383168817525  0.00000398237315260  0.00000410125455076
  0.00000422385520858  0.00000436286229065  0.00000449335241063  0.00000462153459907
  0.00000475120472459  0.00000490326621253  0.00000510018284986  0.00000535488211198
  0.00000554508749751  0.00000573439917275  0.00000592982905905  0.00000614212190987
  0.00000649844475478  0.00000682243383381  0.00000713762462348  0.00000752224371550
  0.00000795597727774  0.00000841476868679  0.00000888702690213  0.00000935357861645
  0.00000987775256603  0.00001043692656396  0.00001108829932251  0.00001193178763140
  0.00001295351128262  0.00001408876967249  0.00001530402991663  0.00001672284497786
  0.00001828159246867  0.00002040066939962  0.00002293570491795  0.00002573272263452
  0.00002868410409891  0.00003189442097396  0.00003572163829653  0.00004032255888342
  0.00004568795306642  0.00005293980666192  0.00006293382249322  0.00007598049664023
  0.00009295953057202  0.00011653442028197  0.00015059845124946  0.00019607781553317
  0.00026282944055682  0.00036986689813465  0.00052159024413855  0.00077374044400048
  0.00142116955512830  0.00354526719677003  0.13538321006866097  1.00000000000000000
  0.00000840067664324  0.00000873621171116  0.00000894271078963  0.00000956071915363
  0.00001062991332952  0.00001131830297787  0.00001191775478478  0.00001248119006217
  0.00001319048588908  0.00001426463882155  0.00001562970958442  0.00001687189452734
  0.00001774234882424  0.00001819342212827  0.00001867288285796  0.00001919582945044
  0.00001974499015702  0.00002031635626924  0.00002076248723824  0.00002117581576189
  0.00002154674539961  0.00002192685226454  0.00002235748356957  0.00002281620421318
  0.00002329262811840  0.00002365702094711  0.00002400816808748  0.00002435643747284
  0.00002470445160772  0.00002520442997225  0.00002615094255846  0.00002706712174935
  0.00002825096160619  0.00002936804864227  0.00003053148712856  0.00003190761469705
  0.00003309681852945  0.00003417529742184  0.00003517179987978  0.00003610703453662
  0.00003687753277117  0.00003781427077999  0.00003883781221268  0.00003982072528004
  0.00004077543239916  0.00004219744279795  0.00004380566715438  0.00004562663506185
  0.00004743702357639  0.00004919391497688  0.00005097605470648  0.00005288138539283
  0.00005495291365117  0.00005709616047979  0.00005952222251940  0.00006284681561905
  0.00006677836705645  0.00007088617525695  0.00007528440200381  0.00008015503578588
  0.00008535733297533  0.00009197057023459  0.00010017126651762  0.00010963648251297
  0.00012000299023109  0.00013121827975121  0.00014441043491080  0.00015846299481796
  0.00017441010377700  0.00019185140404494  0.00021089634559547  0.00023012529148550
  0.00024883121113667  0.00026930704168070  0.00029583086525684  0.00032902055401036
  0.00036462278345497  0.00040248573909932  0.00045175493214352  0.00051082930741678
  0.00057438751721694  0.00064898400480655  0.00073747999472187  0.00084577784574570
  0.00099504259240895  0.00114273516686236  0.00133219191839217  0.00161424767925010
  0.00198120467186331  0.00242234482551872  0.00310643202902902  0.00406764908390915
  0.00646341641399787  0.01191768342728533  0.21210433016136182  1.00000000000000000
  0.00000143272032331  0.00000155365401654  0.00000161398641277  0.00000167393321324
  0.00000172663761944  0.00000179170332658  0.00000186190538784  0.00000193563134774
  0.00000201418170550  0.00000208419685120  0.00000215125338183  0.00000221799121698
  0.00000228651923385  0.00000235002217179  0.00000241681841553  0.00000248368626419
  0.00000255300638294  0.00000262934829975  0.00000270341579622  0.00000277393255546
  0.00000283943146821  0.00000290381201716  0.00000297534588601  0.00000305136012696
  0.00000315120580058  0.00000323946971546  0.00000333404715235  0.00000346007767736
  0.00000360780346266  0.00000376394631765  0.00000391186049272  0.00000405106099929
  0.00000418657887830  0.00000432117198303  0.00000446080190365  0.00000460442132008
  0.00000474797455825  0.00000490067465506  0.00000506004589098  0.00000523228069313
  0.00000542501307644  0.00000565878550592  0.00000591028631024  0.00000616795027534
  0.00000642839062548  0.00000669605588468  0.00000698361133913  0.00000731256538540
  0.00000776861750728  0.00000836183636630  0.00000899028200246  0.00000958249155164
  0.00001022277001513  0.00001093036928715  0.00001174058284109  0.00001264195957073
  0.00001356203783868  0.00001455651850636  0.00001567560777488  0.00001683122853791
  0.00001823384611984  0.00001970206572883  0.00002105898545987  0.00002253304215816
  0.00002426711340891  0.00002619482707775  0.00002880509273076  0.00003188296823336
  0.00003515502653161  0.00003842408638638  0.00004186141011676  0.00004578337503236
  0.00005026402070804  0.00005589562719272  0.00006284749058845  0.00006982841151982
  0.00007764422727949  0.00008751745421463  0.00010054855797590  0.00011702551138912
  0.00013501508461919  0.00015681509358064  0.00018068616480248  0.00020501452501646
  0.00023164075646526  0.00026983870637801  0.00033080198709907  0.00042212882072673
  0.00052147146968309  0.00064912799255233  0.00085162180122873  0.00121018448626142
  0.00187685249875039  0.00281158329812268  0.04521123031258949  1.00000000000000000
 -0.00355272381636047  0.01809535083343967  0.03376281268158698  0.04860455231794980
  0.06154040552374293  0.07236535593418751  0.08171674326621027  0.09050277078478049
  0.09930423754493448  0.10858677495347636  0.11801315675375580  0.12874891434697328
  0.14228766303536081  0.15433716531481870  0.16281224898635699  0.17004123760112447
  0.17683660221692363  0.18626498799018432  0.19857968818383082  0.21272301627565712
  0.22717138378330837  0.23984690816966617  0.25155493146700036  0.26315702934023827
  0.27368775743731605  0.28245295782406593  0.29056758503862073  0.29777216479568591
  0.30532107702706740  0.31363785688502660  0.32162755475693749  0.32869826393069052
  0.33791824147604571  0.35069852229384568  0.36556519330356874  0.38032476988973074
  0.39213463589544978  0.40119652828374280  0.41044002609277097  0.41878912407377339
  0.42889306217603412  0.43941818192113546  0.45010523818104592  0.46185972684620424
  0.47325450892473564  0.48416129926767293  0.49720719071501579  0.51052417516291948
  0.52360696547771268  0.53554378513668244  0.54757421844274645  0.55809509493192033
  0.56782352264840263  0.57739876403736190  0.58778867363298481  0.59964764128219783
  0.61211022548756155  0.62406820073480773  0.63739959227306298  0.64856783640516824
  0.65595557390130421  0.66274401003229111  0.66917797401940116  0.67547228196721087
  0.68179334159085370  0.68814436403607704  0.69485441458397801  0.70172099758823359
  0.70911477156497360  0.71769733941651448  0.72587729183217375  0.73443489419166752
  0.74109457127969525  0.74862268163064893  0.75726228367696891  0.76770181931843995
  0.78142361647273517  0.79474836171883689  0.80726225734565027  0.81947626367445314
  0.83070719800430215  0.84135271262808020  0.85156148925669517  0.86228831686378049
  0.87240353405462356  0.88086816182382499  0.88987593019473743  0.89847670540437607
  0.90898524295423544  0.91972151594214524  0.93033652165197733  0.94100937193150791
  0.95299298712156888  0.96630412142396638  0.98254898449791239  1.00000000000000000
 -0.00227798604877242  0.00905838118838072  0.01979038878129775  0.02832131245939634
  0.03790802720378559  0.04788557832466908  0.05854660121132812  0.07055019316904286
  0.08402774623323850  0.09765224781174364  0.11256138734423161  0.12891626661353978
  0.14594504565760991  0.16216515284058769  0.17614948467053149  0.18856110507114812
  0.20063604852314776  0.21196282624132501  0.22223648237943139  0.23212465168274560
  0.24165216142994064  0.25112199749657260  0.25999827421867244  0.26701659815943907
  0.27437458930771674  0.28135403955177735  0.28909561310061421  0.29799142321061245
  0.30826941568897248  0.31775794752823472  0.32647431948934641  0.33394089364268958
  0.34096416955255693  0.34836362302843088  0.35634765541664049  0.36407391408696049
  0.37084524270806701  0.37876493808430822  0.38924836141548164  0.40354430355885762
  0.41751241751531371  0.42730652824756149  0.43583529679339456  0.44394643660376470
  0.45101587403028098  0.45630559462665549  0.46155796173961189  0.46692238821909876
  0.47376480575234103  0.48331306739638225  0.49510895004885214  0.50573865988279421
  0.51548221595251043  0.52555226326760263  0.53716545399755533  0.54914936509447354
  0.56034108410670636  0.57069928322424512  0.58127714307609102  0.59037068688870642
  0.59786082188869794  0.60436837008784050  0.61236954648373598  0.61939693166004861
  0.62578825228034751  0.63383278995863335  0.64160929561212277  0.65339082373133606
  0.66452564733620934  0.67565618583158560  0.68721529476123910  0.69871069220777549
  0.71215752804950661  0.72691888089585754  0.74095630387241729  0.75492693564397806
  0.76958307339437793  0.78357032391236092  0.79700857053213825  0.80986922925838134
  0.82186881015401880  0.83322883944216741  0.84450955666954419  0.85722128115032281
  0.87057012962230285  0.88271565210013447  0.89357877783515260  0.90461652782716750
  0.91604617041074266  0.92709299157228198  0.93750791345701268  0.94816636372709684
  0.96003357656603916  0.97410853290963162  0.98747626238361352  1.00000000000000000
 -0.00179841726679937  0.00692929708895153  0.01607939649316680  0.02465273361557705
  0.03520106712777695  0.04510547232545813  0.05540405509766543  0.06631656953144940
  0.07755847117202019  0.09097768460260540  0.10533681546854778  0.12005542892467259
  0.13361179642242299  0.14498448078685749  0.15295632091253072  0.16068180341014568
  0.16906705064354924  0.17714377681654025  0.18480496565103660  0.19198765432380641
  0.19899678059589967  0.20534411972147903  0.21385855515177940  0.22355237800306907
  0.23353932026120081  0.24511352353828000  0.25766825242377506  0.27118131079399144
  0.28298870945704591  0.29490298963709316  0.30591232628856557  0.31697320971583232
  0.32789069447730851  0.33854185830954070  0.34953454339140244  0.36072064737799625
  0.37129290407199950  0.38058943662350481  0.39007262818985838  0.40098697122405058
  0.41252695254846133  0.42329018993019230  0.43422909315085129  0.44570406668747076
  0.45772066772738412  0.46629106208366328  0.47439646662377261  0.48323006751753250
  0.49236904872465181  0.50258584517858529  0.51381845277448923  0.52439565671105293
  0.53200272814573646  0.53987191893850861  0.54978403807549414  0.56358551002843238
  0.57843932318363767  0.59216606650280090  0.60384136103882158  0.61437516485949850
  0.62461988478766484  0.63508777626771029  0.64647089996796281  0.65831013868428401
  0.66934427674199615  0.68010512693762404  0.69223559451690986  0.70499650156628624
  0.71465760386486410  0.72377153145302853  0.73273194957904453  0.74241923015529065
  0.75340337575792238  0.76516758356042847  0.77763036513974881  0.78970928170583676
  0.80119898964536640  0.81275952229194193  0.82450976817494259  0.83534882131962152
  0.84414817735054837  0.85381438578652380  0.86352780581363253  0.87317366521356721
  0.88396746159275408  0.89393298955960132  0.90370165620463649  0.91275547459096840
  0.92143766963923512  0.93057679038727792  0.94154257262582275  0.95419169147954996
  0.96790698791516838  0.97951679610053755  0.99004757326632808  1.00000000000000000
 -0.00279462984066933  0.01004498502706127  0.02041769223526502  0.02926605838393513
  0.03829585249397779  0.04800306039647802  0.05857229837177862  0.06948409898846600
  0.08017756797774506  0.09118806972902846  0.10252279021169751  0.11425067000084435
  0.12728668609524013  0.13954172687028391  0.15067178570762108  0.16067928460447944
  0.16825017750150517  0.17637419944675017  0.18413036056664478  0.19684356591200985
  0.21009864508726570  0.22244800586183608  0.23399416131857587  0.24648492649288012
  0.26070284337143834  0.27484100984869236  0.28715629073359572  0.29841316476436169
  0.30936616541133782  0.32085130290591718  0.33278881241693453  0.34519618173163213
  0.35813111841355261  0.37231009523514863  0.38738707532517080  0.39988792446799659
  0.41194423394787133  0.42144687818893828  0.43043928770734746  0.43947319949014124
  0.44830473419600492  0.45631539208901700  0.46698245694370072  0.47625886775537624
  0.48533709065860087  0.49556737181573057  0.50655117772667957  0.51530652146239031
  0.52315702910783535  0.53118837307313249  0.54020179372457333  0.55073253778687103
  0.56161655054242354  0.57268031142668840  0.58308673969410707  0.59290620383610348
  0.60430914828432758  0.61854520916588784  0.62934651028604716  0.63728273995984619
  0.64644683267838188  0.65475167481590646  0.66242305970551252  0.66979819099413584
  0.67735109334842070  0.68443396849721827  0.69479260877183358  0.70664999026773956
  0.71770221118113531  0.72677886795387481  0.73424546358338927  0.74205308008774851
  0.75038181590257969  0.75941150435751081  0.77306675668434743  0.78728204268310331
  0.80181529437661714  0.81351365395560937  0.82431259404937018  0.83384647445739257
  0.84239777882907485  0.85104733572584068  0.86040190620625245  0.86954535671226252
  0.87891857561891962  0.88810071128288826  0.89850244981665139  0.90703871451931095
  0.91512711192624008  0.92351718965620222  0.93291563382184006  0.94575626285248859
  0.95913858321772560  0.97295500426161441  0.98684489262013930  1.00000000000000000
 -0.00008447929340778  0.01391904102022128  0.02644215931925038  0.04185415200615430
  0.05786861734840126  0.07295507424711045  0.08694526736532017  0.10245697271477294
  0.11790604589464490  0.13682806470696546  0.15962715919576981  0.18357571092396349
  0.20621819684505130  0.22544533301016273  0.24318764111929878  0.26256275421150965
  0.28503335688564935  0.30462777287142334  0.32212760804065516  0.33841051656106719
  0.35470312984420588  0.37064162516889310  0.38535085272937131  0.39894159025236769
  0.41270432011120323  0.42586194371509883  0.43887783246422374  0.45195161754004126
  0.46665407047366669  0.48319434772621833  0.49924325941411418  0.51508442222400663
  0.53048844600902989  0.54456929792714182  0.55783380009862926  0.57034272126127583
  0.58211227028156753  0.59382007486115196  0.60463167541706819  0.61499364017331382
  0.62580560088693349  0.63630525124991766  0.64626496704055147  0.65596725611422546
  0.66562014398110048  0.67707044601741651  0.68720151775347449  0.69597043055901653
  0.70409903374349903  0.71168218298035257  0.71903476360614271  0.72778795547181907
  0.73847315464045760  0.74899253798324250  0.75549992629061613  0.76199806701413397
  0.76869008438328401  0.77624213865671055  0.78475075088556323  0.79315173381052306
  0.80009257669513845  0.80602238584401742  0.81198203745817588  0.81841280102495761
  0.82652574691164238  0.83496159385944591  0.84279038160296360  0.84970265032629089
  0.85532156690431116  0.85923176427493442  0.86370942824523356  0.86717071205071017
  0.87025951598792717  0.87352494072078635  0.87792642262309206  0.88307136181382773
  0.88754174175618994  0.89179226566490521  0.89594361549348422  0.89961073034009875
  0.90386784721292524  0.90820649293674049  0.91428783668346203  0.92058226955447120
  0.92669994094977359  0.93226742903969739  0.93811148509053377  0.94446877055139156
  0.95056524190642711  0.95766269655770786  0.96427743628869467  0.97041354969728866
  0.97635161177835328  0.98213243195919597  0.99067401518876086  1.00000000000000000
 -0.00246876712072596  0.01267488899787041  0.02543088300203781  0.03811639453437887
  0.04858032993428839  0.05839927606402334  0.06813870095986992  0.07731336852687935
  0.08706799033101878  0.09673385352472125  0.10657836090748135  0.11943368778735422
  0.13197570301250056  0.14422211605050142  0.15683950291086404  0.16994698444404008
  0.18267197349303410  0.19437213948611207  0.20559467789558902  0.21452526092058596
  0.22327722144553841  0.23301562499882789  0.24383408108095073  0.25434104529157331
  0.26500765092049883  0.27372798600978709  0.28136407601251900  0.28879778453617927
  0.29689143751693964  0.30647017710196561  0.31776455070902754  0.33109827486004434
  0.34552579410998524  0.35938708274338760  0.37246317016186958  0.38568760739774033
  0.39977564396229759  0.41356336220461476  0.42654115755129740  0.43784010724881495
  0.45053009480147510  0.46344240378285467  0.47767829130302691  0.49059012927476803
  0.50214495653215085  0.51286161345465231  0.52234286774981287  0.53216940065983998
  0.54260733142869277  0.55460427495045572  0.56781354934650241  0.58086677062629843
  0.59153095472595985  0.60034945701350206  0.60862986220891979  0.61733868672664260
  0.62862771687884378  0.64171081335909652  0.65366264815911079  0.66480792563422353
  0.67670590434692768  0.68917823151434332  0.70108245971361682  0.71227395903268675
  0.72413730825742451  0.73331613255386896  0.74246274880666185  0.75257768418321069
  0.76410799197830626  0.77910840816711902  0.79276929767481208  0.80331222026595639
  0.81253784795737471  0.82204640601589829  0.83238791925739142  0.84361271013213357
  0.85350848610311525  0.86346944261186409  0.87307874621161097  0.88043804258256575
  0.88827606605737508  0.89676163892604766  0.90598745403170911  0.91585719956658029
  0.92204802316120504  0.92750063482642520  0.93361341300790879  0.94088714999084488
  0.94833630414232151  0.95508408003114753  0.96122318785584149  0.96769154053438122
  0.97421909874547008  0.98044731806543939  0.99055359203430027  1.00000000000000000
 -0.00324639131739011  0.01445697676939676  0.02860865060659131  0.04039734844426145
  0.05051977969180947  0.05996867892477853  0.06909080422024398  0.08013524911074103
  0.09262927804987915  0.10490362430215167  0.11504364890943589  0.12439844953037883
  0.13424847691354350  0.14492175692472381  0.15740625605568276  0.16908316888747926
  0.17985359567713075  0.18930092095193429  0.19678059550144977  0.20478118172693330
  0.21267442825863503  0.22344573213152530  0.23572322202881152  0.24594253816170109
  0.25574794149214147  0.26560653210486718  0.27682970509015742  0.28775615868653298
  0.30011530683995058  0.31361815509735236  0.32688001549412693  0.34051566463588473
  0.35361848285595493  0.36459230324179875  0.37422965888517712  0.38535288437978499
  0.39663478472695685  0.40957699083023946  0.42374563079591726  0.43754224064463054
  0.45088764424737438  0.46411582125200845  0.47689194822102166  0.48846163213614319
  0.50071103687863272  0.51388343915041745  0.52766350295091113  0.54020471692199601
  0.55267462702108194  0.56508537776120082  0.57699769782434884  0.58718862846477904
  0.59603670098053230  0.60462368896263485  0.61275574472829109  0.62009705251415104
  0.62764153837566361  0.63503726482636536  0.64361995678478667  0.65404139620001134
  0.66582492620748612  0.67923422226379560  0.69255095642229791  0.70318203930305734
  0.71336351430505940  0.72345333569503445  0.73409996292617308  0.74585689083805395
  0.75761770344108692  0.76811159747607882  0.77730448590385370  0.78641332223488214
  0.79656286543618515  0.80876048893379415  0.82115559118788339  0.83049944780130180
  0.83945614911968591  0.84779315474907868  0.85540775445082051  0.86319345853472174
  0.87120613577890404  0.87924260970200141  0.88826460032244725  0.89912845453801171
  0.91196985138503794  0.92125032254064776  0.92827831449245268  0.93615965783658861
  0.94513930673496238  0.95367753000083577  0.96138723422673478  0.96695841757543277
  0.97175707724562732  0.97745722764011667  0.98577173196518031  1.00000000000000000
  0.41265780565624094  0.46268798192063115  0.47298743105785834  0.48689459565178073
  0.49661976529743124  0.50983117878309014  0.52950503825802031  0.54983942269103636
  0.55957447676546468  0.57573763382761156  0.58878134812961236  0.60045689088266374
  0.61366629565154229  0.62687921543424874  0.63402645263406487  0.63940992749124703
  0.64551781018950349  0.65508594142991716  0.66403213608705769  0.66901204746760068
  0.67345384409339015  0.67905145591707883  0.68632052136396704  0.69372053461648453
  0.70142055871000308  0.70974515566329333  0.71771552471754863  0.72561597153237567
  0.73370183542764644  0.74199336128662574  0.74781541581947031  0.75324252793504654
  0.75840517474705571  0.76532950581642012  0.77205286923296434  0.77764995026329031
  0.78315186002789805  0.78954918469354984  0.79613519796485099  0.80234698195071330
  0.80912736828240706  0.81434214810418637  0.81920658562799220  0.82456431151891352
  0.83078440060847214  0.83697991893356016  0.84238448871010174  0.84716114808355880
  0.85195824290941369  0.85658904946413572  0.86118613871255689  0.86541387454539098
  0.86950169130679300  0.87360513842149756  0.87765990456623455  0.88108628170191772
  0.88460729736596544  0.88812790265602293  0.89206197908660190  0.89509449398098728
  0.89811021753891462  0.90115598695749310  0.90431692280358156  0.90819806119598090
  0.91224623986291031  0.91575672561228927  0.91917503477696627  0.92264673006858522
  0.92622760374282165  0.92988526308429253  0.93350372937042447  0.93728434726925214
  0.94087743845556926  0.94455377177684530  0.94795142107508312  0.95127204886786254
  0.95475833071542793  0.95791407477835888  0.96029939141990861  0.96272049805490034
  0.96489081367291341  0.96723025220758496  0.96984166920588100  0.97256823816323945
  0.97521368944369513  0.97764523788073110  0.98004521149278467  0.98219688544095463
  0.98430570931527461  0.98644809681403844  0.98860322715789983  0.99070788085766814
  0.99314201140635516  0.99542622837739692  0.99768286366895076  1.00000000000000000
  0.00404643740286415  0.13385848698155478  0.15283503341529181  0.16699071669421234
  0.18016007161319852  0.19247191006925379  0.20447894490499591  0.21632578510509012
  0.22917038570084897  0.24140554471375256  0.25201933526333103  0.26064201070052262
  0.26863579698696560  0.27645952737956664  0.28333543222960356  0.28963032836632002
  0.29543870571067521  0.30130076331637179  0.30735019763415361  0.31392485545719284
  0.32096150493795639  0.32821383515987929  0.33575736975296711  0.34314209144726304
  0.35075516880036739  0.35829550295930473  0.36601017824604337  0.37341950196061835
  0.37964312233645209  0.38510971433088492  0.39042712829085746  0.39562768297398487
  0.40116228970241602  0.40716562080876595  0.41324177296223935  0.41947439153473270
  0.42498059996730186  0.43051687653307602  0.43646932762603174  0.44260872890574465
  0.44914491947091356  0.45549684631079335  0.46162616333767520  0.46797556937691648
  0.47438320379088350  0.48077161725801659  0.48675735370045814  0.49179140887956535
  0.49621802763534201  0.50072573827380817  0.50542605905478877  0.51096509753866937
  0.51679477354920966  0.52245499774441317  0.52873694156682693  0.53424564400371699
  0.53978675867247572  0.54584810369458880  0.55206912643935091  0.55881468705929260
  0.56606140838866370  0.57284243315638417  0.58013818376737381  0.58798408533810198
  0.59626515443126715  0.60474625187526676  0.61296009274457985  0.62012573848283969
  0.62856444494379893  0.63567514982929030  0.64197321121286488  0.64818601965555356
  0.65550228174978764  0.66401579145825385  0.67456760141723948  0.68583836806382859
  0.69558071355366602  0.70475207431507836  0.71427758320559376  0.72481146609263170
  0.73638360244605505  0.74783461806916207  0.75541317124142315  0.76143510489781852
  0.76665626457641045  0.77201019570527096  0.77875249263210400  0.78659842893086596
  0.79441160604979422  0.80172603334571102  0.80872174020683418  0.81752662553929034
  0.83246285541012754  0.85383809973074787  0.88573047592860465  1.00000000000000000
   2.1270519831640832E-005  -1.0000000000000000     
 F F F F F F F F F F F F F F F F F F F F F F F F F F F F F F F F F F F F F F F F F F F F F F F F F F F F F F F F F F F F F F F F F F F F F F F F F F F F F F F F F F F F F F F F F F F F F F F F F F F F F F F F F F F F F F F F F F F F F F F F F F F F F F F F F F F F F F F F F F F F F F F F F F F F F F F F F F F F F F F F F F F F F F F F F F F F F F F F F F F F F F F F F F F F F F F F F F F F F F F F F F F F F F F F F F F F F F F F F F F F F F F F F F F F F F F F F F F F F F F F F F F F F F F F F F F F F F F F F F F F F F F F F F F F F F F F F F F F F F F F F F F F F F F F F F F F F F F F F F F F F F F F F F F F F F F F F F F F F F F F F F F F F F F F F F F F F F F F F F F F F F F F F F F F F F F F F F F F F F F F F F F F F F F F F F F F F F F F F F F F F F F F F F F F F F F F F F F F F F F F F F F F F F F F F F F F F F F F F F F F F F F F F F F F F F F F F F F F F F F F F F F F F F F F F F F F F F F F F F F F F F F F F F F F F F F F F F F F F F F F F F F F F F F F F F F F F F F F F F F F F F F F F F F F F F F F
  <DiscreteSampler_grid>
  grouped_processes
  1 # 1 for a reference and 2 for a running grid.
  10 # Attribute 'min_bin_probing_points' of the grid.
  1 # Attribute 'grid_mode' of the grid. 1=='default',2=='initialization'
  0.0000000000000000 # Attribute 'small_contrib_threshold' of the grid.
  0.5000000000000000 # Attribute 'damping_power' of the grid.
 # binID   n_entries weight   weight_sqr   abs_weight
    19   10   4.427218165844553E-003   9.445074580148206E-005   4.427218165844553E-003
    20   10   4.427218165844548E-003   9.445074580148183E-005   4.427218165844548E-003
    22   10   1.024481363750406E-003   5.081073913763293E-006   1.024481363750406E-003
    23   10   1.024481363750405E-003   5.081073913763283E-006   1.024481363750405E-003
    25   10   4.974105029887839E-003   1.206364518857727E-004   4.974105029887839E-003
    26   10   4.974105029887835E-003   1.206364518857725E-004   4.974105029887835E-003
    28   10   1.291080001327946E-003   8.163493868160739E-006   1.291080001327946E-003
    29   10   1.291080001327945E-003   8.163493868160720E-006   1.291080001327945E-003
    34   10   4.427218165844552E-003   9.445074580148203E-005   4.427218165844552E-003
    35   10   4.427218165844547E-003   9.445074580148180E-005   4.427218165844547E-003
    37   10   1.024481363750405E-003   5.081073913763292E-006   1.024481363750405E-003
    38   10   1.024481363750405E-003   5.081073913763283E-006   1.024481363750405E-003
    40   10   4.974105029887838E-003   1.206364518857726E-004   4.974105029887838E-003
    41   10   4.974105029887833E-003   1.206364518857724E-004   4.974105029887833E-003
    43   10   1.291080001327946E-003   8.163493868160742E-006   1.291080001327946E-003
    44   10   1.291080001327945E-003   8.163493868160715E-006   1.291080001327945E-003
  </DiscreteSampler_grid>
