 Process in group number            1
 A PDF is used, so alpha_s(MZ) is going to be modified
 Old value of alpha_s from param_card:   0.13000000000000003     
  ****************************************
 
       NNPDFDriver version 1.0.3
   Grid: NNPDF23_lo_as_0130_qed_mem0.grid
  ****************************************
 New value of alpha_s from PDF nn23lo1:  0.13000000000000000     
 Warning! ptj set to xqcut=   15.000000000000000       to improve integration efficiency
 Note that this might affect non-radiated jets,
 e.g. from decays. Use cut_decays=F in run_card.
 Warning! mmjj set to xqcut=   15.000000000000000       to improve integration efficiency
 Note that this might affect non-radiated jets,
 e.g. from decays. Use cut_decays=F in run_card.
 Define smin to   2425.0000000000000     
 Define smin to   2425.0000000000000     
 Define smin to   2425.0000000000000     
 Define smin to   2425.0000000000000     
 Define smin to   2425.0000000000000     
 Define smin to   2425.0000000000000     
 Define smin to   2425.0000000000000     
 Define smin to   2425.0000000000000     
 Define smin to   2425.0000000000000     
 Define smin to   2425.0000000000000     
 Define smin to   2425.0000000000000     
 Define smin to   2425.0000000000000     
 *****************************************************
 *               MadGraph/MadEvent                   *
 *        --------------------------------           *
 *          http://madgraph.hep.uiuc.edu             *
 *          http://madgraph.phys.ucl.ac.be           *
 *          http://madgraph.roma2.infn.it            *
 *        --------------------------------           *
 *                                                   *
 *          PARAMETER AND COUPLING VALUES            *
 *                                                   *
 *****************************************************

  External Params
  ---------------------------------
  
 mdl_MB =    4.7000000000000002     
 mdl_MT =    173.00000000000000     
 mdl_MTA =    1.7769999999999999     
 mdl_MZ =    91.188000000000002     
 mdl_MH =    125.00000000000000     
 aEWM1 =    132.50700000000001     
 mdl_Gf =    1.1663900000000000E-005
 aS =   0.13000000000000003     
 mdl_ymb =    4.7000000000000002     
 mdl_ymt =    173.00000000000000     
 mdl_ymtau =    1.7769999999999999     
 mdl_WT =    1.4915000000000000     
 mdl_WZ =    2.4414039999999999     
 mdl_WW =    2.0476000000000001     
 mdl_WH =    6.3823389999999999E-003
  Internal Params
  ---------------------------------
  
 mdl_conjg__CKM3x3 =    1.0000000000000000     
 mdl_conjg__CKM1x1 =    1.0000000000000000     
 mdl_CKM3x3 =    1.0000000000000000     
 mdl_complexi =                (0.0000000000000000,1.0000000000000000)
 mdl_MZ__exp__2 =    8315.2513440000002     
 mdl_MZ__exp__4 =    69143404.913893804     
 mdl_sqrt__2 =    1.4142135623730951     
 mdl_MH__exp__2 =    15625.000000000000     
 mdl_aEW =    7.5467711139788835E-003
 mdl_MW =    80.419002445756163     
 mdl_sqrt__aEW =    8.6872153846781555E-002
 mdl_ee =   0.30795376724436879     
 mdl_MW__exp__2 =    6467.2159543705357     
 mdl_sw2 =   0.22224648578577766     
 mdl_cw =   0.88190334743339216     
 mdl_sqrt__sw2 =   0.47143025548407230     
 mdl_sw =   0.47143025548407230     
 mdl_g1 =   0.34919219678733299     
 mdl_gw =   0.65323293034757990     
 mdl_vev =    246.21845810181637     
 mdl_vev__exp__2 =    60623.529110035903     
 mdl_lam =   0.12886910601690263     
 mdl_yb =    2.6995554250465490E-002
 mdl_yt =   0.99366614581500623     
 mdl_ytau =    1.0206617000654717E-002
 mdl_muH =    88.388347648318430     
 mdl_I1x33 =          (2.69955542504654901E-002,0.0000000000000000)
 mdl_I2x33 =               (0.99366614581500623,0.0000000000000000)
 mdl_I3x33 =               (0.99366614581500623,0.0000000000000000)
 mdl_I4x33 =          (2.69955542504654901E-002,0.0000000000000000)
 mdl_ee__exp__2 =    9.4835522759998875E-002
 mdl_sw__exp__2 =   0.22224648578577769     
 mdl_cw__exp__2 =   0.77775351421422245     
  Internal Params evaluated point by point
  ----------------------------------------
  
 mdl_sqrt__aS =   0.36055512754639896     
 mdl_G__exp__2 =    1.6336281798666927     
  Couplings of sm
  ---------------------------------
  
        GC_10 =  -0.12781E+01   0.00000E+00
        GC_11 =   0.00000E+00   0.12781E+01
        GC_12 =   0.00000E+00   0.16336E+01
         GC_1 =  -0.00000E+00  -0.10265E+00
         GC_2 =   0.00000E+00   0.20530E+00
         GC_3 =  -0.00000E+00  -0.30795E+00
        GC_50 =  -0.00000E+00  -0.28804E+00
        GC_58 =  -0.00000E+00  -0.27437E-01
        GC_59 =   0.00000E+00   0.82310E-01

 Collider parameters:
 --------------------

 Running at P P   machine @    13000.000000000000       GeV
 PDF set = nn23lo1
 alpha_s(Mz)= 0.1300 running at 2 loops.
 alpha_s(Mz)= 0.1300 running at 2 loops.
 Renormalization scale set on event-by-event basis
 Factorization   scale set on event-by-event basis


 getting user params
Enter number of events and max and min iterations: 
 Number of events and iterations         1000           5           3
Enter desired fractional accuracy: 
 Desired fractional accuracy:   0.10000000000000001     
Enter 0 for fixed, 2 for adjustable grid: 
Suppress amplitude (0 no, 1 yes)? 
 Using suppressed amplitude.
Exact helicity sum (0 yes, n = number/event)? 
 Explicitly summing over helicities
Enter Configuration Number: 
Running Configuration Number:   17
 Not subdividing B.W.
 Attempting mappinvarients           1           7
 Determine nb_t
 T-channel found:            2
 Completed mapping           7
 about to integrate           13        1000           7           3          13           1
 Using non-zero grid deformation.
 13 dimensions   1000 events 13 invarients  7 iterations  1 config(s),  (0.99)
 Using h-tuple random number sequence.
 Error opening grid
 Using Uniform Grid!          28
 Using uniform alpha   1.0000000000000000     
 Grid defined OK
 Masses: 0.000E+00 0.000E+00 0.000E+00 0.000E+00 0.000E+00 0.000E+00 0.000E+00
 Set CM energy to      13000.00
 Mapping Graph          17  to config          17
 Determine nb_t
 T-channel found:            2
Setting grid   1    0.75740E-07   1
Setting grid   2    0.75740E-07   1
Setting grid   3    0.13314E-05   1
Setting grid   4    0.13314E-05   1
 Transforming s_hat 1/s           12   2.5000000000000005E-005   2425.0000000000000        168999999.99999997     
Using random seed offsets    17 :      4
  with seed                   24
 Ranmar initialization seeds       31075        9401
  Particle       3       4       5       6       7
      Et >    10.0    10.0    15.0    15.0    15.0
       E >     0.0     0.0     0.0     0.0     0.0
     Eta <     2.5     2.5     5.0     5.0     5.0
   xqcut:      0.0     0.0    15.0    15.0    15.0
d R # 3  >    -0.0     0.4     0.0     0.0     0.0
d R # 4  >    -0.0    -0.0     0.0     0.0     0.0
d R # 5  >    -0.0    -0.0    -0.0     0.0     0.0
d R # 6  >    -0.0    -0.0    -0.0    -0.0     0.0
s min # 3>     0.0     0.0     0.0     0.0     0.0
s min # 4>     0.0     0.0     0.0     0.0     0.0
s min # 5>     0.0     0.0     0.0   225.0   225.0
s min # 6>     0.0     0.0     0.0     0.0   225.0
xqcutij # 3>     0.0     0.0     0.0     0.0     0.0
xqcutij # 4>     0.0     0.0     0.0     0.0     0.0
xqcutij # 5>     0.0     0.0     0.0    15.0    15.0
xqcutij # 6>     0.0     0.0    15.0     0.0    15.0
 
 ********************************************
 * You are using the DiscreteSampler module *
 *      part of the MG5_aMC framework       *
 *         Author: Valentin Hirschi         *
 ********************************************
 
 RESET CUMULATIVE VARIABLE
 Iteration  1   Mean: 0.5001E+00 Abs mean: 0.5001E+00   Fluctuation:  0.635E-01   0.344E+02     0.8%
  1    0.5001E+00 0.5001E+00 +- 0.6348E-01      4.01
 Writing out events   9.2524730324741490E-003   4.0139126005979131     
 Relative summed weights:
  0.1648E-01  0.1042E-01  0.2011E-03  0.4365E-03  0.3607E-01  0.3320E-02  0.1793E-03  0.5226E-02  0.0000E+00  0.0000E+00  0.0000E+00  0.0000E+00  0.3345E-01  0.6240E-01  0.0000E+00  0.0000E+00  0.4138E-02  0.9966E-03  0.3875E-03  0.7211E-03  0.0000E+00  0.0000E+00  0.1501E-03  0.1772E-02
  0.6551E-01  0.2019E-01  0.3180E-03  0.2143E-02  0.0000E+00  0.0000E+00  0.0000E+00  0.0000E+00  0.1962E-01  0.6039E-01  0.1284E-02  0.1065E-01  0.0000E+00  0.0000E+00  0.2543E-02  0.3515E-02  0.0000E+00  0.0000E+00  0.0000E+00  0.0000E+00  0.0000E+00  0.0000E+00  0.0000E+00  0.0000E+00
  0.4484E-02  0.3871E-01  0.4499E-03  0.6765E-02  0.0000E+00  0.0000E+00  0.0000E+00  0.0000E+00  0.2026E-01  0.5140E-01  0.4762E-02  0.5184E-02  0.0000E+00  0.0000E+00  0.4044E-02  0.1168E-02  0.0000E+00  0.0000E+00  0.0000E+00  0.0000E+00  0.0000E+00  0.0000E+00  0.0000E+00  0.0000E+00
  0.9403E-02  0.1169E+00  0.5411E-02  0.2004E-02  0.5358E-02  0.6161E-02  0.1003E-02  0.1225E-04  0.0000E+00  0.0000E+00  0.0000E+00  0.0000E+00  0.6953E-01  0.4517E-01  0.0000E+00  0.0000E+00  0.2252E-01  0.5777E-02  0.1369E-02  0.3343E-03  0.0000E+00  0.0000E+00  0.3542E-04  0.9745E-02
  0.0000E+00  0.0000E+00  0.0000E+00  0.0000E+00  0.3689E-02  0.1231E-01  0.4795E-04  0.2810E-03  0.0000E+00  0.0000E+00  0.0000E+00  0.0000E+00  0.0000E+00  0.0000E+00  0.0000E+00  0.0000E+00  0.0000E+00  0.0000E+00  0.0000E+00  0.0000E+00  0.4202E-01  0.2939E-01  0.0000E+00  0.0000E+00
  0.0000E+00  0.0000E+00  0.0000E+00  0.0000E+00  0.5792E-02  0.2303E-02  0.2591E-04  0.9467E-03  0.0000E+00  0.0000E+00  0.0000E+00  0.0000E+00  0.0000E+00  0.0000E+00  0.0000E+00  0.0000E+00  0.0000E+00  0.0000E+00  0.0000E+00  0.0000E+00  0.4285E-01  0.5988E-01  0.0000E+00  0.0000E+00
 Relative number of events:
  0.2262E-01  0.1573E-01  0.3933E-02  0.3933E-02  0.4916E-02  0.2950E-02  0.1967E-02  0.2950E-02  0.0000E+00  0.0000E+00  0.0000E+00  0.0000E+00  0.7571E-01  0.7178E-01  0.0000E+00  0.0000E+00  0.1672E-01  0.9833E-02  0.3933E-02  0.4916E-02  0.0000E+00  0.0000E+00  0.1967E-02  0.6883E-02
  0.3343E-01  0.1868E-01  0.9833E-03  0.7866E-02  0.0000E+00  0.0000E+00  0.0000E+00  0.0000E+00  0.3835E-01  0.4228E-01  0.5900E-02  0.9833E-02  0.0000E+00  0.0000E+00  0.7866E-02  0.4916E-02  0.0000E+00  0.0000E+00  0.0000E+00  0.0000E+00  0.0000E+00  0.0000E+00  0.0000E+00  0.0000E+00
  0.1573E-01  0.1180E-01  0.2950E-02  0.2950E-02  0.0000E+00  0.0000E+00  0.0000E+00  0.0000E+00  0.2753E-01  0.3147E-01  0.5900E-02  0.5900E-02  0.0000E+00  0.0000E+00  0.1180E-01  0.5900E-02  0.0000E+00  0.0000E+00  0.0000E+00  0.0000E+00  0.0000E+00  0.0000E+00  0.0000E+00  0.0000E+00
  0.1082E-01  0.1967E-01  0.4916E-02  0.4916E-02  0.6883E-02  0.9833E-02  0.3933E-02  0.3933E-02  0.0000E+00  0.0000E+00  0.0000E+00  0.0000E+00  0.6686E-01  0.5703E-01  0.0000E+00  0.0000E+00  0.1967E-01  0.1278E-01  0.4916E-02  0.1967E-02  0.0000E+00  0.0000E+00  0.2950E-02  0.3933E-02
  0.0000E+00  0.0000E+00  0.0000E+00  0.0000E+00  0.5900E-02  0.4916E-02  0.9833E-03  0.9833E-03  0.0000E+00  0.0000E+00  0.0000E+00  0.0000E+00  0.0000E+00  0.0000E+00  0.0000E+00  0.0000E+00  0.0000E+00  0.0000E+00  0.0000E+00  0.0000E+00  0.5506E-01  0.4621E-01  0.0000E+00  0.0000E+00
  0.0000E+00  0.0000E+00  0.0000E+00  0.0000E+00  0.1967E-02  0.7866E-02  0.9833E-03  0.2950E-02  0.0000E+00  0.0000E+00  0.0000E+00  0.0000E+00  0.0000E+00  0.0000E+00  0.0000E+00  0.0000E+00  0.0000E+00  0.0000E+00  0.0000E+00  0.0000E+00  0.3736E-01  0.5703E-01  0.0000E+00  0.0000E+00
 Events:
          23          16           4           4           5           3           2           3           0           0           0           0          77          73           0           0          17          10           4           5           0           0           2           7
          34          19           1           8           0           0           0           0          39          43           6          10           0           0           8           5           0           0           0           0           0           0           0           0
          16          12           3           3           0           0           0           0          28          32           6           6           0           0          12           6           0           0           0           0           0           0           0           0
          11          20           5           5           7          10           4           4           0           0           0           0          68          58           0           0          20          13           5           2           0           0           3           4
           0           0           0           0           6           5           1           1           0           0           0           0           0           0           0           0           0           0           0           0          56          47           0           0
           0           0           0           0           2           8           1           3           0           0           0           0           0           0           0           0           0           0           0           0          38          58           0           0
 Iteration  2   Mean: 0.6069E+00 Abs mean: 0.6069E+00   Fluctuation:  0.909E-01   0.145E+03     3.2%
  2    0.6069E+00 0.6069E+00 +- 0.9095E-01      6.70
 Relative summed weights:
  0.3107E-01  0.1835E-01  0.7257E-02  0.1525E-02  0.3753E-02  0.1460E-02  0.3340E-03  0.1015E-02  0.0000E+00  0.0000E+00  0.0000E+00  0.0000E+00  0.3001E-01  0.3464E-01  0.0000E+00  0.0000E+00  0.2482E-01  0.1083E-01  0.2448E-01  0.1010E-02  0.0000E+00  0.0000E+00  0.3432E-03  0.5879E-02
  0.9712E-02  0.1327E-01  0.2221E-02  0.5085E-02  0.0000E+00  0.0000E+00  0.0000E+00  0.0000E+00  0.9318E-01  0.3342E-01  0.1160E-02  0.2332E-01  0.0000E+00  0.0000E+00  0.2125E-01  0.1306E-01  0.0000E+00  0.0000E+00  0.0000E+00  0.0000E+00  0.0000E+00  0.0000E+00  0.0000E+00  0.0000E+00
  0.2392E-01  0.1282E-01  0.2927E-02  0.3335E-02  0.0000E+00  0.0000E+00  0.0000E+00  0.0000E+00  0.5399E-01  0.2236E-01  0.1245E-01  0.1603E-01  0.0000E+00  0.0000E+00  0.2741E-01  0.2082E-02  0.0000E+00  0.0000E+00  0.0000E+00  0.0000E+00  0.0000E+00  0.0000E+00  0.0000E+00  0.0000E+00
  0.1245E-01  0.1175E-01  0.2343E-02  0.5548E-03  0.3918E-02  0.4751E-02  0.3374E-02  0.1200E+00  0.0000E+00  0.0000E+00  0.0000E+00  0.0000E+00  0.4913E-01  0.3591E-01  0.0000E+00  0.0000E+00  0.4484E-01  0.5114E-02  0.3772E-02  0.1297E-01  0.0000E+00  0.0000E+00  0.1334E-02  0.3353E-03
  0.0000E+00  0.0000E+00  0.0000E+00  0.0000E+00  0.3949E-02  0.6210E-02  0.1355E-02  0.1314E-02  0.0000E+00  0.0000E+00  0.0000E+00  0.0000E+00  0.0000E+00  0.0000E+00  0.0000E+00  0.0000E+00  0.0000E+00  0.0000E+00  0.0000E+00  0.0000E+00  0.1348E-01  0.2477E-01  0.0000E+00  0.0000E+00
  0.0000E+00  0.0000E+00  0.0000E+00  0.0000E+00  0.1424E-02  0.6308E-02  0.1890E-02  0.5478E-03  0.0000E+00  0.0000E+00  0.0000E+00  0.0000E+00  0.0000E+00  0.0000E+00  0.0000E+00  0.0000E+00  0.0000E+00  0.0000E+00  0.0000E+00  0.0000E+00  0.2157E-01  0.1488E-01  0.0000E+00  0.0000E+00
 Relative number of events:
  0.2173E-01  0.2025E-01  0.4938E-02  0.3457E-02  0.3951E-02  0.5432E-02  0.9877E-03  0.1975E-02  0.0000E+00  0.0000E+00  0.0000E+00  0.0000E+00  0.7309E-01  0.8642E-01  0.0000E+00  0.0000E+00  0.1580E-01  0.1136E-01  0.4444E-02  0.3951E-02  0.0000E+00  0.0000E+00  0.2963E-02  0.3951E-02
  0.1778E-01  0.1926E-01  0.4938E-02  0.4938E-02  0.0000E+00  0.0000E+00  0.0000E+00  0.0000E+00  0.3556E-01  0.3605E-01  0.6914E-02  0.1086E-01  0.0000E+00  0.0000E+00  0.5926E-02  0.7901E-02  0.0000E+00  0.0000E+00  0.0000E+00  0.0000E+00  0.0000E+00  0.0000E+00  0.0000E+00  0.0000E+00
  0.1481E-01  0.1679E-01  0.1975E-02  0.3457E-02  0.0000E+00  0.0000E+00  0.0000E+00  0.0000E+00  0.3901E-01  0.3852E-01  0.7901E-02  0.8395E-02  0.0000E+00  0.0000E+00  0.5926E-02  0.2963E-02  0.0000E+00  0.0000E+00  0.0000E+00  0.0000E+00  0.0000E+00  0.0000E+00  0.0000E+00  0.0000E+00
  0.1531E-01  0.1136E-01  0.2963E-02  0.9877E-03  0.5432E-02  0.7901E-02  0.3457E-02  0.2469E-02  0.0000E+00  0.0000E+00  0.0000E+00  0.0000E+00  0.6667E-01  0.7457E-01  0.0000E+00  0.0000E+00  0.1333E-01  0.1235E-01  0.3951E-02  0.2469E-02  0.0000E+00  0.0000E+00  0.5432E-02  0.1975E-02
  0.0000E+00  0.0000E+00  0.0000E+00  0.0000E+00  0.9877E-02  0.8395E-02  0.3951E-02  0.2469E-02  0.0000E+00  0.0000E+00  0.0000E+00  0.0000E+00  0.0000E+00  0.0000E+00  0.0000E+00  0.0000E+00  0.0000E+00  0.0000E+00  0.0000E+00  0.0000E+00  0.4444E-01  0.4000E-01  0.0000E+00  0.0000E+00
  0.0000E+00  0.0000E+00  0.0000E+00  0.0000E+00  0.5926E-02  0.5926E-02  0.1481E-02  0.1481E-02  0.0000E+00  0.0000E+00  0.0000E+00  0.0000E+00  0.0000E+00  0.0000E+00  0.0000E+00  0.0000E+00  0.0000E+00  0.0000E+00  0.0000E+00  0.0000E+00  0.4741E-01  0.4346E-01  0.0000E+00  0.0000E+00
 Events:
          44          41          10           7           8          11           2           4           0           0           0           0         148         175           0           0          32          23           9           8           0           0           6           8
          36          39          10          10           0           0           0           0          72          73          14          22           0           0          12          16           0           0           0           0           0           0           0           0
          30          34           4           7           0           0           0           0          79          78          16          17           0           0          12           6           0           0           0           0           0           0           0           0
          31          23           6           2          11          16           7           5           0           0           0           0         135         151           0           0          27          25           8           5           0           0          11           4
           0           0           0           0          20          17           8           5           0           0           0           0           0           0           0           0           0           0           0           0          90          81           0           0
           0           0           0           0          12          12           3           3           0           0           0           0           0           0           0           0           0           0           0           0          96          88           0           0
 Iteration  3   Mean: 0.7373E+00 Abs mean: 0.7373E+00   Fluctuation:  0.689E-01   0.213E+03     3.6%
  3    0.7373E+00 0.7373E+00 +- 0.6894E-01      5.91
 Relative summed weights:
  0.2363E-01  0.2358E-01  0.1090E-02  0.2299E-02  0.4866E-02  0.2322E-02  0.4279E-03  0.6351E-03  0.0000E+00  0.0000E+00  0.0000E+00  0.0000E+00  0.1190E+00  0.5756E-01  0.0000E+00  0.0000E+00  0.1243E-01  0.2615E-02  0.3830E-02  0.1398E-01  0.0000E+00  0.0000E+00  0.9528E-03  0.2543E-02
  0.8689E-02  0.1604E-01  0.2990E-02  0.2847E-02  0.0000E+00  0.0000E+00  0.0000E+00  0.0000E+00  0.3128E-01  0.4758E-01  0.1485E-01  0.2354E-01  0.0000E+00  0.0000E+00  0.9097E-02  0.1202E-01  0.0000E+00  0.0000E+00  0.0000E+00  0.0000E+00  0.0000E+00  0.0000E+00  0.0000E+00  0.0000E+00
  0.2823E-01  0.1381E-01  0.5303E-02  0.8783E-03  0.0000E+00  0.0000E+00  0.0000E+00  0.0000E+00  0.7304E-01  0.3731E-01  0.2517E-01  0.2193E-01  0.0000E+00  0.0000E+00  0.5924E-02  0.3202E-02  0.0000E+00  0.0000E+00  0.0000E+00  0.0000E+00  0.0000E+00  0.0000E+00  0.0000E+00  0.0000E+00
  0.1750E-01  0.1170E-01  0.2512E-02  0.3959E-02  0.2116E-02  0.1224E-02  0.1454E-02  0.1594E-02  0.0000E+00  0.0000E+00  0.0000E+00  0.0000E+00  0.5122E-01  0.6692E-01  0.0000E+00  0.0000E+00  0.1048E-01  0.9608E-02  0.3774E-02  0.1367E-01  0.0000E+00  0.0000E+00  0.6468E-02  0.2350E-02
  0.0000E+00  0.0000E+00  0.0000E+00  0.0000E+00  0.9108E-02  0.3177E-02  0.2026E-02  0.2778E-03  0.0000E+00  0.0000E+00  0.0000E+00  0.0000E+00  0.0000E+00  0.0000E+00  0.0000E+00  0.0000E+00  0.0000E+00  0.0000E+00  0.0000E+00  0.0000E+00  0.2080E-01  0.3089E-01  0.0000E+00  0.0000E+00
  0.0000E+00  0.0000E+00  0.0000E+00  0.0000E+00  0.7360E-02  0.1322E-02  0.2305E-02  0.1033E-02  0.0000E+00  0.0000E+00  0.0000E+00  0.0000E+00  0.0000E+00  0.0000E+00  0.0000E+00  0.0000E+00  0.0000E+00  0.0000E+00  0.0000E+00  0.0000E+00  0.3244E-01  0.2718E-01  0.0000E+00  0.0000E+00
 Relative number of events:
  0.1823E-01  0.2365E-01  0.3448E-02  0.4680E-02  0.6158E-02  0.6650E-02  0.9852E-03  0.1970E-02  0.0000E+00  0.0000E+00  0.0000E+00  0.0000E+00  0.7241E-01  0.7956E-01  0.0000E+00  0.0000E+00  0.1084E-01  0.9360E-02  0.4187E-02  0.3941E-02  0.0000E+00  0.0000E+00  0.2217E-02  0.4433E-02
  0.1921E-01  0.2389E-01  0.4680E-02  0.4680E-02  0.0000E+00  0.0000E+00  0.0000E+00  0.0000E+00  0.3941E-01  0.3670E-01  0.9852E-02  0.1256E-01  0.0000E+00  0.0000E+00  0.6158E-02  0.1059E-01  0.0000E+00  0.0000E+00  0.0000E+00  0.0000E+00  0.0000E+00  0.0000E+00  0.0000E+00  0.0000E+00
  0.1749E-01  0.1675E-01  0.3202E-02  0.1970E-02  0.0000E+00  0.0000E+00  0.0000E+00  0.0000E+00  0.3695E-01  0.3374E-01  0.8374E-02  0.1059E-01  0.0000E+00  0.0000E+00  0.5419E-02  0.5911E-02  0.0000E+00  0.0000E+00  0.0000E+00  0.0000E+00  0.0000E+00  0.0000E+00  0.0000E+00  0.0000E+00
  0.1650E-01  0.1330E-01  0.3448E-02  0.3202E-02  0.4680E-02  0.6158E-02  0.1724E-02  0.2217E-02  0.0000E+00  0.0000E+00  0.0000E+00  0.0000E+00  0.7291E-01  0.7241E-01  0.0000E+00  0.0000E+00  0.1256E-01  0.1281E-01  0.3695E-02  0.2709E-02  0.0000E+00  0.0000E+00  0.2709E-02  0.4187E-02
  0.0000E+00  0.0000E+00  0.0000E+00  0.0000E+00  0.7389E-02  0.7143E-02  0.1478E-02  0.1232E-02  0.0000E+00  0.0000E+00  0.0000E+00  0.0000E+00  0.0000E+00  0.0000E+00  0.0000E+00  0.0000E+00  0.0000E+00  0.0000E+00  0.0000E+00  0.0000E+00  0.3719E-01  0.3842E-01  0.0000E+00  0.0000E+00
  0.0000E+00  0.0000E+00  0.0000E+00  0.0000E+00  0.8374E-02  0.4433E-02  0.9852E-03  0.2217E-02  0.0000E+00  0.0000E+00  0.0000E+00  0.0000E+00  0.0000E+00  0.0000E+00  0.0000E+00  0.0000E+00  0.0000E+00  0.0000E+00  0.0000E+00  0.0000E+00  0.4433E-01  0.5074E-01  0.0000E+00  0.0000E+00
 Events:
          74          96          14          19          25          27           4           8           0           0           0           0         294         323           0           0          44          38          17          16           0           0           9          18
          78          97          19          19           0           0           0           0         160         149          40          51           0           0          25          43           0           0           0           0           0           0           0           0
          71          68          13           8           0           0           0           0         150         137          34          43           0           0          22          24           0           0           0           0           0           0           0           0
          67          54          14          13          19          25           7           9           0           0           0           0         296         294           0           0          51          52          15          11           0           0          11          17
           0           0           0           0          30          29           6           5           0           0           0           0           0           0           0           0           0           0           0           0         151         156           0           0
           0           0           0           0          34          18           4           9           0           0           0           0           0           0           0           0           0           0           0           0         180         206           0           0
 Accuracy:    0.113   0.100   0.067   2.820
 Found          397  events.
 Wrote           13  events.
 Actual xsec   0.64438825016461931     
 Correct abs xsec   0.64438825016461931     
 Event xsec   0.64438825016461931     
 Events wgts > 1:            0
 % Cross section > 1:    0.0000000000000000        0.0000000000000000     
 Iteration  4   Mean: 0.9142E+00 Abs mean: 0.9142E+00   Fluctuation:  0.849E-01   0.484E+03     3.7%
  4    0.9142E+00 0.9142E+00 +- 0.8489E-01      8.31
 Relative summed weights:
  0.2647E-01  0.1033E-01  0.5683E-02  0.2576E-02  0.2829E-02  0.6665E-02  0.6261E-03  0.4308E-03  0.0000E+00  0.0000E+00  0.0000E+00  0.0000E+00  0.5946E-01  0.1258E+00  0.0000E+00  0.0000E+00  0.1180E-01  0.2353E-01  0.2564E-02  0.4664E-02  0.0000E+00  0.0000E+00  0.1787E-02  0.2574E-02
  0.1855E-01  0.2198E-01  0.1688E-02  0.3265E-02  0.0000E+00  0.0000E+00  0.0000E+00  0.0000E+00  0.3651E-01  0.2968E-01  0.1966E-01  0.1823E-01  0.0000E+00  0.0000E+00  0.1205E-01  0.5269E-02  0.0000E+00  0.0000E+00  0.0000E+00  0.0000E+00  0.0000E+00  0.0000E+00  0.0000E+00  0.0000E+00
  0.1442E-01  0.1275E-01  0.4428E-02  0.1311E-02  0.0000E+00  0.0000E+00  0.0000E+00  0.0000E+00  0.3452E-01  0.4674E-01  0.2304E-01  0.1411E-01  0.0000E+00  0.0000E+00  0.5515E-02  0.5556E-02  0.0000E+00  0.0000E+00  0.0000E+00  0.0000E+00  0.0000E+00  0.0000E+00  0.0000E+00  0.0000E+00
  0.4271E-01  0.1613E-01  0.4836E-02  0.1424E-02  0.4749E-02  0.3457E-02  0.7926E-03  0.1929E-02  0.0000E+00  0.0000E+00  0.0000E+00  0.0000E+00  0.9989E-01  0.5003E-01  0.0000E+00  0.0000E+00  0.6720E-02  0.2544E-01  0.2917E-02  0.5490E-02  0.0000E+00  0.0000E+00  0.2081E-02  0.2310E-02
  0.0000E+00  0.0000E+00  0.0000E+00  0.0000E+00  0.1184E-02  0.4440E-02  0.1004E-02  0.3776E-03  0.0000E+00  0.0000E+00  0.0000E+00  0.0000E+00  0.0000E+00  0.0000E+00  0.0000E+00  0.0000E+00  0.0000E+00  0.0000E+00  0.0000E+00  0.0000E+00  0.2567E-01  0.1867E-01  0.0000E+00  0.0000E+00
  0.0000E+00  0.0000E+00  0.0000E+00  0.0000E+00  0.3191E-02  0.3219E-02  0.1580E-01  0.4931E-03  0.0000E+00  0.0000E+00  0.0000E+00  0.0000E+00  0.0000E+00  0.0000E+00  0.0000E+00  0.0000E+00  0.0000E+00  0.0000E+00  0.0000E+00  0.0000E+00  0.1846E-01  0.1950E-01  0.0000E+00  0.0000E+00
 Relative number of events:
  0.2157E-01  0.2120E-01  0.3450E-02  0.3574E-02  0.6654E-02  0.5422E-02  0.1972E-02  0.1479E-02  0.0000E+00  0.0000E+00  0.0000E+00  0.0000E+00  0.7160E-01  0.7652E-01  0.0000E+00  0.0000E+00  0.1269E-01  0.1109E-01  0.3327E-02  0.4313E-02  0.0000E+00  0.0000E+00  0.2834E-02  0.4313E-02
  0.2292E-01  0.2267E-01  0.3450E-02  0.3081E-02  0.0000E+00  0.0000E+00  0.0000E+00  0.0000E+00  0.3906E-01  0.4104E-01  0.1060E-01  0.8996E-02  0.0000E+00  0.0000E+00  0.8380E-02  0.7640E-02  0.0000E+00  0.0000E+00  0.0000E+00  0.0000E+00  0.0000E+00  0.0000E+00  0.0000E+00  0.0000E+00
  0.1701E-01  0.1614E-01  0.4683E-02  0.2465E-02  0.0000E+00  0.0000E+00  0.0000E+00  0.0000E+00  0.3832E-01  0.3734E-01  0.1220E-01  0.9242E-02  0.0000E+00  0.0000E+00  0.6285E-02  0.5792E-02  0.0000E+00  0.0000E+00  0.0000E+00  0.0000E+00  0.0000E+00  0.0000E+00  0.0000E+00  0.0000E+00
  0.1811E-01  0.1614E-01  0.2465E-02  0.2711E-02  0.6161E-02  0.4806E-02  0.1602E-02  0.1972E-02  0.0000E+00  0.0000E+00  0.0000E+00  0.0000E+00  0.7394E-01  0.7689E-01  0.0000E+00  0.0000E+00  0.1306E-01  0.1245E-01  0.2957E-02  0.2465E-02  0.0000E+00  0.0000E+00  0.3327E-02  0.4190E-02
  0.0000E+00  0.0000E+00  0.0000E+00  0.0000E+00  0.4929E-02  0.6161E-02  0.2465E-02  0.1356E-02  0.0000E+00  0.0000E+00  0.0000E+00  0.0000E+00  0.0000E+00  0.0000E+00  0.0000E+00  0.0000E+00  0.0000E+00  0.0000E+00  0.0000E+00  0.0000E+00  0.3882E-01  0.3648E-01  0.0000E+00  0.0000E+00
  0.0000E+00  0.0000E+00  0.0000E+00  0.0000E+00  0.5792E-02  0.6038E-02  0.1972E-02  0.1109E-02  0.0000E+00  0.0000E+00  0.0000E+00  0.0000E+00  0.0000E+00  0.0000E+00  0.0000E+00  0.0000E+00  0.0000E+00  0.0000E+00  0.0000E+00  0.0000E+00  0.4276E-01  0.3956E-01  0.0000E+00  0.0000E+00
 Events:
         175         172          28          29          54          44          16          12           0           0           0           0         581         621           0           0         103          90          27          35           0           0          23          35
         186         184          28          25           0           0           0           0         317         333          86          73           0           0          68          62           0           0           0           0           0           0           0           0
         138         131          38          20           0           0           0           0         311         303          99          75           0           0          51          47           0           0           0           0           0           0           0           0
         147         131          20          22          50          39          13          16           0           0           0           0         600         624           0           0         106         101          24          20           0           0          27          34
           0           0           0           0          40          50          20          11           0           0           0           0           0           0           0           0           0           0           0           0         315         296           0           0
           0           0           0           0          47          49          16           9           0           0           0           0           0           0           0           0           0           0           0           0         347         321           0           0
 Accuracy:    0.120   0.100   0.054   4.832
 Found          273  events.
 Wrote           18  events.
 Actual xsec   0.79081828503209117     
 Correct abs xsec   0.79081828503209117     
 Event xsec   0.79081828503209128     
 Events wgts > 1:            0
 % Cross section > 1:    0.0000000000000000        0.0000000000000000     
 Iteration  5   Mean: 0.9233E+00 Abs mean: 0.9233E+00   Fluctuation:  0.588E-01   0.591E+03     3.7%
  5    0.9233E+00 0.9233E+00 +- 0.5885E-01      8.06
 Relative summed weights:
  0.2497E-01  0.2507E-01  0.2261E-02  0.1354E-02  0.2856E-02  0.3813E-02  0.7460E-03  0.1476E-02  0.0000E+00  0.0000E+00  0.0000E+00  0.0000E+00  0.5421E-01  0.6224E-01  0.0000E+00  0.0000E+00  0.7813E-02  0.6746E-02  0.3888E-01  0.6142E-02  0.0000E+00  0.0000E+00  0.8851E-02  0.2783E-02
  0.2086E-01  0.5571E-01  0.2375E-02  0.4115E-02  0.0000E+00  0.0000E+00  0.0000E+00  0.0000E+00  0.3101E-01  0.4418E-01  0.2088E-01  0.2850E-01  0.0000E+00  0.0000E+00  0.1863E-01  0.3992E-02  0.0000E+00  0.0000E+00  0.0000E+00  0.0000E+00  0.0000E+00  0.0000E+00  0.0000E+00  0.0000E+00
  0.2693E-01  0.3456E-01  0.3105E-02  0.2955E-02  0.0000E+00  0.0000E+00  0.0000E+00  0.0000E+00  0.3109E-01  0.3177E-01  0.1810E-01  0.2187E-01  0.0000E+00  0.0000E+00  0.5165E-02  0.4718E-02  0.0000E+00  0.0000E+00  0.0000E+00  0.0000E+00  0.0000E+00  0.0000E+00  0.0000E+00  0.0000E+00
  0.1406E-01  0.1273E-01  0.2472E-02  0.1253E-02  0.3440E-02  0.4112E-02  0.6042E-03  0.1013E-02  0.0000E+00  0.0000E+00  0.0000E+00  0.0000E+00  0.5930E-01  0.5683E-01  0.0000E+00  0.0000E+00  0.9360E-02  0.1120E-01  0.2984E-02  0.3408E-02  0.0000E+00  0.0000E+00  0.3145E-02  0.3076E-02
  0.0000E+00  0.0000E+00  0.0000E+00  0.0000E+00  0.4935E-02  0.1473E-01  0.6339E-03  0.1447E-02  0.0000E+00  0.0000E+00  0.0000E+00  0.0000E+00  0.0000E+00  0.0000E+00  0.0000E+00  0.0000E+00  0.0000E+00  0.0000E+00  0.0000E+00  0.0000E+00  0.3133E-01  0.2234E-01  0.0000E+00  0.0000E+00
  0.0000E+00  0.0000E+00  0.0000E+00  0.0000E+00  0.3870E-02  0.5535E-02  0.1193E-02  0.1006E-02  0.0000E+00  0.0000E+00  0.0000E+00  0.0000E+00  0.0000E+00  0.0000E+00  0.0000E+00  0.0000E+00  0.0000E+00  0.0000E+00  0.0000E+00  0.0000E+00  0.3400E-01  0.2928E-01  0.0000E+00  0.0000E+00
 Relative number of events:
  0.2168E-01  0.2168E-01  0.3511E-02  0.2587E-02  0.5298E-02  0.5421E-02  0.1848E-02  0.1478E-02  0.0000E+00  0.0000E+00  0.0000E+00  0.0000E+00  0.7559E-01  0.7817E-01  0.0000E+00  0.0000E+00  0.9487E-02  0.1133E-01  0.4251E-02  0.3019E-02  0.0000E+00  0.0000E+00  0.2649E-02  0.3881E-02
  0.2070E-01  0.2218E-01  0.3635E-02  0.4312E-02  0.0000E+00  0.0000E+00  0.0000E+00  0.0000E+00  0.4331E-01  0.4251E-01  0.9179E-02  0.9056E-02  0.0000E+00  0.0000E+00  0.6900E-02  0.6468E-02  0.0000E+00  0.0000E+00  0.0000E+00  0.0000E+00  0.0000E+00  0.0000E+00  0.0000E+00  0.0000E+00
  0.1830E-01  0.1934E-01  0.2834E-02  0.3511E-02  0.0000E+00  0.0000E+00  0.0000E+00  0.0000E+00  0.3641E-01  0.3524E-01  0.9918E-02  0.1232E-01  0.0000E+00  0.0000E+00  0.6530E-02  0.6283E-02  0.0000E+00  0.0000E+00  0.0000E+00  0.0000E+00  0.0000E+00  0.0000E+00  0.0000E+00  0.0000E+00
  0.1774E-01  0.1731E-01  0.2587E-02  0.1910E-02  0.5729E-02  0.6468E-02  0.1294E-02  0.2094E-02  0.0000E+00  0.0000E+00  0.0000E+00  0.0000E+00  0.7602E-01  0.7651E-01  0.0000E+00  0.0000E+00  0.1121E-01  0.1257E-01  0.2895E-02  0.3203E-02  0.0000E+00  0.0000E+00  0.3696E-02  0.3943E-02
  0.0000E+00  0.0000E+00  0.0000E+00  0.0000E+00  0.5298E-02  0.5975E-02  0.1294E-02  0.2341E-02  0.0000E+00  0.0000E+00  0.0000E+00  0.0000E+00  0.0000E+00  0.0000E+00  0.0000E+00  0.0000E+00  0.0000E+00  0.0000E+00  0.0000E+00  0.0000E+00  0.3653E-01  0.3653E-01  0.0000E+00  0.0000E+00
  0.0000E+00  0.0000E+00  0.0000E+00  0.0000E+00  0.5483E-02  0.5236E-02  0.1848E-02  0.2094E-02  0.0000E+00  0.0000E+00  0.0000E+00  0.0000E+00  0.0000E+00  0.0000E+00  0.0000E+00  0.0000E+00  0.0000E+00  0.0000E+00  0.0000E+00  0.0000E+00  0.4177E-01  0.3961E-01  0.0000E+00  0.0000E+00
 Events:
         352         352          57          42          86          88          30          24           0           0           0           0        1227        1269           0           0         154         184          69          49           0           0          43          63
         336         360          59          70           0           0           0           0         703         690         149         147           0           0         112         105           0           0           0           0           0           0           0           0
         297         314          46          57           0           0           0           0         591         572         161         200           0           0         106         102           0           0           0           0           0           0           0           0
         288         281          42          31          93         105          21          34           0           0           0           0        1234        1242           0           0         182         204          47          52           0           0          60          64
           0           0           0           0          86          97          21          38           0           0           0           0           0           0           0           0           0           0           0           0         593         593           0           0
           0           0           0           0          89          85          30          34           0           0           0           0           0           0           0           0           0           0           0           0         678         643           0           0
 Accuracy:    0.091   0.100   0.041   4.808
 Finished due to accuracy    9.0811924712385445E-002  0.10000000000000001     

 -------------------------------------------------------------------------------
 Accumulated results:   Integral =  0.8158E+00
                        Std dev  =  0.3378E-01
                       Cross sec =  0.8158E+00
             Chi**2 per DoF.     =      4.8085
 -------------------------------------------------------------------------------
 Found          460  events.
 Wrote           30  events.
 Actual xsec   0.87642394719634031     
 Correct abs xsec   0.87642394719634031     
 Event xsec   0.87642394719634087     
 Events wgts > 1:            2
 % Cross section > 1:    6.3893683703243748E-003  0.72902713244700934     
-------------------------------------------------
---------------------------
 Results Last   3 iters: Integral =   0.8764E+00
                     Abs integral =   0.8764E+00
                          Std dev =   0.4015E-01
                  Chi**2 per DoF. =      2.4519
-------------------------------------------------
---------------------------
 Status  0.10000000000000001                6           7

ls status:
events.lhe
ftn26
input_app.txt
results.dat
run1_app.log
