 -0.00208593250122930  0.00843418519782302  0.01731293868890501  0.02628424900241071
  0.03571614430433040  0.04591023210430227  0.05633595764858014  0.06685075980648880
  0.07766797327569999  0.08874918899822609  0.10002096032649815  0.11119687497208769
  0.12241981378842985  0.13373961272595361  0.14482433482155441  0.15568930332720204
  0.16657812148189557  0.17770244829187806  0.18871731931787841  0.19888416828189659
  0.20843144422896534  0.21796896825099138  0.22798237586009465  0.23830576743870296
  0.24874398757375318  0.25944318821505657  0.27049215137429017  0.28158500200396158
  0.29293062405874915  0.30476809766058460  0.31673248447793073  0.32772636360544283
  0.33805760754240416  0.34840935450813976  0.35877940154912502  0.36909564320668398
  0.37927239849932504  0.38957975073627071  0.40021281991841451  0.41093975707790670
  0.42167967743916890  0.43209504204894944  0.44225169162465006  0.45252048246213805
  0.46307344246808446  0.47377587888286093  0.48429144552059811  0.49474745508157492
  0.50489177412923569  0.51477834631510200  0.52478139367701304  0.53490414755747218
  0.54504339215378028  0.55467017312445965  0.56414385469368811  0.57404546999952044
  0.58429867174538708  0.59481973446863834  0.60527284125210346  0.61583365981020266
  0.62629356661175506  0.63648554123689127  0.64663083265934895  0.65674678271317322
  0.66700809800058503  0.67737536887707195  0.68778943818026794  0.69818685400198510
  0.70847925808028545  0.71877908620048614  0.72952069987569546  0.74079501560187477
  0.75189843754174901  0.76234861298350554  0.77230828086730519  0.78211956530903859
  0.79217499915112366  0.80246629829737859  0.81278516850363935  0.82305263357509151
  0.83369191371825102  0.84499904173716056  0.85653277654601478  0.86774897893418812
  0.87868146226911681  0.88934622434230470  0.89985872749187013  0.91000959071936849
  0.92034936966439729  0.93079744901697203  0.94169426183676430  0.95244230686353892
  0.96352151554902032  0.97494984116290784  0.98715024505625271  1.00000000000000000
  0.00002243042916138  0.00002448455497014  0.00002588801786943  0.00002718775236239
  0.00002843859127347  0.00002953442298532  0.00003057740053096  0.00003504932514908
  0.00003669182332331  0.00003817808228212  0.00003977471707821  0.00004150862157339
  0.00004367094238207  0.00004723264347121  0.00005206470116694  0.00005739704734414
  0.00006337628748838  0.00006874373274012  0.00007344869942902  0.00007784039077837
  0.00008206291808516  0.00008612911073319  0.00009006937910854  0.00009396584186805
  0.00009785235451549  0.00010171286675121  0.00010558813354815  0.00010957252669832
  0.00011365473499355  0.00011778148968812  0.00012200435355919  0.00012635864120754
  0.00013079307249750  0.00013535272720673  0.00014000109084051  0.00014475402785157
  0.00014964211423731  0.00015476117762325  0.00016029917237590  0.00016599901259676
  0.00017178275160756  0.00017762950353857  0.00018335507598235  0.00018948982819206
  0.00019599637068742  0.00020268308942873  0.00020948385435983  0.00021647004163527
  0.00022365500127794  0.00023104911076051  0.00023964774379366  0.00024841267582124
  0.00025751106960410  0.00026673524575039  0.00027650637042536  0.00028681128634999
  0.00029730515216228  0.00030793864795332  0.00031874079730796  0.00033013147095805
  0.00034268235163647  0.00035607801997504  0.00036981197342662  0.00038406719438945
  0.00039964316032319  0.00041797603871630  0.00043838620937211  0.00046014907809976
  0.00048344951763740  0.00050964031961274  0.00053813668133515  0.00056578672178364
  0.00059497390518303  0.00062763367335400  0.00066380768687597  0.00070411352573289
  0.00074940681836391  0.00079659719591127  0.00084657444557590  0.00090787080007080
  0.00097737710008192  0.00105307811076823  0.00113282100991811  0.00121479644335581
  0.00132062408452265  0.00147304754217440  0.00165140331438249  0.00188205124491630
  0.00215244904670492  0.00252242744125362  0.00296067379278568  0.00352967482176238
  0.00423977215407048  0.00625113381454138  0.04057687556039453  1.00000000000000000
  0.00006140219519676  0.00009081249109089  0.00009719548525519  0.00010324121601618
  0.00010941593630804  0.00011570752829458  0.00012171602363340  0.00012758998360667
  0.00013343922657393  0.00013940257478205  0.00014506645890387  0.00015076046623384
  0.00015668319598982  0.00016288395112895  0.00016943503399362  0.00017591628663819
  0.00018238151291649  0.00018891558255446  0.00019599345341466  0.00020319372431379
  0.00021047446235537  0.00021779495646106  0.00022524636891426  0.00023309511840775
  0.00024139361625668  0.00024995782677372  0.00025868698643570  0.00026768521324351
  0.00027713650383671  0.00028750001147797  0.00029789643230388  0.00030822692244273
  0.00031849344263062  0.00032912910426260  0.00034063420122513  0.00035279751163818
  0.00036528816197971  0.00037804007141417  0.00039081121953684  0.00040391563994671
  0.00041850364551874  0.00043321658093340  0.00044816001004977  0.00046339929106672
  0.00047863264917482  0.00049629834998337  0.00051528235769946  0.00053453469444524
  0.00055384591079824  0.00057314158409511  0.00059482132929672  0.00061826082307724
  0.00064216868364747  0.00066610082548833  0.00068996448802112  0.00071489086656874
  0.00074309332658771  0.00077520296412531  0.00080940754959729  0.00084536303419488
  0.00088265268401413  0.00092224763177699  0.00096184425874536  0.00100184706656299
  0.00104410423488165  0.00109353749247207  0.00114551057620988  0.00119805475003838
  0.00125699020464475  0.00132143751455694  0.00139174834679217  0.00145999590388925
  0.00153233700229609  0.00161369936750228  0.00170467829113976  0.00180922313005409
  0.00193453820842467  0.00207383141898439  0.00222677790584480  0.00240508095342711
  0.00261054438707801  0.00285250548067262  0.00310571290372496  0.00338341896030652
  0.00370550912032740  0.00419046279675054  0.00477691102240323  0.00550132079681914
  0.00633619293912532  0.00733014693733263  0.00858812023014158  0.00997578245921310
  0.01169012648861788  0.01462772711897474  0.07800872324173116  1.00000000000000000
  0.00000152892241128  0.00000161063917437  0.00000167286134610  0.00000171679386009
  0.00000177075779503  0.00000183122405033  0.00000189469665124  0.00000195973981608
  0.00000202631931461  0.00000210441979851  0.00000219189167633  0.00000228629165075
  0.00000238590177819  0.00000248962003478  0.00000260038057405  0.00000272179193922
  0.00000284614542503  0.00000298533444391  0.00000313082746115  0.00000328252388329
  0.00000343970316967  0.00000361868302202  0.00000380688817214  0.00000401680287067
  0.00000424882281899  0.00000448836644571  0.00000473571326579  0.00000500117948455
  0.00000528268710223  0.00000559340166843  0.00000594280654199  0.00000630959070415
  0.00000670183208984  0.00000712185288575  0.00000756112095108  0.00000806200685306
  0.00000858065630175  0.00000914882684375  0.00000975002385018  0.00001038679275388
  0.00001109228504297  0.00001185133567405  0.00001271823995237  0.00001361370546973
  0.00001458214732926  0.00001560357864436  0.00001671521900597  0.00001799241371840
  0.00001938270196113  0.00002088002166365  0.00002251624246380  0.00002430141029526
  0.00002620861791747  0.00002822220627650  0.00003037904266141  0.00003283281369778
  0.00003540517281681  0.00003830060941807  0.00004144823545625  0.00004499755477977
  0.00004892200024643  0.00005315163590616  0.00005783399128261  0.00006302628423654
  0.00006876803692699  0.00007504338310564  0.00008170546252845  0.00008863454232463
  0.00009655535546383  0.00010566832714451  0.00011574297246531  0.00012691275383299
  0.00013905815222196  0.00015236983091478  0.00016733170529466  0.00018446702138994
  0.00020425624323666  0.00022628426708243  0.00025208643067126  0.00028299256827517
  0.00032239436783509  0.00036889804197605  0.00042124038719305  0.00048333328716038
  0.00055976949233171  0.00065771797349260  0.00076404391527791  0.00088853606105345
  0.00105146539969237  0.00131731266492978  0.00168051514383538  0.00213744357852686
  0.00284818604353692  0.00592580746401029  0.02319752107101591  1.00000000000000000
 -0.00234339778911140  0.01026964283814917  0.02082293858098033  0.03132629076968140
  0.04135345681165838  0.05107200176864396  0.06057332462051671  0.07068744540305727
  0.08143088154034510  0.09272960656224981  0.10360472326838208  0.11379572359811557
  0.12396610676457907  0.13479647647002532  0.14629664669698597  0.15770379227777828
  0.16862407594739856  0.17884493870716411  0.18911802896599680  0.19930840982800724
  0.20971904166955246  0.21997407213432207  0.22985581840570524  0.23996199866339757
  0.25058905492291511  0.26173441597272623  0.27280448070612312  0.28355031034822925
  0.29396827206959386  0.30426340942023539  0.31404402030720585  0.32346740934811563
  0.33278014732108757  0.34243560226496639  0.35251844777232133  0.36294745520537919
  0.37364124942230487  0.38474393339343921  0.39590814578788963  0.40678667243820343
  0.41747537143796609  0.42824418253121427  0.43901937703714128  0.44968022946631853
  0.46016879783037207  0.47078393298497251  0.48181840181858143  0.49309403881808173
  0.50421878994724689  0.51486520487504805  0.52527956374432483  0.53525697066237743
  0.54559697648290217  0.55606433955008661  0.56716203278418242  0.57828519982525239
  0.58922596691715179  0.60047403916465392  0.61122843304106289  0.62202775182899417
  0.63273947137784914  0.64304813546610751  0.65278998315482306  0.66242894792377471
  0.67212685061725352  0.68196264261876338  0.69225959971648432  0.70244490892165767
  0.71312386359431823  0.72393431080936144  0.73483055620232174  0.74510481004790841
  0.75533335174803784  0.76548050251144939  0.77557321853882388  0.78591029254318467
  0.79684757876551426  0.80786859145014367  0.81802579438197742  0.82799815527416842
  0.83846117172177514  0.84858303943665492  0.85853345815776627  0.86866124718433391
  0.87965342005443514  0.89050897246602256  0.90107242672342946  0.91173903463012240
  0.92250338674037935  0.93316462091593189  0.94358810239864732  0.95455665576704973
  0.96608032002269817  0.97783363429988934  0.98918153996718827  1.00000000000000000
 -0.00255535636468363  0.01042630742116330  0.02091255639277967  0.03162662892375355
  0.04230656817352017  0.05276696433109905  0.06306524926605135  0.07319889865836823
  0.08332386548264090  0.09252504351997724  0.10193049645016206  0.11158580299320886
  0.12149531746438391  0.13141071888721731  0.14151456763771289  0.15191813769955759
  0.16225299642079241  0.17258273839414850  0.18326241711028834  0.19419774523577488
  0.20544503172170567  0.21654514686185308  0.22755832922131866  0.23843909121942874
  0.24896768654473067  0.25957936999969572  0.27005853580178119  0.28072214559002506
  0.29127750211304354  0.30144340237418010  0.31195175720649565  0.32279346838903372
  0.33373928452923024  0.34444031777516554  0.35514721574408115  0.36632739851616952
  0.37727413351848499  0.38755901888338551  0.39765952806965527  0.40781496173260895
  0.41804385738534333  0.42820405165560527  0.43863627198723265  0.44941980815628213
  0.46036836634554612  0.47124949010220274  0.48187314420005345  0.49197369031182037
  0.50204142598690715  0.51223275915579736  0.52228377880170651  0.53225113939756896
  0.54228942055688423  0.55268117645177262  0.56334344618557497  0.57420184826114085
  0.58509086946481936  0.59559545182931584  0.60616746929973064  0.61704899853710526
  0.62792155677663242  0.63862990274898035  0.64895474624927962  0.65929658347411579
  0.66974236760589900  0.68050076352675415  0.69135605365012798  0.70201652243338342
  0.71246807209349672  0.72296959266822736  0.73391455517528192  0.74515012016667759
  0.75621267946501669  0.76703489968182392  0.77768469455969258  0.78852086689421419
  0.79867301106162825  0.80857020161587689  0.81820088330845819  0.82820071337441514
  0.83808222156753454  0.84879659401304053  0.85932395150942120  0.87007425008203632
  0.88082373797219904  0.89206014606730166  0.90354533104441659  0.91456097254482727
  0.92510987393707012  0.93567541869467341  0.94643350080709465  0.95747253331162552
  0.96833769088820287  0.97900456108849065  0.98968775764548644  1.00000000000000000
 -0.00164218385755317  0.00700618521766295  0.01495466561723577  0.02256688419275386
  0.03027577022618675  0.03819822799076870  0.04629993887429950  0.05439366590112547
  0.06223597871990399  0.06983965201671047  0.07749403778595552  0.08571116870829046
  0.09436699408890184  0.10312430736226323  0.11215841171535969  0.12145518906361427
  0.13095124771760300  0.14027061111221187  0.14922191257970469  0.15828017695286958
  0.16761964143567029  0.17791657122443255  0.18792996499382525  0.19821495910286399
  0.20836769121190102  0.21863869144819878  0.22875772715762782  0.23877691732331827
  0.24905278500139272  0.25948991777056662  0.27012534889068102  0.28091969189498478
  0.29176117787955452  0.30287553986641846  0.31411019617744929  0.32533072757009113
  0.33627460179391705  0.34692043391021954  0.35755470645509824  0.36784709715965841
  0.37814792091858546  0.38849099944479054  0.39889361989408684  0.40947464282642831
  0.42030699061400062  0.43120785179347731  0.44216190692213092  0.45350063258199452
  0.46536490466867264  0.47753141135608707  0.48939419065014911  0.50087893427900754
  0.51216803782871667  0.52358675002727795  0.53552850451666600  0.54776373048502602
  0.55996517445513072  0.57213933178299692  0.58400220961130278  0.59559966147449850
  0.60722399216981615  0.61916727142008998  0.63148307535422044  0.64390092128207199
  0.65616324032142370  0.66830848893071482  0.67995019382818134  0.69123210005448898
  0.70220393420396399  0.71334617377958032  0.72464863843708127  0.73637305880913151
  0.74867786169566342  0.76069765771710030  0.77231469112829298  0.78368556742068363
  0.79590084401352101  0.80786117226470944  0.81925403534142205  0.83021174607317705
  0.84130397537968504  0.85281412881597340  0.86393937261004450  0.87497139096649545
  0.88552896046527063  0.89613713163915643  0.90628119263829954  0.91666884041481267
  0.92729806944991700  0.93803369848389329  0.94851421162989480  0.95785290280067681
  0.96757966996561939  0.97736807105601820  0.98852060025355515  1.00000000000000000
 -0.00236190315952524  0.00936556465385422  0.01935840134589084  0.02992548297577411
  0.04080213954317835  0.05142355567359861  0.06261160761293520  0.07438229773049097
  0.08576072448688177  0.09598662040402457  0.10596942296228321  0.11583623131978120
  0.12569078275065201  0.13537033048151209  0.14476943603034353  0.15488522296055637
  0.16513727695108521  0.17588498338485503  0.18650003885500019  0.19694703351587434
  0.20697254057474515  0.21688213142555371  0.22722941009693740  0.23771379360378506
  0.24792175394723356  0.25796352469991668  0.26834199869408792  0.27918854420244704
  0.29016912279963464  0.30124478327595022  0.31173429878437903  0.32204810940886663
  0.33256654228625659  0.34415557030250782  0.35476480578988234  0.36525511101863428
  0.37541003006240148  0.38596915486307476  0.39640164807873191  0.40644609305161272
  0.41666078443997695  0.42660369130067777  0.43652526406912134  0.44622292473712305
  0.45601952967678683  0.46615980607178409  0.47627292832241930  0.48650035303343192
  0.49669338837524440  0.50711061243514699  0.51791621738114879  0.52863275285259248
  0.53886767290013682  0.54862700120563634  0.55825583783035382  0.56805781783427001
  0.57830930842755801  0.58897698585545111  0.60005012937605517  0.61103208943179965
  0.62167419322544160  0.63217634362001141  0.64291605794440676  0.65405465511345318
  0.66521029441927915  0.67631958004336512  0.68710163212077624  0.69770743469388308
  0.70803608298611032  0.71862621441635577  0.72960955757110191  0.74076355421154605
  0.75198476445802520  0.76289378862491086  0.77372982208572527  0.78482206645755015
  0.79581125360415583  0.80661256544163373  0.81728304246346795  0.82795821964553196
  0.83879543204740259  0.84936820847810812  0.86035853006049345  0.87076387729134619
  0.88161942155602757  0.89237328000425409  0.90326316521755390  0.91392138412411750
  0.92481407529773318  0.93594822231398211  0.94628077928302923  0.95659226799112840
  0.96697502118003564  0.97811765345503277  0.98914454712614330  1.00000000000000000
 -0.00301752990866324  0.01908409978695501  0.03556298009703474  0.04982775063226373
  0.06330640639057976  0.07629317231511427  0.08943839088782431  0.10258143180726177
  0.11538420200551743  0.12768834047002839  0.13928006434836759  0.15047166540302898
  0.16178360532933345  0.17404507884009796  0.18646332392908191  0.19801341656036378
  0.20912615492331399  0.22001453283792749  0.23072002166275341  0.24100971607360866
  0.25111722045174695  0.26130740418797754  0.27181414997723646  0.28305062338724002
  0.29487518938904833  0.30637319294631360  0.31738518967642559  0.32782990818746971
  0.33830342187337731  0.34837432126579976  0.35863302138022352  0.36851942828441059
  0.37831483746648675  0.38798360298975909  0.39786916096591129  0.40772001100202215
  0.41692144548682353  0.42601684914926480  0.43525787704769781  0.44493228046549482
  0.45518014034810383  0.46533259855839648  0.47530323954720655  0.48499749520448537
  0.49468671255541979  0.50452205445216836  0.51435528803792174  0.52407678744407227
  0.53367014538387425  0.54314943917778336  0.55264433494388621  0.56180779458531016
  0.57090579984677614  0.57994849857563535  0.58928910723621286  0.59874240955971580
  0.60810822118649133  0.61753423265971785  0.62713778693693201  0.63641838457071642
  0.64548011681027162  0.65434540355572079  0.66312351313001383  0.67180764414947580
  0.68044604781389040  0.68936609030161378  0.69855384143864030  0.70786792369984308
  0.71746511768492083  0.72739143600701717  0.73713867178308701  0.74646716627010223
  0.75568375199097515  0.76509680135202518  0.77467106650704187  0.78403017335395808
  0.79303644713903643  0.80192794087466879  0.81086131973926479  0.81985167701597661
  0.82880798273245659  0.83778353145861684  0.84671903312450403  0.85564938200167784
  0.86481236122910554  0.87415607245781979  0.88383066314000369  0.89400806055132354
  0.90533041290474026  0.91694492152897999  0.92874903596303982  0.94050169621793434
  0.95335629416682510  0.96757873740713818  0.98306998132575452  1.00000000000000000
 -0.00236311610619831  0.00982319191651534  0.02017716220225871  0.03024279970834637
  0.04043714367254631  0.05097038984485177  0.06186770633680067  0.07225864317248806
  0.08258876439682693  0.09314282829357953  0.10406179523027705  0.11511699115896996
  0.12622826921772667  0.13744271694089957  0.14815866875987618  0.15880573656144373
  0.16988015796002295  0.18168319312971820  0.19322521094170789  0.20467648404293404
  0.21637771961558666  0.22774494029080186  0.23881793400310281  0.24967688885574557
  0.26070643385556835  0.27183167598664248  0.28282701400431332  0.29319915041373179
  0.30307740956563339  0.31277555813746211  0.32287484432326602  0.33292246661153746
  0.34358862313287819  0.35440370150704092  0.36540047860443498  0.37614199410579391
  0.38672279225506856  0.39724055662472607  0.40785071606528034  0.41880195940373049
  0.42960655581290197  0.44064641554725537  0.45164432831519991  0.46213051934781668
  0.47219136308427923  0.48229281337507368  0.49271788104694403  0.50315907380545710
  0.51372624192500593  0.52421308426857216  0.53401333741294443  0.54393120235749626
  0.55431146832665756  0.56515805697133725  0.57607838430707325  0.58682731790968179
  0.59731164727607178  0.60783109155737070  0.61826024148784542  0.62843629453866279
  0.63815503054925704  0.64761078074242340  0.65757388072715395  0.66743306086723497
  0.67740166407249069  0.68717153121888863  0.69734935054327740  0.70746702207362200
  0.71756353180767873  0.72795171123029323  0.73898244293587989  0.75000382709449231
  0.76095257569467678  0.77154036181037389  0.78204553114533393  0.79245932631209770
  0.80324861704474604  0.81398201129399350  0.82458371900279881  0.83507535224266149
  0.84551819857048183  0.85593431072591131  0.86641890854606440  0.87721035687658155
  0.88845035885355150  0.89986679451894702  0.91091477206220728  0.92093382422873704
  0.93065042230523332  0.94044609802701318  0.95101185876221905  0.96142094463194538
  0.97145525299476776  0.98096172506897217  0.99052931025770674  1.00000000000000000
 -0.00219576683107479  0.00998129301624113  0.02038134436633133  0.03110336186115053
  0.04197198839260518  0.05251121024190219  0.06274709131795092  0.07287924143302416
  0.08340605574063460  0.09408249675738818  0.10505730280882952  0.11650088639741199
  0.12809156876227606  0.13858693255469515  0.14933705919151541  0.15993278839565964
  0.17065729047045586  0.18099600619086056  0.19144581963348642  0.20195593320156793
  0.21235113299098288  0.22278277325404144  0.23331503753304172  0.24402113393949101
  0.25502214531611450  0.26646166240333380  0.27791244157877776  0.28901904955957886
  0.29979323325114715  0.31025640219893702  0.32065115581330467  0.33112368865003394
  0.34158400673894473  0.35219324717847583  0.36231594208002443  0.37297822947283915
  0.38370792346580412  0.39451900068773510  0.40539539601669533  0.41650465233335610
  0.42760660675585505  0.43832600629320884  0.44893002207898541  0.45972670304559887
  0.47072918481695025  0.48178235800562913  0.49262840221593651  0.50322566026418969
  0.51325989725831023  0.52251371920636203  0.53131916886553487  0.54009091339144910
  0.54973683210182223  0.55978675500457897  0.57031074154968042  0.58069600428172885
  0.59116902311736674  0.60125647867794707  0.61117439093344816  0.62131440675917127
  0.63131988127372318  0.64161341082234191  0.65168230473818900  0.66198246146523887
  0.67206929285760975  0.68200183539488590  0.69200920031967827  0.70202828560670683
  0.71232689201612231  0.72280899521071151  0.73371650789430454  0.74454458281720803
  0.75497303867400656  0.76500880897252088  0.77523969524798664  0.78558846837854124
  0.79645112070380086  0.80721469590749118  0.81761979322743727  0.82774828348229279
  0.83805206262087784  0.84884387028303931  0.85997153455238806  0.87129656084782636
  0.88259598478454426  0.89342576944011165  0.90360308684247959  0.91379478079373644
  0.92447972468192585  0.93531608350604867  0.94607446750705382  0.95645835759235143
  0.96729980983988617  0.97818414050496172  0.98912236328326131  1.00000000000000000
  0.72409892196924230  0.76060479941789982  0.76573374997009724  0.77052667364338712
  0.77528749508054584  0.77986392935545235  0.78515126140377445  0.78982390136220559
  0.79357085607309941  0.79664813705424142  0.79964488277865609  0.80275105613868047
  0.80624896485255571  0.81037978414166167  0.81497053592668534  0.81925913951282492
  0.82285404354765090  0.82621850160228572  0.82947892420161662  0.83252243383646352
  0.83530825950723175  0.83794199015094295  0.84071967391418634  0.84367664818540045
  0.84668510759667703  0.84972301627682723  0.85268649077845338  0.85541910503843432
  0.85796168052617872  0.86044151479585296  0.86292149338864854  0.86538997753454616
  0.86784073385139482  0.87026329419115389  0.87269665545459540  0.87511029318977818
  0.87749475160528234  0.87990560263652662  0.88229656867288120  0.88465127876416616
  0.88691475179120360  0.88913998992295185  0.89139631253282858  0.89366183764399676
  0.89588515784720568  0.89804096504463005  0.90018930588993906  0.90238897361391124
  0.90459505189936418  0.90676045335628186  0.90889834300262751  0.91103611223135028
  0.91318424601976278  0.91530508307654401  0.91742514556154142  0.91953617061989446
  0.92158476246370080  0.92359258101185038  0.92555063541509253  0.92752581263265499
  0.92951726707892146  0.93146092989957052  0.93337685591870523  0.93526889699842797
  0.93721164519384159  0.93914927717245034  0.94109224970879424  0.94303933191493694
  0.94498903029945114  0.94696190057422658  0.94893651503762555  0.95088941049435560
  0.95281559843830399  0.95471839307869566  0.95660081529251784  0.95846142095571518
  0.96034626046673011  0.96220583917203895  0.96405765187255532  0.96590549968946815
  0.96775088332367099  0.96960145522327956  0.97147252923822469  0.97334878597890739
  0.97521482001539161  0.97708365761752602  0.97896061191407380  0.98083409062751492
  0.98277086950597015  0.98477233269310205  0.98684975726246349  0.98901062464779554
  0.99123725222845127  0.99361425925952362  0.99651583347800643  1.00000000000000000
 -0.01374142465897403  0.10288765625886247  0.14048362730958766  0.16456478805828217
  0.18327210071566657  0.19915010893681562  0.21290963629736351  0.22526990395134081
  0.23661989940616726  0.24730166199226741  0.25713825798193923  0.26644528791355632
  0.27534915236398955  0.28374850741592550  0.29181767918459411  0.29968656365926261
  0.30741185851463293  0.31489530332105081  0.32223725458627250  0.32984409962141853
  0.33747233055510256  0.34525384847506529  0.35298153489113354  0.36030305228596049
  0.36726001081731635  0.37397393914675409  0.38058815878028179  0.38723217811334382
  0.39386852763100250  0.40006752098295634  0.40582888557702163  0.41135011909407937
  0.41674088106994306  0.42215013006815816  0.42768498073921768  0.43334789648311139
  0.43906893132492941  0.44475143796019462  0.45052904195755411  0.45642959423230850
  0.46227880883518269  0.46799102127644654  0.47353467751040318  0.47915662319801600
  0.48464522310219504  0.49020251623600747  0.49560434789229635  0.50099194016984538
  0.50657820743772064  0.51216255095693064  0.51764067413931436  0.52327333541421905
  0.52907184129337848  0.53498212252918487  0.54103857060049054  0.54703250866505515
  0.55290069841933309  0.55874040514575274  0.56465962947772441  0.57094683004539992
  0.57694534238477324  0.58301385731249711  0.58900549805238767  0.59513907074914818
  0.60120690087753059  0.60739308307427409  0.61368680085354754  0.62019169577403765
  0.62663154493877427  0.63302578138797494  0.63949154958152321  0.64585264489240746
  0.65223018880617467  0.65876952681759171  0.66558816949126354  0.67290192292557860
  0.68013013893379981  0.68735005759434686  0.69513139625889364  0.70314014627006738
  0.71141441058196575  0.71975046618707028  0.72825743060198911  0.73715563944664864
  0.74622691772350236  0.75542525792957482  0.76495492632511863  0.77517672510266311
  0.78600708042189671  0.79734408517933697  0.80966287041745144  0.82391432907673634
  0.84129412160528072  0.86275694269918890  0.89641428730028272  1.00000000000000000
   7.9143803065385348E-007  -1.0000000000000000     
 F F F F F F F F F F F F F F F F F F F F F F F F F F F F F F F F F F F F F F F F F F F F F F F F F F F F F F F F F F F F F F F F F F F F F F F F F F F F F F F F F F F F F F F F F F F F F F F F F F F F F F F F F F F F F F F F F F F F F F F F F F F F F F F F F F F F F F F F F F F F F F F F F F F F F F F F F F F F F F F F F F F F F F F F F F F F F F F F F F F F F F F F F F F F F F F F F F F F F F F F F F F F F F F F F F F F F F F F F F F F F F F F F F F F F F F F F F F F F F F F F F F F F F F F F F F F F F F F
  <DiscreteSampler_grid>
  grouped_processes
  1 # 1 for a reference and 2 for a running grid.
  10 # Attribute 'min_bin_probing_points' of the grid.
  1 # Attribute 'grid_mode' of the grid. 1=='default',2=='initialization'
  0.0000000000000000 # Attribute 'small_contrib_threshold' of the grid.
  0.5000000000000000 # Attribute 'damping_power' of the grid.
 # binID   n_entries weight   weight_sqr   abs_weight
    13   10   2.235501786712480E-003   1.095951458812501E-005   2.235501786712480E-003
    16   10   2.835589930121706E-003   1.755332919743274E-005   2.835589930121706E-003
    22   10   2.470124747855269E-003   1.289020992660960E-005   2.470124747855269E-003
    25   10   3.191461485115366E-003   2.192707203962835E-005   3.191461485115366E-003
  </DiscreteSampler_grid>
