 -0.00236428826912599  0.01042709441032699  0.02158274266857681  0.03304865576106628
  0.04390200571605362  0.05506397876534434  0.06691089443055522  0.07971434552052789
  0.09139367473078902  0.10177859272885573  0.11188989728498926  0.12123205827459463
  0.13228869039856980  0.14301181244503205  0.15288737226082608  0.16180700924322153
  0.17078675601103940  0.17873839051087353  0.18632013305358519  0.19379668361153105
  0.20227505080045871  0.21413151109269807  0.22577552735181700  0.23559730476376672
  0.24452241009589248  0.25364638903658354  0.26328349204334217  0.27333510837003588
  0.28389575094117969  0.29529944614928338  0.30712389044553823  0.31872245803130905
  0.33017151730893679  0.34124469171417737  0.35298487421723068  0.36310458949945895
  0.37285721082565054  0.38188153975521666  0.38980021279562427  0.39913741249694251
  0.40922570323277924  0.41991775595679764  0.42996897548158841  0.43935062624213334
  0.44786147142466270  0.45664346599813099  0.46637046690438627  0.47623543310274630
  0.48684848848577678  0.49653653331783576  0.50737340172361933  0.51739754551638995
  0.52818344645436044  0.53933084672056497  0.55074758721087913  0.56179637153643680
  0.57050654640646303  0.57635751850741512  0.58198203916858726  0.58733697086227210
  0.59336725295112036  0.60052436473248538  0.61516775899817377  0.63040587897132083
  0.64313293999844867  0.65537860293857009  0.66769216865047232  0.67970711129137240
  0.69165880309996952  0.70380295561807349  0.71771629868423770  0.73291375275930937
  0.74659530487608106  0.75935796315488990  0.77085234393958091  0.78260043449605299
  0.79393459436761904  0.80492934557995999  0.81589694513236000  0.82625650069309475
  0.83723268673130480  0.84822921092506620  0.85911927130298393  0.87131537631701750
  0.88427314415802472  0.89491025807553115  0.90431256392698767  0.91328186096698860
  0.92292387888268279  0.93533589627111791  0.94781932708347694  0.95910438804702092
  0.97065937727769069  0.98130485198653650  0.99102491583545682  1.00000000000000000
  0.00000169285692699  0.00000172584982345  0.00000177577218014  0.00000180162965563
  0.00000182774020261  0.00000185551484892  0.00000188444299228  0.00000191153401501
  0.00000193464799672  0.00000195784807774  0.00000198021468217  0.00000201048735800
  0.00000205552116439  0.00000209518813198  0.00000213364250191  0.00000217327434851
  0.00000222833560708  0.00000228424541802  0.00000234017237282  0.00000239216403505
  0.00000243661663033  0.00000249257485417  0.00000255191645304  0.00000261332831536
  0.00000271875509846  0.00000281307203579  0.00000289936358079  0.00000300507201814
  0.00000312352336444  0.00000324918337742  0.00000339306733226  0.00000357245511260
  0.00000374163725969  0.00000388612533825  0.00000404869606868  0.00000420199622522
  0.00000436756642933  0.00000453918008089  0.00000473476280830  0.00000494884283451
  0.00000517466390217  0.00000541268642787  0.00000562233683341  0.00000583003745687
  0.00000603372111410  0.00000624415663693  0.00000645860001127  0.00000679617947990
  0.00000712009164638  0.00000752035784568  0.00000798836542451  0.00000846757793017
  0.00000893767520054  0.00000942164524883  0.00000991551370962  0.00001043981526788
  0.00001101780303839  0.00001163292892517  0.00001228087794956  0.00001299136643854
  0.00001373116748201  0.00001457558617020  0.00001562307725208  0.00001685338953088
  0.00001817467887462  0.00001954348839124  0.00002095407829475  0.00002251989310851
  0.00002439140675365  0.00002658306119170  0.00002929012506727  0.00003210195851990
  0.00003520330764101  0.00003888964727813  0.00004326810989581  0.00004856560602240
  0.00005470449518206  0.00006215465381098  0.00007120027992952  0.00008206309486781
  0.00009680623618761  0.00011482044892969  0.00013631832006174  0.00016620516884878
  0.00021109969834049  0.00027319059419073  0.00035902053840968  0.00047358526535000
  0.00061487973233206  0.00076426806680693  0.00102597349842427  0.00169431979284038
  0.00276484494948128  0.00447998230579516  0.09336550177123108  1.00000000000000000
  0.00000443457212731  0.00000449223812633  0.00000456144930054  0.00000466961901884
  0.00000515333135447  0.00000546102379650  0.00000578138694450  0.00000628042811478
  0.00000647648999260  0.00000660301031843  0.00000670346022704  0.00000680817100410
  0.00000693990549939  0.00000711131494568  0.00000725373405169  0.00000741488481618
  0.00000762737537797  0.00000791214788734  0.00000827482102016  0.00000866212670699
  0.00000906791000954  0.00000941719529369  0.00000969232415049  0.00000994141363008
  0.00001019957530436  0.00001057502471205  0.00001103358393363  0.00001140994597889
  0.00001178343456534  0.00001215174906203  0.00001252258582189  0.00001290495528647
  0.00001341819722925  0.00001393766652300  0.00001440945649703  0.00001497788350946
  0.00001559591387136  0.00001626889399443  0.00001704867596265  0.00001791918643322
  0.00001881799423219  0.00001970645925403  0.00002086907080049  0.00002215340268405
  0.00002364102671966  0.00002487943345092  0.00002620516413822  0.00002764447982861
  0.00002920000705966  0.00003106435773702  0.00003360718582191  0.00003670075958254
  0.00004032512633150  0.00004443053112625  0.00004912322919322  0.00005473996830863
  0.00006062365737715  0.00006658552290323  0.00007236968128147  0.00007817664018633
  0.00008417796270501  0.00009110325877050  0.00010030237044919  0.00011120253687318
  0.00012357126122553  0.00013680684806011  0.00015167591776738  0.00016747509305242
  0.00018646388491037  0.00020784846058127  0.00023075694870722  0.00025257967034644
  0.00027527549761489  0.00030007842921954  0.00032985003403931  0.00036550195152781
  0.00040354777807255  0.00045331673714918  0.00051222686070905  0.00057751170694066
  0.00065086170531116  0.00074397504398373  0.00084176886816986  0.00093867537824193
  0.00103511409306888  0.00114279238620626  0.00127433054007614  0.00144234675328722
  0.00169239213092777  0.00197415575400065  0.00234395516001476  0.00306094943385955
  0.00481603405646217  0.00600713880834748  0.01801950537194085  1.00000000000000000
  0.00000188743504264  0.00000314328108231  0.00000361760796225  0.00000401617246470
  0.00000454338991036  0.00000507264016751  0.00000554547076845  0.00000601492854773
  0.00000649194822370  0.00000695969767580  0.00000745719627189  0.00000803118463775
  0.00000864151700396  0.00000939017369430  0.00001024874153947  0.00001115483216023
  0.00001202576269457  0.00001296698052901  0.00001401089726178  0.00001516159604066
  0.00001640947016175  0.00001787623130550  0.00001957009440109  0.00002122427066685
  0.00002283554289155  0.00002465341063139  0.00002654607721730  0.00002842165584645
  0.00003064911668014  0.00003275223035554  0.00003517160025803  0.00003760062029217
  0.00003986202978920  0.00004230703472257  0.00004485560149768  0.00004783013498098
  0.00005169836034539  0.00005584652597171  0.00005971130522857  0.00006380954713028
  0.00006837174916699  0.00007342884067021  0.00007937661649920  0.00008594038585100
  0.00009282266704995  0.00010020204704845  0.00010817797002681  0.00011667962483751
  0.00012546595763294  0.00013475660987217  0.00014466247579684  0.00015601356230571
  0.00016813196218316  0.00017936466037045  0.00019063867294665  0.00020183098349627
  0.00021495760481667  0.00022867021523672  0.00024145513323997  0.00025378916717719
  0.00026600893228963  0.00027822822945355  0.00029381825685401  0.00031145838819132
  0.00033006194606605  0.00034953990509567  0.00037029654079835  0.00039631697941609
  0.00043091600044821  0.00047361204356339  0.00052212663913788  0.00057778331447667
  0.00063969586088213  0.00071705017402300  0.00080364064560524  0.00089051327208051
  0.00097177803293389  0.00106211411140861  0.00114019058736198  0.00121226002572891
  0.00128945593792794  0.00137431661528637  0.00152490584475835  0.00166969378655359
  0.00185574676619616  0.00209466107473429  0.00230159427236395  0.00259681033855788
  0.00297694693751160  0.00325907068957805  0.00352671297833230  0.00383245814732468
  0.00416538240131894  0.00459174683011931  0.04648041073426721  1.00000000000000000
 -0.00234335730073967  0.01071711290229426  0.02120071172135878  0.03075348759139913
  0.03955999357126144  0.04760190026382822  0.05519103853675475  0.06279140490060493
  0.07129640149190651  0.08091007458398501  0.09323072843494780  0.10759885609373762
  0.12161926021130195  0.13218731940463346  0.13869379854179706  0.14583857584421553
  0.15317606652457524  0.16075170936743294  0.16965489229169242  0.18135440183134729
  0.19344327604323205  0.20650196544537180  0.22008183487041366  0.23360666957973289
  0.24736078698804087  0.26170485870465415  0.27593932625480416  0.28647590287712976
  0.29506112918253447  0.30293820255786569  0.31134683390257217  0.32156856868705025
  0.33317051289205424  0.34494522352080870  0.35712657900171457  0.36979601060731587
  0.38207530302605419  0.39365108779825342  0.40498739161785619  0.41643542807914513
  0.42865389452382935  0.44004056195584540  0.45130513556182195  0.46187788626126314
  0.47237552890495810  0.48292662611547399  0.49225092411800425  0.49960093405629430
  0.50642593546348713  0.51368184184730903  0.52270613716459369  0.53331987510464507
  0.54375911530623289  0.55372309417014542  0.56357042805810431  0.57363146969662970
  0.58384026446562842  0.59414634522638821  0.60439413770223527  0.61467981760747537
  0.62544646146208827  0.63641533508584014  0.64702860798249673  0.65783247374814391
  0.66964225509391451  0.68218568215435171  0.69318503174562562  0.70246597765556773
  0.71069331225691734  0.71873967898399616  0.72700530380714679  0.73579634782875036
  0.74577950407315208  0.75605266159430595  0.76608404603905844  0.77683015144579615
  0.78793612690026715  0.80111437163854970  0.81503280366272246  0.82900120064992844
  0.84225999042274713  0.85401009561365171  0.86510408901517066  0.87603385761489561
  0.88718938622122656  0.89824785203848356  0.91018907350988021  0.92127465028307265
  0.93149705171088182  0.94070974438075727  0.94950277393348625  0.95904410753223834
  0.96873591988124608  0.97900390462569653  0.98931045912533500  1.00000000000000000
 -0.00251625599428716  0.01188910204841436  0.02275222442458577  0.03439878045273948
  0.04514557748121534  0.05627939294867836  0.06716958474401508  0.07785832297909868
  0.08902148987144316  0.10117571571435811  0.11395044284732932  0.12699199595897484
  0.13932241835932777  0.15028267807990667  0.16012515805192673  0.17017390055985229
  0.18055853014230611  0.19113770960419713  0.20189703594795899  0.21346821626731280
  0.22594232909402215  0.23802112779453424  0.25018355453942193  0.26125181943401210
  0.27227699085807650  0.28217438650435561  0.29347529690014862  0.30478933762452526
  0.31559376231542180  0.32545540119076227  0.33575701336889779  0.34703198918372685
  0.35815257556782382  0.36899086191942443  0.37758662553538908  0.38576623729339904
  0.39431507108814351  0.40134083629828038  0.40860768542716669  0.41775650771283768
  0.42745945824624371  0.43755724934204066  0.44677945192928914  0.45625290671144914
  0.46815063373172389  0.48178732563456855  0.49592257748579860  0.51032326908789516
  0.52340472388302672  0.53588238692804713  0.54711978268747596  0.55708464636333110
  0.56648840155724134  0.57608353379216426  0.58658701900801680  0.59731301374627122
  0.60629672238405585  0.61484730043580893  0.62369124904546291  0.63399725063347245
  0.64549823067722278  0.65726578945357150  0.66918889802660142  0.68115878907608440
  0.69306386048327051  0.70453324714228416  0.71112529467462782  0.71761908523943863
  0.72411895556728967  0.73065180149802833  0.73773483456785427  0.74699846265101610
  0.75582517675870386  0.76395617986375364  0.77319881338469687  0.78139980131435105
  0.78992970955257846  0.79891819931557673  0.80863857940534101  0.81905277854349257
  0.82942579673063954  0.84104199281539660  0.85300633149971195  0.86470164220632439
  0.87623067101633867  0.88732222607320999  0.89781505095220537  0.90826753340489952
  0.92020474687684384  0.93409604996584583  0.94672215430164774  0.95813738873993914
  0.96901618430316727  0.97960112157885737  0.99006418935299523  1.00000000000000000
 -0.00252338162667639  0.00932651925328302  0.01951391979535904  0.02978025147408608
  0.04047539165102442  0.05144419004632347  0.06167020149623465  0.07108534778273025
  0.07963858700200308  0.08869897267678502  0.09896133228909676  0.11042846244178428
  0.12269983959153441  0.13503799816719411  0.14596932343218633  0.15597737703429085
  0.16577809850981906  0.17527719657349308  0.18351629719392082  0.19095884921378276
  0.19963487526208598  0.20889025791197890  0.22027670335275312  0.23456558561984137
  0.24903485679424725  0.26176725268189327  0.27289060660611725  0.28514761018806006
  0.29613593883542166  0.30730650615616500  0.31819158921799950  0.33028279920204090
  0.34238694948743381  0.35466701886162894  0.36647782804564299  0.37824733313190007
  0.39109939432124935  0.40346513920701238  0.41471793830693071  0.42477220453079439
  0.43465656657405560  0.44414221045942159  0.45448860078761716  0.46545899219045328
  0.47507199009972623  0.48359137009456615  0.49182845414622206  0.50141664837985223
  0.51172052386360467  0.52129542490006830  0.53168827596822832  0.54319965988505381
  0.55580995393799226  0.56700047752878657  0.57721101317629242  0.58738805131821170
  0.59721420509144696  0.60824175514190437  0.61952483384158163  0.63000569496145986
  0.63967467012754031  0.64954999360917676  0.65942516986205146  0.66949343020889396
  0.68024446412805450  0.69081265341409603  0.70102192366212468  0.70954864387670058
  0.71690869952781944  0.72459381798527889  0.73308310646072927  0.74329411327117911
  0.75234123937626673  0.75829933375829461  0.76453062108252778  0.77090622949113397
  0.77839268275215134  0.78679882862326656  0.79786309711413439  0.80872414165879747
  0.82050914848519341  0.83316999072178755  0.84728023285460063  0.86128569967374247
  0.87390184075948907  0.88411700116292935  0.89409193133692133  0.90459716208396024
  0.91646001343493522  0.92989753315992518  0.94287321429767712  0.95537603168806984
  0.96662829469056999  0.97709498208488355  0.98832750701595706  1.00000000000000000
 -0.00004785656850320  0.00005560857532218  0.00016687048386239  0.00041570236425035
  0.00063702525112462  0.00075285643850250  0.00087154049193879  0.00099537207359268
  0.00112024563027623  0.00124574201022886  0.00137949103592951  0.00151526343280594
  0.00165520815158156  0.00179993651622526  0.00195235379545718  0.00209193587436081
  0.00222807790121188  0.00236196642384943  0.00249444219101610  0.00262038981085293
  0.00274917382229114  0.00288744094647336  0.00303159983134592  0.00318413872471483
  0.00331829981859769  0.00344353011496914  0.00357278758095449  0.00370548496335799
  0.00383940345042895  0.00397496432529445  0.00413527321272991  0.00434118635351815
  0.00456324687535980  0.00479568252829028  0.00503217112193073  0.00526356743906361
  0.00545797149724159  0.00565265355006982  0.00584765367170434  0.00604883275723721
  0.00626060675860927  0.00648152339718379  0.00668852444072518  0.00689309768064390
  0.00705802503415201  0.00720199588618092  0.00734324307832055  0.00748124916875007
  0.00761932770160553  0.00780681708238835  0.00800622501063259  0.00824455875950700
  0.00851121937643906  0.00878896371624726  0.00910923180146536  0.00942507348658258
  0.00972198415190884  0.01000818514236570  0.01023955971847385  0.01056058758681910
  0.01091079056044273  0.01125305797818985  0.01159953169393015  0.01193665616032323
  0.01227288404447084  0.01262103373808321  0.01335362977645267  0.01433070074909678
  0.01490793776850798  0.01531823654769809  0.01589255089242116  0.01635386034602881
  0.01667639046916346  0.01698545196513339  0.01753450762350593  0.01867935641782611
  0.01940314230028100  0.01970861489410851  0.02002017575088377  0.02030575167018917
  0.02130833161743103  0.02254354215398333  0.02376576866725189  0.02449372315959892
  0.02521717990814408  0.02660352123807586  0.02763702764035070  0.02906298029816148
  0.03059277361644968  0.03101896843155300  0.03144025926407071  0.03186059835172213
  0.03227914669532279  0.04179695410420071  0.06022832957463132  1.00000000000000000
 -0.00269759451210808  0.01044480469620926  0.02161135863755759  0.03508762177749832
  0.04543464797816458  0.05439794676520804  0.06243749044356836  0.06906458023317942
  0.07650950432045468  0.08484723234586189  0.09417877500084428  0.10413813247587207
  0.11404415336672441  0.12310469553281214  0.13190336895589852  0.14227209305715857
  0.15127234946476012  0.16020729646056819  0.16944667651882095  0.17950675257003507
  0.19079450016686003  0.19982068643941867  0.20691264043314408  0.21440801922707964
  0.22248354406463317  0.23316333084436572  0.24581697079894016  0.25916786344690201
  0.27164402574277197  0.28269812618899659  0.29277581016515092  0.30177960676850418
  0.31161123458856976  0.32319055642960398  0.33666678075481105  0.35034446198955560
  0.36430825220658958  0.37709933288535108  0.38830302109703169  0.39780359846768182
  0.40793976505074520  0.41844173088531161  0.42967165030966609  0.44190236508674291
  0.45435942542602953  0.46515318892035690  0.47496248049983480  0.48454155446715064
  0.49433439009716518  0.50507423929685880  0.51592817688956361  0.52812239812150019
  0.54113994574761670  0.55357512762130556  0.56527386350551312  0.57518586393633941
  0.58569859894840415  0.59508085952145173  0.60436281527456304  0.61381793404439222
  0.62464046682348795  0.63778045090213864  0.65107497887912846  0.66377223945883412
  0.67597578750085296  0.68720151363048776  0.69853892256226691  0.71059207320264439
  0.71837736698920052  0.72528459547547219  0.73245416511128691  0.73999204206504987
  0.74971443424320017  0.76120659853733508  0.77284265269163022  0.78410644129855256
  0.79533018620791640  0.80679368060765799  0.81802268076542017  0.82933450811872034
  0.83974192876200415  0.85009725144842863  0.85995623662860288  0.86944864462252613
  0.87915586620530595  0.88917772936413431  0.89930900155965743  0.90949103357356031
  0.91977967866542487  0.93082378298397317  0.94287123592309563  0.95537423920269382
  0.96682920428959740  0.97813429430760401  0.98898209699925599  1.00000000000000000
 -0.00009636115867774 -0.00002820957020291  0.00003994201827192  0.00026384442786634
  0.00050751082373622  0.00062208247283889  0.00073874255681662  0.00086546663567704
  0.00099625026677478  0.00112608699042156  0.00125332277452580  0.00137971235573029
  0.00150571827859375  0.00161737273641208  0.00173090666324310  0.00185346194552501
  0.00197661072352663  0.00210027383043851  0.00218933489963481  0.00227284987462981
  0.00235718221624417  0.00244309417580922  0.00252900613537427  0.00262105700529715
  0.00271426224076513  0.00283757698086570  0.00300726286872059  0.00316130466184911
  0.00331827008635145  0.00347491576826503  0.00362926684591863  0.00379288876349799
  0.00395651181061309  0.00405799153212347  0.00415371548476664  0.00424706594567264
  0.00434183462603093  0.00443845668249420  0.00457855541251656  0.00474740666903499
  0.00492920376385619  0.00509757723636850  0.00525599608685651  0.00541194432846740
  0.00553098070595131  0.00565360684823634  0.00579446785966489  0.00594044528728771
  0.00609446527279853  0.00632392732442386  0.00666615049637214  0.00701655306611593
  0.00730971243441185  0.00754412432097644  0.00767336537094195  0.00775949679055162
  0.00784553153356540  0.00793139323482023  0.00801848768186575  0.00810681454835121
  0.00836090712716530  0.00864807381734674  0.00883318967526183  0.00902877796566944
  0.00928682020274806  0.00961259603670516  0.01001973310153015  0.01046159568793024
  0.01094171951177484  0.01276921155046325  0.01312594577406852  0.01331523376081803
  0.01353933532816800  0.01375900273037230  0.01400059681895701  0.01421381902777929
  0.01442633605336471  0.01468322987491849  0.01498696960697091  0.01566203313711081
  0.01625098670331273  0.01652992750744166  0.01722739388490895  0.01807515699434955
  0.01857355113290913  0.02097132705338317  0.02209571263679474  0.02280288915752276
  0.02379865619761569  0.02424571103192445  0.02582778626116995  0.02732625319173892
  0.02767404936039436  0.02868282434424765  0.05381676086772227  1.00000000000000000
 -0.00204224467367182  0.00926004754550134  0.01849303750288196  0.02921804131062539
  0.04018192780704639  0.05114760502980133  0.06033370197310581  0.06913138409762733
  0.07738018991052170  0.08533772799682407  0.09386866948248565  0.10156551705201572
  0.11015443263717897  0.11923301329526796  0.12765938213644026  0.13565616843417369
  0.14320512947417208  0.15071092960683816  0.16011117222819074  0.17037150685978161
  0.18104781071488510  0.19151848852868403  0.20334419733054365  0.21492762715726704
  0.22632284713799627  0.23751175014673825  0.24959731931625567  0.26409479166767313
  0.27818714361444874  0.29220136169497407  0.30572970766086721  0.31927682722880030
  0.33155828615684574  0.34336531761495598  0.35577099192514638  0.36988444033086287
  0.38438140147993166  0.39928182351020536  0.41472915227071522  0.42832686181753515
  0.44221199948067053  0.45520798977137200  0.46623064257699731  0.47691603469935173
  0.48800184224183540  0.49664529992470730  0.50527072195063139  0.51519341991020673
  0.52924154854870087  0.54365540122210121  0.55719256046979837  0.56721209136908490
  0.57551951277526980  0.58437981935290306  0.59244241173777201  0.60179586314679512
  0.61066556081884193  0.62136545089345752  0.63423893305636569  0.64611244226973907
  0.65768768662821564  0.67001979474504214  0.68431393063986390  0.69936282448410236
  0.71338437148024614  0.72593051062578551  0.73758369148549840  0.74891237243283404
  0.76040432035884831  0.77184032272693515  0.78432680275649191  0.79478738534871529
  0.80209649243125902  0.80882684641067681  0.81526090279031027  0.82222806556171868
  0.83108728758168460  0.84227752765941022  0.85269900187398850  0.86200257882026943
  0.87103607000630778  0.88037272155573842  0.89047798207714068  0.90208774877122888
  0.91362071873259643  0.92384104749124074  0.93395204146389821  0.94389253098347259
  0.95336301907966436  0.96176598894508181  0.96882705904695909  0.97530321897305794
  0.98175012749595825  0.98778793044434920  0.99420107185612228  1.00000000000000000
  0.75135820203800685  0.76906916127909186  0.77455728296475812  0.77951135845744535
  0.78525373120018793  0.79145313182260013  0.79599924138025124  0.80152855778441323
  0.80663988782650964  0.81042715856900449  0.81345002726869120  0.81626383456836049
  0.81935201091694998  0.82375673459710175  0.82879806428200764  0.83352030525989296
  0.83784524963335683  0.84205059968615614  0.84594384910592590  0.84938834709869382
  0.85258511122124958  0.85581145896224931  0.85901407598445134  0.86215626713034421
  0.86542388855420238  0.86866078976706362  0.87176152849776611  0.87484500321258829
  0.87795311636954787  0.88103525771112590  0.88409215584753498  0.88712536462753977
  0.89005114767807036  0.89284622054648466  0.89541134864946059  0.89780386335199436
  0.90017184919676896  0.90277490923267778  0.90545181693146271  0.90795629959028668
  0.91039763634666493  0.91281739548097396  0.91562674769733821  0.91814484699515109
  0.92044553484066638  0.92267026335130997  0.92511220068518973  0.92770747148518284
  0.93017739965105561  0.93246848835736063  0.93471740382542134  0.93698058517589156
  0.93913005421433127  0.94113562416641006  0.94301193654528181  0.94487574432749244
  0.94668910346147017  0.94848960458895459  0.95024392981161054  0.95187961513055097
  0.95346391167938749  0.95505664029156456  0.95673575404950839  0.95833251973649747
  0.95977519907194420  0.96109932115673635  0.96244691365830104  0.96388072610512665
  0.96536991456545374  0.96690363950563851  0.96847362882012289  0.97006852747465566
  0.97164377027125237  0.97303899484805856  0.97425507364864861  0.97549492647636848
  0.97672334150643569  0.97805748978842022  0.97947612110100768  0.98080539496316499
  0.98206118752643856  0.98330529611317186  0.98454280465414934  0.98562123298979742
  0.98667300496961474  0.98774906994927858  0.98883677963277794  0.98973590848778425
  0.99072556417884317  0.99178129485654332  0.99281354522771781  0.99403665252780116
  0.99547937857285906  0.99698720405529884  0.99844473660501720  1.00000000000000000
  0.00936060476312911  0.13998325798281752  0.15432846769754999  0.16466331474318391
  0.17344340826830662  0.18290975548507749  0.19160253912545519  0.19882608282420372
  0.20512352111468465  0.21116843949731101  0.21736550421902506  0.22475233624991317
  0.23236138626878608  0.24021452654015701  0.24738319164376804  0.25542952526817569
  0.26315951805170695  0.27075868317530177  0.27866517344833303  0.28552126761391267
  0.29177594191489481  0.29734675537327943  0.30231641750992599  0.30744719202288040
  0.31262489341099170  0.31775084359423811  0.32239198090669252  0.32679015907173431
  0.33138459889152772  0.33620228076808734  0.34195867213479819  0.34799099388139126
  0.35360168405032016  0.35925869158175544  0.36514798993820363  0.37015136192737635
  0.37492326199073489  0.37938242413341144  0.38411824243489112  0.38908383655410844
  0.39442391074726491  0.40004348525255723  0.40596311284619696  0.41225460255233559
  0.41871812525824720  0.42530228899270012  0.43205853577736847  0.43899340866308140
  0.44638455687796291  0.45327029792818169  0.45900378557089377  0.46426668760169221
  0.46945710565550347  0.47509515567466909  0.48119940862990801  0.48748704309446567
  0.49377663792230686  0.49994015720787882  0.50747831096494467  0.51468459573966185
  0.52159704467710910  0.52877155938241516  0.53630799402173068  0.54383011162888628
  0.55073353923572999  0.55725814701242538  0.56465423752516297  0.57255100536323733
  0.58097521655526108  0.58914514980260668  0.59695297324128571  0.60447465109441911
  0.61195293176050747  0.61988549884477984  0.62806629322951513  0.63581453889060380
  0.64336534111601995  0.65103753084437332  0.65987556417079030  0.66973963217404286
  0.67973650756339210  0.68882398302857784  0.69505807460338198  0.70140596008355027
  0.70772395926357046  0.71380032240213420  0.72385760650061060  0.73600162163898097
  0.74798954324685551  0.76177002894670265  0.77731369242583925  0.79564384221317630
  0.81728715880018910  0.84430750837235224  0.88140223543745999  1.00000000000000000
   6.6274233423925475E-005  -1.0000000000000000     
 F F F F F F F F F F F F F F F F F F F F F F F F F F F F F F F F F F F F F F F F F F F F F F F F F F F F F F F F F F F F F F F F F F F F F F F F F F F F F F F F F F F F F F F F F F F F F F F F F F F F F F F F F F F F F F F F F F F F F F F F F F F F F F F F F F F F F F F F F F F F F F F F F F F F F F F F F F F F F F F F F F F F F F F F F F F F F F F F F F F F F F F F F F F F F F F F F F F F F F F F F F F F F F F F F F F F F F F F F F F F F F F F F F F F F F F F F F F F F F F F F F F F F F F F F F F F F F F F F F F F F F F F F F F F F F F F F F F F F F F F F F F F F F F F F F F F F F F F F F F F F F F F F F F F F F F F F F F F F F F F F F F F F F F F F F F F F F F F F F F F F F F F F F F F F F F F F F F F F F F F F F F F F F F F F F F F F F F F F F F F F F F F F F F F F F F F F F F F F F F F F F F F F F F F F F F F F F F F F F F F F F F F F F F F F F F F F F F F F F F F F F F F F F F F F F F F F F F F F F F F F F F F F F F F F F F F F F F F F F F F F F F F F F F F F F F F F F F F F F F F F F F F F F F F F F F F
  <DiscreteSampler_grid>
  grouped_processes
  1 # 1 for a reference and 2 for a running grid.
  10 # Attribute 'min_bin_probing_points' of the grid.
  1 # Attribute 'grid_mode' of the grid. 1=='default',2=='initialization'
  0.0000000000000000 # Attribute 'small_contrib_threshold' of the grid.
  0.5000000000000000 # Attribute 'damping_power' of the grid.
 # binID   n_entries weight   weight_sqr   abs_weight
    19   10   7.107809924579235E-001   3.734204184673434E+000   7.107809924579235E-001
    20   10   7.107809924579229E-001   3.734204184673426E+000   7.107809924579229E-001
    22   10   9.326714126105523E-001   6.354395985847869E+000   9.326714126105523E-001
    23   10   9.326714126105516E-001   6.354395985847854E+000   9.326714126105516E-001
    25   10   1.021298988478799E+000   8.434230421188191E+000   1.021298988478799E+000
    26   10   1.021298988478796E+000   8.434230421188143E+000   1.021298988478796E+000
    28   10   1.286857948582884E+000   1.348842225979354E+001   1.286857948582884E+000
    29   10   1.286857948582882E+000   1.348842225979349E+001   1.286857948582882E+000
    34   10   7.107809924579235E-001   3.734204184673434E+000   7.107809924579235E-001
    35   10   7.107809924579227E-001   3.734204184673426E+000   7.107809924579227E-001
    37   10   9.326714126105523E-001   6.354395985847869E+000   9.326714126105523E-001
    38   10   9.326714126105516E-001   6.354395985847860E+000   9.326714126105516E-001
    40   10   1.021298988478799E+000   8.434230421188191E+000   1.021298988478799E+000
    41   10   1.021298988478796E+000   8.434230421188143E+000   1.021298988478796E+000
    43   10   1.286857948582884E+000   1.348842225979354E+001   1.286857948582884E+000
    44   10   1.286857948582882E+000   1.348842225979348E+001   1.286857948582882E+000
  </DiscreteSampler_grid>
