  0.00000144106251746  0.00000148254421028  0.00000153875017253  0.00000160135993506
  0.00000166552853831  0.00000172941694270  0.00000179402215664  0.00000186256311012
  0.00000193640223015  0.00000201078390731  0.00000208757995439  0.00000216890732386
  0.00000225593649371  0.00000234781549389  0.00000244344805864  0.00000254583436786
  0.00000265940487968  0.00000277116905192  0.00000287867338143  0.00000298838575092
  0.00000310084070923  0.00000321363777906  0.00000332614038149  0.00000344270181609
  0.00000357375874825  0.00000371490175149  0.00000385679579721  0.00000400618203667
  0.00000416502421761  0.00000433567632358  0.00000450888105734  0.00000469234636095
  0.00000489283020857  0.00000509791193877  0.00000530163083798  0.00000550564781048
  0.00000573593112736  0.00000596232508920  0.00000619702750571  0.00000644908806606
  0.00000673130845089  0.00000703435886348  0.00000731527152252  0.00000762493515321
  0.00000794471988161  0.00000828798089324  0.00000865851317623  0.00000906931914676
  0.00000950630278321  0.00000993802614249  0.00001038152772430  0.00001083636956142
  0.00001133106989719  0.00001184554960146  0.00001246337532934  0.00001317728733182
  0.00001394370517470  0.00001479313918496  0.00001571988050462  0.00001659338439729
  0.00001751591720067  0.00001846876833843  0.00001942399985540  0.00002049945363747
  0.00002173556173995  0.00002314032284574  0.00002477234807134  0.00002662654084293
  0.00002873061232192  0.00003099235556771  0.00003336165157845  0.00003584287330667
  0.00003859360616764  0.00004184710730340  0.00004562905882406  0.00005014041802701
  0.00005542941013473  0.00006167737375360  0.00006893643133037  0.00007725718508365
  0.00008758918751033  0.00010035175675806  0.00011523514033003  0.00013260676907047
  0.00015325341224182  0.00017994850232023  0.00021518691243378  0.00026511194762699
  0.00033793584087921  0.00044491858093765  0.00060852154308754  0.00089904695602301
  0.00139615646315046  0.00294750779936433  0.10521825817559712  1.00000000000000000
 -0.00340185761414879  0.01462069555742716  0.02756117870758484  0.03843079522413306
  0.04900325897879058  0.05887214346960352  0.06872483520682066  0.07920146756094056
  0.09026856985101588  0.10068013053678845  0.11061237946102097  0.12061436985126003
  0.13126578201437364  0.14155391941770712  0.15172981486820758  0.16181799819248885
  0.17230312438675396  0.18373060033416314  0.19589357990869091  0.20860022479316281
  0.22034551504396502  0.23125575749370850  0.24173507073320621  0.25259406961001218
  0.26418155190402687  0.27593963063968724  0.28763614992599273  0.29935629957059440
  0.31043234283481896  0.32137923068314428  0.33187580224581431  0.34267671544292183
  0.35306401732383358  0.36344294099000057  0.37415438900137299  0.38529534548548372
  0.39657946462495219  0.40721222388895195  0.41736572832479130  0.42701927015029245
  0.43654068208061592  0.44628266414519857  0.45670821231293296  0.46781798436573468
  0.47915757086760036  0.49110106313390206  0.50356459882467430  0.51638269372532242
  0.52844194684017909  0.53944736883463218  0.54981441986040980  0.56018499976073000
  0.57102986253417010  0.58211755867283999  0.59279000699208295  0.60302116871520517
  0.61329725036111082  0.62334877855992932  0.63332588679646207  0.64359688511489299
  0.65418848253451356  0.66497329033250940  0.67538185682871543  0.68558235780841936
  0.69598086353606303  0.70651997693272173  0.71720198802748025  0.72764249838503203
  0.73815795123454597  0.74827937707132941  0.75852011765187688  0.76850264040255245
  0.77874320604281588  0.78950617123037781  0.80031081422460071  0.81095955913155782
  0.82096017800654764  0.83055394457495313  0.84033910170064907  0.85041267149244715
  0.86025762343024126  0.87036624307551647  0.88019613570717192  0.88761734932692782
  0.89510620852800593  0.90266242109698713  0.91158761068689964  0.92234679679200104
  0.93296446992371096  0.94297669197417344  0.95278587822420213  0.96294885834553601
  0.97335831721921484  0.98317917130488197  0.99185654608237295  1.00000000000000000
  0.00000162185955307  0.00000165241100832  0.00000168304000539  0.00000171223917129
  0.00000174027599189  0.00000177064330883  0.00000180250867449  0.00000183885915905
  0.00000188128921323  0.00000191671617787  0.00000194818232244  0.00000198040929804
  0.00000201885721544  0.00000206527064094  0.00000210783931815  0.00000215434789307
  0.00000221721417097  0.00000229811681882  0.00000238610154480  0.00000247854223900
  0.00000256820404950  0.00000265428240706  0.00000273686087729  0.00000282226968188
  0.00000292508688743  0.00000305423128186  0.00000320563197065  0.00000336863204144
  0.00000356025906122  0.00000376688473066  0.00000399079721033  0.00000424873909097
  0.00000449334051944  0.00000472973320795  0.00000498267821820  0.00000524364687870
  0.00000555361356238  0.00000592261301861  0.00000630724088806  0.00000670067712513
  0.00000710049451375  0.00000750845604018  0.00000795660302172  0.00000845566073497
  0.00000901065666148  0.00000962617770586  0.00001028504596709  0.00001101823384415
  0.00001182418761562  0.00001267677235351  0.00001355499411783  0.00001449071947948
  0.00001556364347170  0.00001677509315953  0.00001809746972885  0.00001943606035243
  0.00002080749349052  0.00002230027054946  0.00002397960099055  0.00002581172883089
  0.00002795778684873  0.00003034262732576  0.00003308311376384  0.00003609761092646
  0.00003935122860721  0.00004288674196139  0.00004674180819945  0.00005103998652647
  0.00005573542080169  0.00006108557529044  0.00006688491068403  0.00007364865619033
  0.00008055762192949  0.00008801349402294  0.00009598401017497  0.00010582796999043
  0.00011846563896001  0.00013339624736435  0.00014866788384705  0.00016614952417796
  0.00018565904781564  0.00020870070225395  0.00023545639787943  0.00026797299573616
  0.00031255806687757  0.00036739306373728  0.00042276634299636  0.00048891485094572
  0.00057325607510815  0.00069171747185220  0.00085568710230653  0.00114082141243556
  0.00156429026260265  0.00255645045853379  0.01307230816344729  1.00000000000000000
  0.00000268249223907  0.00000289219012929  0.00000311603966126  0.00000335761126732
  0.00000358115624160  0.00000379277864539  0.00000400279017874  0.00000421496721054
  0.00000448470446479  0.00000475497695794  0.00000500583738711  0.00000524443372431
  0.00000550724989323  0.00000579792144404  0.00000617817496170  0.00000657300449717
  0.00000694603476993  0.00000728265422960  0.00000759877588968  0.00000793016577574
  0.00000829174575292  0.00000869337218773  0.00000916889212027  0.00000971565417015
  0.00001024438561218  0.00001083368746287  0.00001146286367871  0.00001208849346855
  0.00001273566759871  0.00001340311339100  0.00001413326090817  0.00001493495727374
  0.00001577072692067  0.00001663960216475  0.00001758906426405  0.00001865160491001
  0.00001981411260573  0.00002110358320338  0.00002245844139436  0.00002397889888788
  0.00002567141949110  0.00002735783956275  0.00002927689594953  0.00003106872608050
  0.00003311565997253  0.00003522858952078  0.00003751321236027  0.00004011236218320
  0.00004286889425228  0.00004597877671701  0.00004938538983403  0.00005300465551604
  0.00005675726764081  0.00006060600432276  0.00006456718181448  0.00006888003516198
  0.00007336715237231  0.00007845215221193  0.00008332375023904  0.00008816673460977
  0.00009376489110475  0.00009943334823184  0.00010602851941394  0.00011374472698248
  0.00012168223899093  0.00013023093158193  0.00013940688104933  0.00014916144685884
  0.00015930061385041  0.00017022234921892  0.00018269882168258  0.00019724471148988
  0.00021411760651954  0.00023226307285969  0.00025054660605259  0.00027039931308848
  0.00029258642659312  0.00031868148772077  0.00035141051623975  0.00038903525746224
  0.00042935841916138  0.00047737709642243  0.00053864862005957  0.00061243604599603
  0.00069409198883741  0.00079139662360020  0.00091280368453415  0.00104188321486427
  0.00118128601789279  0.00135229635715856  0.00156008104436062  0.00186211310275980
  0.00223444488877670  0.00306800954930958  0.03350872640641668  1.00000000000000000
 -0.00251887343030856  0.01005825619108175  0.02086515882532084  0.03156434943967009
  0.04305636358262964  0.05581171585906460  0.07011907783276577  0.08349371425132526
  0.09553300573308939  0.10652004402346060  0.11796099621417114  0.12944369235242645
  0.14029713233019281  0.15096344659863786  0.16272385471102954  0.17602614915970002
  0.19023853425262538  0.20372798934034486  0.21742987024784111  0.23130670030651376
  0.24487175482109436  0.25837270137935775  0.27175259908451543  0.28529060865055705
  0.29863046006540267  0.31096792246754579  0.32375883308734721  0.33661781363349136
  0.34966183583220406  0.36269093946661962  0.37569175377417457  0.38845910612602091
  0.40185530747591364  0.41596108446197533  0.42982356388402870  0.44329982250269562
  0.45651911234801046  0.46930599964043868  0.48158499697854235  0.49328877010189592
  0.50490721830241136  0.51633567620977971  0.52812015397646606  0.54029586084988257
  0.55301138793820293  0.56534914860336927  0.57740347896663913  0.58947093262853867
  0.60223152490446763  0.61476364059531874  0.62655253502850561  0.63783495646100496
  0.64882394964701673  0.65959843541113050  0.67014734548978183  0.68025566407932658
  0.68973314464608482  0.69898026332293461  0.70877158988002975  0.71917586238800046
  0.72918335845668270  0.73879257632626960  0.74822907125841698  0.75754995292827265
  0.76703058144730030  0.77595730981645328  0.78445759212917576  0.79324025160769429
  0.80209483320942188  0.81071310429933341  0.81907738483463877  0.82760726623169945
  0.83671003513086617  0.84577087286285590  0.85307705187225136  0.86014034801182626
  0.86694982027393930  0.87406062436334775  0.88170604584491041  0.88919625682018866
  0.89657390470740950  0.90437793245205844  0.91288159382974798  0.92029643379387549
  0.92709782269576391  0.93380659775477592  0.94034806657629200  0.94728045054503329
  0.95391286411195619  0.96019528650331654  0.96632431174996158  0.97242094036558335
  0.97903868464493116  0.98614425465811495  0.99316130455303886  1.00000000000000000
 -0.00226450138614674  0.01066556220248974  0.02215233767112861  0.03268753320432310
  0.04306526709091531  0.05316332259462866  0.06336895608955692  0.07355813346259464
  0.08363136024708534  0.09358692479435478  0.10335122858378687  0.11366006745311720
  0.12421792879285244  0.13457812987959941  0.14489648300089300  0.15557102972736486
  0.16692365793907854  0.17926136978201068  0.19101060591531527  0.20294303730508856
  0.21453889388515654  0.22614914461914612  0.23823242029745934  0.25046610861915708
  0.26238136689756830  0.27357037657378058  0.28404943064243177  0.29459046083925527
  0.30407572220651080  0.31373465686759683  0.32336484615300076  0.33422336961550220
  0.34536482065716800  0.35705924597955513  0.36863756408433324  0.38017948113669370
  0.39087215588432711  0.40124304605941363  0.41192251516553524  0.42318231955311597
  0.43490862633692007  0.44614559285567973  0.45721390080205887  0.46723793306132905
  0.47697838448262037  0.48702719688329849  0.49717752030925583  0.50783809549449865
  0.51789394163931390  0.52868015244287825  0.53979480294105509  0.55114963396400174
  0.56181069851691123  0.57249788362126008  0.58371206192258263  0.59516833402697555
  0.60628757383809329  0.61554248732330563  0.62479243878977353  0.63433658747782751
  0.64472090816601868  0.65461303963990591  0.66461140308654154  0.67441224716442094
  0.68461249691831338  0.69547244694726751  0.70650847884019108  0.71810846895479563
  0.72899118041014732  0.73963099109735575  0.75007151027599162  0.76166286242671555
  0.77187714958375886  0.78154870248804686  0.79116731305666665  0.80190043492602447
  0.81277869152330762  0.82321795711713985  0.83289715956713273  0.84286441677807178
  0.85263102928074341  0.86194058166763243  0.87092864963990213  0.88025613191500829
  0.89028304950419268  0.90070953509239848  0.91129047513001404  0.92201721693514027
  0.93259875027353423  0.94300728151159696  0.95360247435113976  0.96428466529540158
  0.97530948049453303  0.98464742404359606  0.99254201585736745  1.00000000000000000
 -0.00176320583669983  0.00699636772222839  0.01520191245349290  0.02378539387163029
  0.03316445930345517  0.04351833374426432  0.05395652529020647  0.06315781376171659
  0.07148841629831122  0.07958424490711206  0.08828865534467194  0.09771265234760416
  0.10722055127514012  0.11642250406225295  0.12578090569707553  0.13586435221510768
  0.14639346404998863  0.15637667638168642  0.16636683082661954  0.17696115387413378
  0.18798329480884329  0.19943018730794593  0.21091559037582908  0.22241496043195030
  0.23340028032120957  0.24469932080254414  0.25671743794001184  0.26786966060729361
  0.27819046599470665  0.28801911467939106  0.29808005470221194  0.30907834345092194
  0.32070875709683055  0.33286543691217269  0.34459033752394863  0.35583121850321353
  0.36677225479608011  0.37797906348369154  0.39031694362655817  0.40292842013236274
  0.41565743628578256  0.42814028144556721  0.44073351901668567  0.45297136737205113
  0.46398286172418268  0.47495933289711606  0.48624704283823683  0.49894277785225544
  0.51219955884244306  0.52412674449251972  0.53559802687187041  0.54661688222526006
  0.55738995107901057  0.56833693664413321  0.57984004363945996  0.59095130674337315
  0.60193223909969307  0.61336546872676445  0.62598004456421907  0.63955255179840931
  0.65217408905901786  0.66324235572987067  0.67409394149849411  0.68538502730660533
  0.69701415617181350  0.70866285472772816  0.72000184930938738  0.73041084333472750
  0.73998443874922826  0.74921368391120380  0.75868565355877493  0.76852751510231210
  0.77901225804909879  0.78950631384781367  0.79999454405171577  0.81027882322637490
  0.82210419436373916  0.83455196247926322  0.84619359310983766  0.85684682007032009
  0.86732474563623851  0.87816449172959055  0.88862191944916646  0.89839975244973158
  0.90824105421099177  0.91844987874923933  0.92753812458868357  0.93564456235227489
  0.94373648071454841  0.95149037864913943  0.95814502489790720  0.96509595588546582
  0.97219712638035893  0.97986665628705527  0.98962910958548533  1.00000000000000000
 -0.00235941917472661  0.01107770648328143  0.02176986649857167  0.03269997197323592
  0.04341011167506020  0.05450783847711033  0.06523741253521911  0.07560128065230388
  0.08582001425797485  0.09597475690693651  0.10608349751607267  0.11509553181937428
  0.12348079672685924  0.13201288978129785  0.14098161055015315  0.15149405195745180
  0.16211233797084307  0.17206800858892099  0.18200455546231156  0.19275108064837243
  0.20426499481449256  0.21555616033589842  0.22637516160883633  0.23673411424388449
  0.24667721574027368  0.25620353733237339  0.26519880982251021  0.27435813572573159
  0.28414061672264918  0.29440842715716153  0.30495997247438883  0.31545183207275529
  0.32600684547104425  0.33645128646473121  0.34703674465877266  0.35746616270271192
  0.36785868287411416  0.37812246445898545  0.38812932207277223  0.39853348815528611
  0.40939238863365879  0.42075218100827949  0.43233178318396259  0.44324932883910984
  0.45363708084786131  0.46371969353803244  0.47413527529875271  0.48533347313287201
  0.49703748719470570  0.50873195130176874  0.52025157654734888  0.53166860245857817
  0.54259395583622949  0.55312890389743463  0.56363669860176946  0.57476698552485139
  0.58681100631399297  0.59914400853524918  0.61107044829633961  0.62298838730928130
  0.63526960875964089  0.64760221359914327  0.65890854851916647  0.66970329902656034
  0.67921721220057685  0.68843502420832181  0.69750099203411786  0.70707599856313064
  0.71766103728584107  0.72855934331253858  0.73978019391939154  0.75043262151004009
  0.76043996437470751  0.77048667528677539  0.78181048233242512  0.79290142844287115
  0.80396380884926977  0.81500746306904281  0.82644402891965119  0.83775743893423837
  0.84830487834983426  0.85826487601763135  0.86826457189631689  0.87888982686506212
  0.88966089474440724  0.89880299259620233  0.90737717368864346  0.91559850449072122
  0.92476526300703066  0.93479919058120287  0.94575226582861804  0.95691733443530780
  0.96789612601591490  0.97863953305506179  0.98942236672351513  1.00000000000000000
 -0.00258551192210378  0.01065772272174952  0.02240418183329507  0.03424621975721352
  0.04506680124136438  0.05526513455570534  0.06489488837989808  0.07450975823483821
  0.08362127557741357  0.09299334984478651  0.10279106485090897  0.11304297217574941
  0.12380800014284545  0.13473376931837788  0.14554832991736949  0.15623776986552143
  0.16715077604595469  0.17893261136852415  0.18996506301655305  0.20030104357473930
  0.21011504141788159  0.22064316748009086  0.23105216006536106  0.24136832425273269
  0.25154276555478705  0.26183229515481093  0.27276758929397893  0.28378397398440786
  0.29485240825708497  0.30521965741035112  0.31540787851231239  0.32502884632204820
  0.33474417450929084  0.34494525271764709  0.35508070290247862  0.36494553450595396
  0.37443760634981788  0.38425139480190357  0.39466930746071610  0.40563726934651367
  0.41721370710394201  0.42833807062418883  0.43818994978622933  0.44754479948378251
  0.45701353941697831  0.46695632391987185  0.47720434857139254  0.48746060188032625
  0.49736812073108866  0.50719682611685857  0.51775048820332092  0.52925654485011753
  0.54229099390054103  0.55425845157140918  0.56425408755062934  0.57340474181883805
  0.58275661571443871  0.59287988495319388  0.60323792583527081  0.61193295734595277
  0.62069624963903691  0.62979696416802733  0.63910398461165718  0.65103967753836700
  0.66267994508127714  0.67426807176447368  0.68552586622488121  0.69601933849983744
  0.70600346282970072  0.71633615928027028  0.72702424267374799  0.73771688438007099
  0.74811938314025261  0.75815187155594554  0.76832481940437158  0.77806308984706052
  0.78745466773048722  0.79690013689554562  0.80670075064609059  0.81709788944421613
  0.82859447106218209  0.84174375716796002  0.85601472833280801  0.86846093404819613
  0.87984537987279654  0.89087643953124829  0.90171147305019606  0.91256308496625860
  0.92378314674511242  0.93508255222336134  0.94611144986657159  0.95681553473667302
  0.96787278695223178  0.97920997849510416  0.98985658370746721  1.00000000000000000
 -0.00002869396344329  0.00017857212820204  0.00029793792307139  0.00041039495901901
  0.00051880624894692  0.00056892854622175  0.00061999089423563  0.00067408695249268
  0.00072839936256318  0.00078289212352117  0.00083746273700659  0.00089239373587537
  0.00094880628402246  0.00101011165125890  0.00107512861841786  0.00114168919024133
  0.00120794547017121  0.00127340900155839  0.00133906660112796  0.00140483035206877
  0.00147154348909516  0.00153920490395540  0.00160869470418391  0.00167644334325240
  0.00174382903020550  0.00181501614944766  0.00188492202325037  0.00195354612827063
  0.00202594583007885  0.00209855540694446  0.00216983425616969  0.00224298463957920
  0.00231859596110136  0.00239778818095167  0.00248075310871141  0.00257495270674370
  0.00266832984265759  0.00276162186940528  0.00286177914703470  0.00296753242773083
  0.00307941954058606  0.00320963714957090  0.00333596690918787  0.00346138333562265
  0.00358879495423422  0.00372021193670285  0.00385473926449881  0.00399146344470621
  0.00412907741470914  0.00426965351410577  0.00441891250044939  0.00458801650483389
  0.00476094022741299  0.00492722104095870  0.00510222121513328  0.00529151158854307
  0.00547678498551020  0.00564684975867321  0.00579965424828555  0.00596613269562652
  0.00614680950380346  0.00634345478695086  0.00654958930962274  0.00673453843909853
  0.00690381954061074  0.00704305531175739  0.00718178687165185  0.00732206313978171
  0.00747406112299122  0.00766483228564008  0.00797222112863520  0.00834576938894013
  0.00853814668880790  0.00873159322835342  0.00892076052987233  0.00910882419727541
  0.00934461889020274  0.00959051073942458  0.00980607387947111  0.00998810992727775
  0.01017170845505954  0.01035597717831133  0.01067073895162479  0.01105980133080673
  0.01156836799809928  0.01200075942997622  0.01241163092976698  0.01366387823769171
  0.01448316587497388  0.01497596189613119  0.01544736021272874  0.01637071863234425
  0.02049649718043006  0.02273968057125800  0.17776294451536201  1.00000000000000000
 -0.00208623998744719  0.00908883609771139  0.01851981508764859  0.02788233249949706
  0.03748586141456337  0.04693178820961331  0.05561277235534852  0.06432437324050061
  0.07339209830112234  0.08383501357070179  0.09504358033982613  0.10617338258360517
  0.11688621837177433  0.12702390219841861  0.13691411402556733  0.14701571841801206
  0.15775342814659202  0.16868497955822964  0.17881795402797004  0.18819999735168827
  0.19690675106823211  0.20562964580443335  0.21450155994296427  0.22362210546348948
  0.23317661565334544  0.24373029512122060  0.25483944314718271  0.26593931582008712
  0.27642137642039311  0.28653427773329837  0.29692271860433428  0.30808220099769135
  0.31929470599189441  0.33014318096475620  0.34128846239735244  0.35246198593490397
  0.36377356143548961  0.37534782207763551  0.38778856690903207  0.40004005181220392
  0.41183901742281726  0.42443921109428701  0.43763334944430993  0.45059421371313380
  0.46314187547172891  0.47500097819966886  0.48708360156381869  0.49817365795025670
  0.50878292369797595  0.51933941779214288  0.53035680733022827  0.54249526595382025
  0.55514844723473034  0.56673123337363562  0.57755405528991333  0.58874831834631614
  0.60159485005854252  0.61474374970996903  0.62703349358393956  0.63867953627522556
  0.65047771110961872  0.66240852618680901  0.67369026843307855  0.68454543189868378
  0.69566281162988441  0.70690062603837389  0.71807224849503593  0.72866532161901587
  0.73927466810261522  0.74996654270220142  0.76024948783962631  0.77099168633640980
  0.78173561152083160  0.79248447173253922  0.80294145797841421  0.81282188417052670
  0.82235362502047671  0.83151463047228569  0.84078159724789137  0.85005391366037386
  0.85982673278780097  0.87030285703406685  0.88133345335545710  0.89225896626466139
  0.90171832085068493  0.90992672253481088  0.91802010383403088  0.92595140610298554
  0.93465307693580857  0.94418780972156935  0.95355681176129059  0.96301019495821949
  0.97230943484107757  0.98155763712175159  0.99069876440316029  1.00000000000000000
  0.41735805575913476  0.71444405430563007  0.72969609742903341  0.74150329000008552
  0.74827339673484972  0.75317291507360029  0.75735652039099466  0.76134220615904313
  0.76565407265977325  0.77364409575710935  0.77829844213423360  0.78157295010015648
  0.78454895081274034  0.78772752938078860  0.79099678807723262  0.79413995604065502
  0.79749940815944353  0.80073714387667616  0.80371786127304390  0.80657370011303153
  0.80943672943245737  0.81263859155311446  0.81568554853912278  0.81875878193438567
  0.82173552946178963  0.82452400991148611  0.82718600536308451  0.82990762284553943
  0.83271358991643418  0.83561525167494044  0.83861132665208860  0.84146985095945259
  0.84419034092358713  0.84680054197599797  0.84931143499657780  0.85185823052329368
  0.85448899453646276  0.85708742582842945  0.85968631755443270  0.86218521842684714
  0.86468716114913413  0.86719447624454316  0.86972365622909753  0.87228968177826782
  0.87483803787279180  0.87744373528293906  0.88007127981168254  0.88273327959783643
  0.88528822023680687  0.88776477816855670  0.89020204403912107  0.89258108637727696
  0.89499701142671251  0.89741027851600108  0.89983266241385851  0.90233291932229898
  0.90486582144378136  0.90744169683492371  0.90989212209939641  0.91226953928892951
  0.91464127699325071  0.91709929983842764  0.91965870154038110  0.92215611904087913
  0.92464433550648295  0.92710804452422912  0.92958236831350738  0.93201150627259144
  0.93423305532902468  0.93635204128211202  0.93837467251265538  0.94037499298236737
  0.94235793012285329  0.94431968391882615  0.94640926950931759  0.94850328154546582
  0.95052028068519945  0.95257829218278423  0.95472915537892922  0.95684187630646655
  0.95902473840540425  0.96140905851375014  0.96374939090547573  0.96600709887744074
  0.96824266116428437  0.97053874871878409  0.97291228935263085  0.97538250287346828
  0.97787491120400793  0.98048253534348750  0.98320666907622545  0.98599336628716838
  0.98881825842857685  0.99182870311115368  0.99533907618071438  1.00000000000000000
  0.00444569771081785  0.12465060520668382  0.14420937372497897  0.15883805711655374
  0.17002706681540339  0.18134184968300132  0.19240916370392153  0.20304576404719363
  0.21352559452329675  0.22414544133719677  0.23473057478510348  0.24435755517817556
  0.25271541257946317  0.26031874177001713  0.26791969844889341  0.27613289877173020
  0.28462994938427916  0.29212996378051814  0.29924910866167242  0.30638674074154426
  0.31312798985659324  0.31964453120936137  0.32603320041895034  0.33232901499939616
  0.33927110195320420  0.34653495152106545  0.35343672618647953  0.35985984800931481
  0.36623689054620889  0.37267749319726395  0.37921335483172419  0.38585094842722995
  0.39223760449101081  0.39857635104812961  0.40448859855916175  0.41030929468395333
  0.41616509758980075  0.42212375304015398  0.42795353694605887  0.43364985350848240
  0.43905565598738550  0.44423982573351667  0.44948556289423569  0.45480081294010455
  0.46014673222912506  0.46558661844308225  0.47100651123429188  0.47620958436429195
  0.48139149904898743  0.48673824621134471  0.49228926458029676  0.49779396924342351
  0.50326624572304990  0.50892382437358741  0.51478457329983773  0.52093111621732535
  0.52736878945266474  0.53384214153459664  0.54016324691804840  0.54637530861876493
  0.55276681902480918  0.55897966846798341  0.56554044836720019  0.57192740299054479
  0.57807196504337521  0.58408684414338186  0.58978229477864696  0.59610122616375394
  0.60273506638732188  0.60953227584464054  0.61642011890032244  0.62331805714106858
  0.63028485564956149  0.63730121451734445  0.64421827813934129  0.65102538149881983
  0.65761275088511373  0.66355718390416696  0.67014486249285066  0.67721349345439674
  0.68523420661202894  0.69355807651788748  0.70202867817393022  0.71122431405885600
  0.72051438421072234  0.72987680268161548  0.74024124948439618  0.75166989082600943
  0.76370547112920650  0.77660390978034177  0.79078094143924393  0.80680532457810383
  0.82603997283085295  0.84936530390138099  0.88420512184321476  1.00000000000000000
   3.7207414153019189E-005  -1.0000000000000000     
 F F F F F F F F F F F F F F F F F F F F F F F F F F F F F F F F F F F F F F F F F F F F F F F F F F F F F F F F F F F F F F F F F F F F F F F F F F F F F F F F F F F F F F F F F F F F F F F F F F F F F F F F F F F F F F F F F F F F F F F F F F F F F F F F F F F F F F F F F F F F F F F F F F F F F F F F F F F F F F F F F F F F F F F F F F F F F F F F F F F F F F F F F F F F F F F F F F F F F F F F F F F F F F F F F F F F F F F F F F F F F F F F F F F F F F F F F F F F F F F F F F F F F F F F F F F F F F F F
  <DiscreteSampler_grid>
  grouped_processes
  1 # 1 for a reference and 2 for a running grid.
  10 # Attribute 'min_bin_probing_points' of the grid.
  1 # Attribute 'grid_mode' of the grid. 1=='default',2=='initialization'
  0.0000000000000000 # Attribute 'small_contrib_threshold' of the grid.
  0.5000000000000000 # Attribute 'damping_power' of the grid.
 # binID   n_entries weight   weight_sqr   abs_weight
    13   10   4.832915694407536E-001   1.231774357273151E+000   4.832915694407536E-001
    16   10   6.214784409286574E-001   2.029297016334506E+000   6.214784409286574E-001
    22   10   3.939739363260759E-001   6.028554293430871E-001   3.939739363260759E-001
    25   10   5.008434852145613E-001   9.754919831925613E-001   5.008434852145613E-001
  </DiscreteSampler_grid>
