 -0.00348695393939282  0.01604626914635233  0.03109325412736969  0.04453033159590958
  0.05668249198710591  0.06894413159042995  0.08132979389241168  0.09324307039697496
  0.10456505568825479  0.11544163691258968  0.12606179070893903  0.13620652319832852
  0.14600531539007591  0.15588618074589955  0.16610122278415246  0.17620078386095933
  0.18665722159916578  0.19752409598397092  0.20785610750142000  0.21769025719630522
  0.22770842401554939  0.23891788764111979  0.25044923432587568  0.26067630429354360
  0.27057327914134560  0.28104505594943352  0.29308850971402289  0.30452432761617065
  0.31284748452256439  0.32089197180547141  0.32877322535787623  0.33730642192454180
  0.34778134199446076  0.35854369007358261  0.36924233312424293  0.38060454312461828
  0.39291629581483595  0.40499086358662956  0.41682442321442664  0.42827558575183594
  0.43930031804151459  0.45021353263088859  0.46081077564469491  0.47136059016965137
  0.48174119228506490  0.49239670597533891  0.50305449583409367  0.51416179715433807
  0.52381305651164223  0.53290958381086317  0.54161949993329805  0.55077322632256143
  0.56037849129000883  0.57087072649594484  0.58214823569841634  0.59372631958593503
  0.60516925326223947  0.61651310583395080  0.62806496018888891  0.64010639176179829
  0.65235928689688361  0.66440373034876432  0.67588375555308056  0.68706285259083333
  0.69756145767731392  0.70740947142566291  0.71735854724695969  0.72805331596237244
  0.73877445869899072  0.74871086863596259  0.75812834522598460  0.76740368540279058
  0.77690127932278252  0.78671024302205361  0.79704407645437658  0.80740557149091829
  0.81754578825472290  0.82802220424688000  0.83860520824629858  0.84921420028396488
  0.85860655533948249  0.86769248385382525  0.87696495237514793  0.88673851203441345
  0.89739229757236572  0.90788846372536991  0.91808022908672204  0.92843670760796382
  0.93954188691132623  0.95106024847597415  0.96191151029796873  0.97164687863502008
  0.98031384104068908  0.98770085030990351  0.99405565232984405  1.00000000000000000
  0.00000155685014997  0.00000160203122388  0.00000163460349296  0.00000165935597368
  0.00000168085838999  0.00000170278501767  0.00000172323253821  0.00000174355359924
  0.00000176404881492  0.00000178403305066  0.00000181339617606  0.00000184368038926
  0.00000188829747747  0.00000197316202558  0.00000204778982406  0.00000212394843586
  0.00000220860729133  0.00000230166351855  0.00000239021066430  0.00000248816463166
  0.00000259308324304  0.00000270496123174  0.00000282562434387  0.00000295776918931
  0.00000310641236277  0.00000327017427588  0.00000344059780912  0.00000362209725088
  0.00000381431209843  0.00000401782310574  0.00000426369712803  0.00000453812373143
  0.00000482709512160  0.00000512037534455  0.00000542142487862  0.00000575009560839
  0.00000610153834238  0.00000645774011877  0.00000683435684426  0.00000722534295712
  0.00000764058628370  0.00000813724810616  0.00000866951759512  0.00000928435095229
  0.00000995262978509  0.00001064904225975  0.00001138789371401  0.00001214091945036
  0.00001304677801111  0.00001400771721612  0.00001511428915850  0.00001623325025587
  0.00001738189001914  0.00001862069750825  0.00001995409371610  0.00002142797338870
  0.00002295756854773  0.00002462411010058  0.00002645079256690  0.00002857842054298
  0.00003087935168517  0.00003338036236287  0.00003609127312215  0.00003900359537104
  0.00004211598315004  0.00004531585801839  0.00004887280319569  0.00005280177199463
  0.00005702965921627  0.00006158181125999  0.00006640808119800  0.00007242553154378
  0.00007927533032952  0.00008733835167729  0.00009584520582259  0.00010609287203949
  0.00011787204045593  0.00013198170415105  0.00014833190067710  0.00016732978733920
  0.00018888072340976  0.00021358818391249  0.00024258948087898  0.00027702822401029
  0.00031894699484940  0.00036465111478601  0.00041503706456974  0.00046999833587867
  0.00054214457583790  0.00065438251263219  0.00085231734790872  0.00115632398197884
  0.00166249345463756  0.00300559588081149  0.00993773289962613  1.00000000000000000
  0.00000165364132190  0.00000182170490052  0.00000191692098986  0.00000196423532838
  0.00000201700858064  0.00000204073389357  0.00000206521866006  0.00000208939606589
  0.00000211473932902  0.00000214219846826  0.00000216967161218  0.00000219865120725
  0.00000222865724375  0.00000225938762456  0.00000228906663191  0.00000233937132964
  0.00000241490426966  0.00000249187570344  0.00000256758119061  0.00000264154902403
  0.00000272327130364  0.00000280430999725  0.00000289370116320  0.00000299785681698
  0.00000310392385674  0.00000320978743616  0.00000331913136749  0.00000343882163709
  0.00000359093429705  0.00000375050099355  0.00000390678227906  0.00000406803375103
  0.00000424368858449  0.00000443044393458  0.00000462901856714  0.00000484702983503
  0.00000508201596154  0.00000529884734637  0.00000553415482670  0.00000577630204304
  0.00000602635780305  0.00000628842419805  0.00000656125914254  0.00000685684181406
  0.00000716626592340  0.00000751325882689  0.00000791029003677  0.00000833078522494
  0.00000876811611904  0.00000923310685847  0.00000971664457761  0.00001023317831649
  0.00001079304439814  0.00001140423824473  0.00001207211191346  0.00001279359646813
  0.00001356064068116  0.00001438105734417  0.00001525370493549  0.00001618618188436
  0.00001723020101104  0.00001838896000801  0.00001969585995982  0.00002110259326618
  0.00002261394645163  0.00002430247424773  0.00002617198259062  0.00002836475269929
  0.00003080964590407  0.00003361661113383  0.00003674355908108  0.00004013951196688
  0.00004386125746842  0.00004827070762720  0.00005366670684793  0.00005993242337080
  0.00006723734841929  0.00007567235600891  0.00008494376498591  0.00009509145479477
  0.00010631985290003  0.00012088327949347  0.00013975681383503  0.00016205940158801
  0.00018900620386595  0.00022446804494250  0.00027125994823539  0.00033137166655120
  0.00041136048489879  0.00052200359624973  0.00066373400153279  0.00088072938901718
  0.00138519033489940  0.00259092239901858  0.00788036413728043  1.00000000000000000
  0.00000241804801955  0.00000278450784605  0.00000302340852301  0.00000327717461000
  0.00000354741802802  0.00000382605718620  0.00000406043617183  0.00000429078102102
  0.00000453899417865  0.00000483391874750  0.00000516784542938  0.00000549351085539
  0.00000581141028080  0.00000610666795011  0.00000639909122641  0.00000670933611676
  0.00000703366960346  0.00000737059046170  0.00000773163044870  0.00000811948853834
  0.00000850909349464  0.00000891067769701  0.00000932246340120  0.00000974459892955
  0.00001013405963687  0.00001054653439440  0.00001098046100021  0.00001144572268037
  0.00001194916856552  0.00001249816470840  0.00001309793565739  0.00001371860343788
  0.00001438798239140  0.00001515209953385  0.00001590953369368  0.00001672292395068
  0.00001758443296372  0.00001844088834382  0.00001937080983193  0.00002040835086230
  0.00002151443311673  0.00002268890163681  0.00002392705477860  0.00002522004424935
  0.00002644940052976  0.00002787806955660  0.00002940391914231  0.00003092042896550
  0.00003239203656073  0.00003384121761483  0.00003535257659260  0.00003698756230884
  0.00003886829990063  0.00004109325210413  0.00004370783619943  0.00004667748104056
  0.00004992643214735  0.00005350571633054  0.00005722982610448  0.00006140792819658
  0.00006592041662799  0.00007117287711277  0.00007654821298105  0.00008216611143891
  0.00008798459279563  0.00009417169967631  0.00010130948654109  0.00010984808491198
  0.00011896823518435  0.00012843284828493  0.00013857137376182  0.00014998779712642
  0.00016353665939296  0.00017844264905305  0.00019514080670087  0.00021425279571000
  0.00023494532415444  0.00025718366853722  0.00028217362419698  0.00031301070911790
  0.00035335367231026  0.00039504117503695  0.00044260475639459  0.00049969770451296
  0.00056780857250323  0.00063891751077625  0.00071271557519687  0.00079652920544475
  0.00090109298482038  0.00101744693504969  0.00118720674944876  0.00144719459548471
  0.00189422188297202  0.00256301982566624  0.01140513423123082  1.00000000000000000
 -0.00217173156097471  0.00961356931761167  0.01973719990804500  0.03049542038382924
  0.04137903170361608  0.05208256712024111  0.06347042594020752  0.07566189022818767
  0.08753520183121713  0.09839072229845723  0.10867825171075859  0.11865279217691425
  0.12841713233983115  0.13813990569461476  0.14776132060237229  0.15739342966673253
  0.16758841384112316  0.17845612989456483  0.18978789459983603  0.20047854711349630
  0.21083376013183650  0.22158569751971063  0.23323917604161554  0.24465306227470113
  0.25633472114180367  0.26777957665212831  0.27971148696107428  0.29149926575916024
  0.30308421243561801  0.31468916583759221  0.32534787732446802  0.33622087739520484
  0.34718225830621452  0.35841055150953471  0.36944120573070161  0.37932774217037957
  0.38856414147873342  0.39789936888842214  0.40802133081416186  0.41956498584715485
  0.43110786628911424  0.44174439783136443  0.45226391614406336  0.46313382353574822
  0.47503021187126770  0.48709177624630412  0.49642610676820370  0.50427471420353143
  0.51240080744725980  0.52024017994507532  0.53125639350037213  0.54305830055332049
  0.55531003562101888  0.56684976837342094  0.57759803091822393  0.58821444210677487
  0.59885800802873834  0.60998446797602046  0.62101229111072653  0.63214250135596417
  0.64304681716002454  0.65390703615073875  0.66494223486156878  0.67542852662280606
  0.68530733482559414  0.69575208147394574  0.70721663481741981  0.71833919843450922
  0.72936814522501670  0.74102747523025525  0.75305859751599769  0.76437869462773422
  0.77518173164090187  0.78581867801064609  0.79619919529011984  0.80667004465979386
  0.81727159001115801  0.82774176540653555  0.83797505771851499  0.84831982546631890
  0.85807132146315834  0.86747781283000847  0.87677198488702601  0.88605465008671225
  0.89593403221319834  0.90575942591728476  0.91531334622958449  0.92481893489766698
  0.93444959368087788  0.94401995104618774  0.95330936095140861  0.96248148043565473
  0.97133381885094305  0.98077343485671098  0.99006461978811977  1.00000000000000000
 -0.00232307696879277  0.01049261677535013  0.02128039484282907  0.03265229516368753
  0.04337778094046625  0.05353550911037279  0.06378511224011515  0.07514071472547054
  0.08661858029229044  0.09726688372823275  0.10780858776985669  0.11928929352535247
  0.13118451496346276  0.14271598186267065  0.15493731536550825  0.16697684223448225
  0.17813142073323990  0.18853450229858693  0.19912727128529781  0.20994208981395093
  0.22077567122175862  0.23085131123439956  0.24128126387370874  0.25160340551150584
  0.26178618644272866  0.27216656751403467  0.28263972104746904  0.29316741644207733
  0.30412942223295142  0.31460822058999183  0.32544662746783515  0.33671890692267947
  0.34902895857625654  0.36024643090361591  0.37126772027346894  0.38139766517511553
  0.39168151998640849  0.40245535334009280  0.41262858891455767  0.42325144195393943
  0.43363434628636649  0.44519615446459238  0.45657908770037936  0.46756447100563592
  0.47776683192544367  0.48784770095123470  0.49862824027883113  0.51000995087277901
  0.51975358179586406  0.52723631240463964  0.53496381574386542  0.54262911139922509
  0.55157824012809831  0.56301726112206374  0.57363168113518281  0.58372705993262575
  0.59403558135952850  0.60433233337667647  0.61508733532989524  0.62586499563058773
  0.63716955405218667  0.64798265609239181  0.65763991749162110  0.66690587075129915
  0.67597080303924595  0.68591729300192861  0.69649357173763893  0.70743138939343297
  0.71779326154311218  0.72737404081622570  0.73723566652221550  0.74719915278264026
  0.75781447375769928  0.76848831369828896  0.77902423273864729  0.78958435587835696
  0.80046605981141683  0.81159678594827589  0.82233903402672970  0.83295213160090764
  0.84347256344772470  0.85416953196175160  0.86483537440480607  0.87433730133192478
  0.88389885337181051  0.89338101679900628  0.90358597679767338  0.91495112720506278
  0.92648414112267052  0.93766013537326520  0.94830743847854759  0.95909165899637305
  0.96987264247336280  0.98034192900216655  0.99038961076181065  1.00000000000000000
 -0.00219652526858594  0.00962888028746323  0.01983833741428197  0.03192395632595176
  0.04215729253145760  0.05263214805197220  0.06283282126746172  0.07344066047829129
  0.08107382167505442  0.08752054726950478  0.09378789872738731  0.09988788608725138
  0.10696502865096855  0.11686802873462958  0.12679097407959949  0.13748294728942184
  0.14884809530423021  0.16069218791343887  0.17234614354458527  0.18346466623103219
  0.19400420048738826  0.20354334745135880  0.21324468186145748  0.22391503896446888
  0.23576916079415952  0.24681747488914077  0.25768137402737762  0.26845093032961764
  0.27973755588399790  0.29104753176879100  0.30224072440364286  0.31343287321348107
  0.32505259516012464  0.33647026356994225  0.34825803403016492  0.36016070688409851
  0.37197145351244254  0.38322123178477208  0.39442163436538336  0.40510170392707695
  0.41606242484250977  0.42713548438139809  0.43817302004699221  0.44890159988294320
  0.45950916849911716  0.47021441346922488  0.48085752650611502  0.49126510773653176
  0.50185290947303418  0.51261463819399600  0.52348742452847008  0.53432359826482101
  0.54468541912795010  0.55484778387520495  0.56466434543051058  0.57397546559826274
  0.58300058695328683  0.59177215821427565  0.60067503001686451  0.61037096541376090
  0.62009223289061044  0.63084730537133438  0.64197303832254105  0.65302342071175745
  0.66365215231899477  0.67360677738651253  0.68337688467474589  0.69310539428150764
  0.70326697811132322  0.71359758620285940  0.72361383719245698  0.73380735506697892
  0.74452977541652421  0.75529854767797744  0.76555860955325283  0.77528618088275614
  0.78583024989109762  0.79696176672160934  0.80877721593772067  0.81999859768539329
  0.83074883740756789  0.84170786874864678  0.85322177437445279  0.86543994259867785
  0.87807920718826726  0.89133504636612437  0.90431491743485970  0.91625279417785443
  0.92734176434840387  0.93798199638515833  0.94834848547639583  0.95826103016999831
  0.96826642262305973  0.97865993110467042  0.98941345083137833  1.00000000000000000
 -0.00001254275009777  0.00003693815884895  0.00008641906779567  0.00016268502822843
  0.00029534407589713  0.00042800312356583  0.00051987710138987  0.00060481662168403
  0.00067900010296792  0.00074860975046661  0.00081947543165061  0.00089060854613170
  0.00095997832084597  0.00103034377980230  0.00110955599584207  0.00119078682213406
  0.00127822448421191  0.00136910463297497  0.00146403800471220  0.00156040297410634
  0.00165822753256832  0.00176217818722319  0.00186639960752917  0.00197091764459803
  0.00207803036653188  0.00218757980367124  0.00230838422010852  0.00242672059259574
  0.00254181987220548  0.00266707756687450  0.00279801127892879  0.00294397793418093
  0.00309270246740314  0.00324490804541751  0.00340227816833045  0.00356101786625499
  0.00371714212132032  0.00389890090967652  0.00408125367757678  0.00424611852289440
  0.00442152732779549  0.00459778335057988  0.00476847685383908  0.00492013424736170
  0.00506074853182032  0.00520401795262490  0.00535191516080954  0.00550127792720875
  0.00565808679233756  0.00581700097621726  0.00605029179437741  0.00628928325512953
  0.00645818195542293  0.00657673769155904  0.00669786159311368  0.00681922903618192
  0.00693627205468378  0.00706600041438240  0.00717878798445371  0.00729279110962180
  0.00739162437950378  0.00749680870182642  0.00761123977690122  0.00775849318102802
  0.00792959836152984  0.00812049841291575  0.00839306890226028  0.00863733095737446
  0.00887159671853455  0.00907517246589516  0.00939303405882492  0.00972599224080055
  0.01018441971175256  0.01054383042072108  0.01090405958725620  0.01127051147367176
  0.01170789658932496  0.01214530040073787  0.01253884092490798  0.01295251983994898
  0.01352367751081127  0.01461776117567568  0.01519450808117831  0.01582366553689346
  0.01698660831297329  0.01825775918901554  0.01895238395083869  0.01967335626227581
  0.02088931539006653  0.02434762075015846  0.02641598036834746  0.02821469584888111
  0.03127471633260334  0.03332861219410253  0.04002350958940266  1.00000000000000000
 -0.00239432876687267  0.01020732454529493  0.02157563374133997  0.02956450530457566
  0.03736420260240008  0.04495173365361089  0.05295597253385841  0.06266829818962300
  0.07333994720251319  0.08359661131279394  0.09395608207209659  0.10481251242352720
  0.11618352471643044  0.12840622039770810  0.14104835888585507  0.15372066375442009
  0.16567699721112272  0.17656880887830212  0.18706350200302876  0.19792592596051470
  0.20932504530263790  0.22031862784167258  0.23059505100757371  0.24070669041128173
  0.25142790095200862  0.26230231240390617  0.27313470522407313  0.28408733336609349
  0.29558720899965113  0.30731008569266055  0.31873657518505044  0.33023816639557291
  0.34211966746411582  0.35385092319091033  0.36463422734424583  0.37439571221931212
  0.38422107412958578  0.39425666925610925  0.40445752120715056  0.41486095115164467
  0.42570433025927112  0.43694460894634185  0.44769791418780858  0.45769913750199920
  0.46721118399189177  0.47662428971599530  0.48636490210094246  0.49626285081588734
  0.50666990483028451  0.51580361700180255  0.52542722438989042  0.53515202126832984
  0.54550065478274012  0.55597851336820692  0.56654039467819417  0.57756963121944926
  0.58875073083001683  0.59998647912300174  0.61123588661673089  0.62266147927182536
  0.63388590988782600  0.64346220255173803  0.65170367592544676  0.65994777487853729
  0.66855710031584403  0.67870523080538403  0.68951182989405013  0.70029852474528409
  0.71165900321038933  0.72354241601966085  0.73531395802974353  0.74646879102208408
  0.75703028937411243  0.76739456995323552  0.77808934450369449  0.78905838221471281
  0.80034844133534910  0.81157098273530981  0.82309571450062413  0.83434194686902519
  0.84483140049656924  0.85493668262006695  0.86509412401124808  0.87564453182511459
  0.88630474351526001  0.89653612006189876  0.90660620627876309  0.91709228003186016
  0.92702255250521304  0.93834225187254861  0.94933655807620787  0.95970889351748423
  0.96965759620636449  0.97921968889588196  0.98989175600894952  1.00000000000000000
 -0.00000800103382170  0.00001048727262151  0.00002897557906472  0.00007316608945405
  0.00014621292356857  0.00021925975768310  0.00028941608028318  0.00035928920660394
  0.00042825982688969  0.00049427854826768  0.00056029726964566  0.00060193555652399
  0.00064272381838540  0.00068520151302002  0.00072789554089911  0.00077262285867215
  0.00081753902235907  0.00086293657223828  0.00090928377934174  0.00095656854290365
  0.00100009411789365  0.00104265411709090  0.00110101206804969  0.00116115465747338
  0.00122502369973049  0.00128961572008222  0.00135500836839959  0.00142078229036707
  0.00148745343798530  0.00155484073781849  0.00162621350675820  0.00170180788631416
  0.00177941018180264  0.00185891188429749  0.00194102166164825  0.00202468490787980
  0.00211204526630403  0.00220040521648217  0.00229207780772208  0.00238155430176487
  0.00246528975591746  0.00254881432590489  0.00263186993823517  0.00271983584079722
  0.00281858142970267  0.00293342088068027  0.00305307381142909  0.00312152168092269
  0.00318996955041628  0.00326089243855478  0.00333371546077701  0.00340653848299924
  0.00347949363196597  0.00355245393616533  0.00365378079068034  0.00380532271694125
  0.00396561530141978  0.00412989184806582  0.00432477135062118  0.00454426673201101
  0.00475268104957412  0.00494196099811892  0.00513851784535743  0.00533913782821480
  0.00555528380440360  0.00576405614149475  0.00591761680115028  0.00608254736484429
  0.00625222345480168  0.00641970393111889  0.00662503474874909  0.00763804719128664
  0.00780620096409497  0.00796154698339884  0.00809711681637864  0.00825871053147730
  0.00832073984021391  0.00838276914895052  0.00844528908534810  0.00850788360736155
  0.00857761788509778  0.00865081897446567  0.00877966598827455  0.00896990602446610
  0.00916605163246304  0.00937946552190023  0.00961910370936599  0.00986485561820913
  0.01006932991389514  0.01052817444442863  0.01085086076472213  0.01105630998952737
  0.01167900594121392  0.02018672346190105  0.02542839255758392  1.00000000000000000
 -0.00246974912389453  0.00934918610114600  0.01921072406075932  0.02970341503981284
  0.04077031156506400  0.05179782810306265  0.06277112387700193  0.07363066131118817
  0.08474914802413189  0.09576878100576355  0.10684664332329376  0.11836328659161179
  0.12997204127844159  0.14204730739143528  0.15372155494370088  0.16526007767807202
  0.17626135422840070  0.18728830300314267  0.19870594630137967  0.21038597284657867
  0.22219155128615312  0.23389305048261408  0.24501971670518885  0.25544791031960362
  0.26537229211749791  0.27532825053721033  0.28562279320919692  0.29627525816539041
  0.30745819443665212  0.31867713637844380  0.33007449300798447  0.34118187305072761
  0.35210011334017915  0.36313103625179127  0.37439835761363749  0.38515736697259062
  0.39597534074018115  0.40658731517667507  0.41735874861083766  0.42787021219400895
  0.43691439590999481  0.44561809993067192  0.45453315831460761  0.46388505835006116
  0.47550268575712118  0.48732811723524994  0.49902963367596198  0.50975561485517584
  0.51973568410293935  0.52991106817534472  0.54059580680065711  0.55140342599266345
  0.55948248886381524  0.56594428104084638  0.57250611330970791  0.57906574964282465
  0.58599443782042904  0.59637494539970959  0.60740909212314775  0.61830746905280909
  0.62935617899602603  0.64099257733224890  0.65264469116747481  0.66468764825339233
  0.67561931804412900  0.68632782750794741  0.69632544494976212  0.70692543295728394
  0.71731750716137799  0.72809392458352651  0.73877328424232236  0.74956218875869896
  0.76016223845552633  0.77060182102256525  0.78133746267459581  0.79212358223835866
  0.80275032585550132  0.81338470230340942  0.82370934325216971  0.83436521366875616
  0.84512552863445245  0.85581460237107876  0.86580755317050950  0.87481731182794198
  0.88323828110609814  0.89168589007887034  0.90136814304149071  0.91135420067612827
  0.92147195438379215  0.93181280168962177  0.94275917506245277  0.95477271632408245
  0.96635939317494957  0.97750370225596461  0.98861309955170806  1.00000000000000000
  0.73065257387308236  0.74108023535130085  0.74465671874346984  0.74782777472338335
  0.75133911595915892  0.75568488730556249  0.75922794859413123  0.76645637853706539
  0.76921318371565484  0.77185662276371503  0.77484944001788836  0.77795221093409195
  0.78093140252544679  0.78404168677015773  0.78684507174484619  0.78920922178563901
  0.79145535065231820  0.79369203782061393  0.79596670753596288  0.79839096439759805
  0.80087976141156492  0.80334344311747752  0.80574202701031294  0.80807137191963729
  0.81040628469942766  0.81281895823328687  0.81560886670383892  0.81840575895081225
  0.82120613420264099  0.82389802227910403  0.82663321153331193  0.82932734051917345
  0.83208535171654818  0.83478049647362429  0.83743267848846481  0.83988445768683517
  0.84223045585289003  0.84455841399454268  0.84692436709682539  0.84933706209388349
  0.85176265091429038  0.85417247490042325  0.85656811137446032  0.85905258580755661
  0.86156275839514707  0.86423109176602997  0.86686002587557776  0.86949068063984547
  0.87204410097589991  0.87462974014536876  0.87720440706667535  0.87978686751043311
  0.88234317579706789  0.88491996526838024  0.88753066660791158  0.89014077207070408
  0.89265230316606736  0.89524442659359627  0.89792796964221411  0.90074161537367836
  0.90349505378400508  0.90617616357216968  0.90885401494698859  0.91153875712155108
  0.91416006685416284  0.91668752350180749  0.91915420317330698  0.92165982423565807
  0.92420035370638021  0.92684971076993128  0.92953919863434975  0.93218956809947207
  0.93476731091133280  0.93729084555859032  0.93977284855801291  0.94212887005601686
  0.94452975852389753  0.94696421873278414  0.94943860443306582  0.95194087882753087
  0.95447806764785703  0.95696078079458613  0.95945312950275119  0.96204835087678031
  0.96470705833641257  0.96735730271275133  0.97007863176833753  0.97296023534840181
  0.97578190759958550  0.97835905021125591  0.98100363933682244  0.98369126321203881
  0.98671188953577360  0.99032118828270288  0.99462588313397160  1.00000000000000000
 -0.01844428563862161  0.12079736288351309  0.15807589966321239  0.17722718845392033
  0.19284082119591567  0.20763253871232915  0.22060114537608991  0.23153516697259435
  0.24187102472402686  0.25200981733771666  0.26157040033135115  0.27082012073172973
  0.27974707798767917  0.28815313803315934  0.29595716157516627  0.30350220201174771
  0.31114791303606992  0.31885881559894830  0.32646655376029238  0.33407732799101691
  0.34179077549977754  0.34945977527206168  0.35694815692653886  0.36440268134904430
  0.37174707644675570  0.37901938236465327  0.38594240731753021  0.39258937149103368
  0.39886575451481848  0.40498783615347295  0.41107772426486827  0.41693575287226481
  0.42228663929635818  0.42770721900738445  0.43340444054931015  0.43962068944095462
  0.44614015547274161  0.45234416681268724  0.45813006356395669  0.46371359547531954
  0.46931157840080512  0.47503490818692840  0.48080088469960375  0.48666155303194703
  0.49223850183145884  0.49780028287344996  0.50315560028116235  0.50861531043120523
  0.51414216498296539  0.51950202691142244  0.52477102777663098  0.53004091917152374
  0.53547033382159837  0.54133992635680050  0.54744281505399228  0.55269714259286684
  0.55680955253196895  0.56082836152256321  0.56486032193116809  0.56889163099665108
  0.57368521517304139  0.57981659252424489  0.58584777327263693  0.59130619801010831
  0.59679566019836383  0.60260134011159316  0.60863059692331867  0.61524566308070483
  0.62131856107346028  0.62702823660888407  0.63276695570101416  0.63899249376884049
  0.64584765151935941  0.65289916646228419  0.65974508172966528  0.66650456579073258
  0.67349593681753273  0.68086708845374144  0.68806566498613941  0.69511951056424903
  0.70222921660840898  0.70958394607370157  0.71721058158245532  0.72480479258393260
  0.73288504174559144  0.74191942004603439  0.75176484819270895  0.76193929225172363
  0.77153786464146978  0.78031232467050560  0.78882297689117531  0.79828905910639403
  0.81073504743601288  0.82872120919377013  0.85677013290429638  1.00000000000000000
   2.4456255359591871E-005  -1.0000000000000000     
 F F F F F F F F F F F F F F F F F F F F F F F F F F F F F F F F F F F F F F F F F F F F F F F F F F F F F F F F F F F F F F F F F F F F F F F F F F F F F F F F F F F F F F F F F F F F F F F F F F F F F F F F F F F F F F F F F F F F F F F F F F F F F F F F F F F F F F F F F F F F F F F F F F F F F F F F F F F F F F F F F F F F F F F F F F F F F F F F F F F F F F F F F F F F F F F F F F F F F F F F F F F F F F F F F F F F F F F F F F F F F F F F F F F F F F F F F F F F F F F F F F F F F F F F F F F F F F F F
  <DiscreteSampler_grid>
  grouped_processes
  1 # 1 for a reference and 2 for a running grid.
  10 # Attribute 'min_bin_probing_points' of the grid.
  1 # Attribute 'grid_mode' of the grid. 1=='default',2=='initialization'
  0.0000000000000000 # Attribute 'small_contrib_threshold' of the grid.
  0.5000000000000000 # Attribute 'damping_power' of the grid.
 # binID   n_entries weight   weight_sqr   abs_weight
    13   10   3.504905115875103E-001   4.128854668717334E-001   3.504905115875103E-001
    16   10   4.476726485325179E-001   6.584899023373031E-001   4.476726485325179E-001
    22   10   4.164807672317218E-001   6.616759161339641E-001   4.164807672317218E-001
    25   10   5.364702041114409E-001   1.119987713374618E+000   5.364702041114409E-001
  </DiscreteSampler_grid>
