  0.00000135083989997  0.00000136482673302  0.00000140896078215  0.00000144986051045
  0.00000149254849669  0.00000153397566411  0.00000157786727493  0.00000162819804125
  0.00000168615877856  0.00000174573280947  0.00000181185095166  0.00000187913242174
  0.00000194379551739  0.00000201346039498  0.00000208521490942  0.00000215566376388
  0.00000222099401624  0.00000228811616727  0.00000235342918999  0.00000242085445921
  0.00000249319712992  0.00000256587795781  0.00000263738992354  0.00000270905549940
  0.00000278275119163  0.00000285848999654  0.00000293708537463  0.00000301760237559
  0.00000310124404672  0.00000318898711090  0.00000328309421197  0.00000338244315901
  0.00000348070970567  0.00000357961832221  0.00000368277856540  0.00000377920229250
  0.00000388182056340  0.00000399407193229  0.00000411490659217  0.00000424403858651
  0.00000438312840895  0.00000453268519718  0.00000469068860623  0.00000486335957479
  0.00000504452229553  0.00000521930788339  0.00000540519683257  0.00000561527128286
  0.00000585284294541  0.00000610475616282  0.00000634527681519  0.00000662222392592
  0.00000691737068478  0.00000722505993902  0.00000753840668394  0.00000784960308031
  0.00000817066835382  0.00000851299974332  0.00000887706214305  0.00000925121525594
  0.00000962016461007  0.00000999022566403  0.00001038945727826  0.00001084425553947
  0.00001136260120996  0.00001193724868242  0.00001262717736009  0.00001333172558947
  0.00001404177970704  0.00001492916011878  0.00001590775026307  0.00001709957342061
  0.00001836284852328  0.00001963830238202  0.00002095981775579  0.00002235725588015
  0.00002404493454946  0.00002587957455724  0.00002781590754106  0.00002990293553587
  0.00003212464982031  0.00003513564044012  0.00003979342650866  0.00004535659980051
  0.00005180060218275  0.00005972021996078  0.00007084175920512  0.00008553505200303
  0.00010597091158278  0.00013984981168305  0.00019752854870058  0.00031270917369723
  0.00058342465318332  0.00145706434617761  0.08587494635977315  1.00000000000000000
  0.00000998845974166  0.00001006984347553  0.00001016896877376  0.00001027478913267
  0.00001048758734674  0.00001077711734841  0.00001108618537863  0.00001140777957419
  0.00001171201891740  0.00001199784607410  0.00001230181951210  0.00001259716710492
  0.00001287459586693  0.00001314940093361  0.00001340975017260  0.00001364920653138
  0.00001388425278294  0.00001413968535911  0.00001439751780314  0.00001469262569887
  0.00001500810540017  0.00001531454572920  0.00001562487438999  0.00001595734925975
  0.00001633743118539  0.00001677892463523  0.00001723921424169  0.00001767348646398
  0.00001809737556404  0.00001851542607840  0.00001893447748447  0.00001940374041524
  0.00001991245390666  0.00002044930495778  0.00002100491942617  0.00002156527110652
  0.00002215413224450  0.00002282226280268  0.00002369684204231  0.00002457014905591
  0.00002537734680211  0.00002617866194726  0.00002694965942807  0.00002776788567164
  0.00002861993312730  0.00002947647579933  0.00003030057304054  0.00003113981386737
  0.00003205887120500  0.00003308858035487  0.00003429231476662  0.00003565029506335
  0.00003717162655997  0.00003880372290804  0.00004040663487257  0.00004205403788187
  0.00004385856191407  0.00004585803426100  0.00004808157858487  0.00005058384546112
  0.00005345855095906  0.00005668380371874  0.00005987921544203  0.00006347322643870
  0.00006744320227766  0.00007199091222073  0.00007705841255651  0.00008254691138014
  0.00008877345470095  0.00009591670575309  0.00010379535317926  0.00011234268513476
  0.00012208896775334  0.00013365303200655  0.00014701989187888  0.00016150238982381
  0.00017841712736256  0.00019929031378926  0.00022472323211026  0.00025633068760238
  0.00029424036546291  0.00034183009459800  0.00040154891207562  0.00048424174492028
  0.00060356752698162  0.00076705709498394  0.00095319872735267  0.00111994836276520
  0.00129324655627740  0.00166799468231737  0.00211991315956264  0.00262681637133073
  0.00349913161253674  0.00538654815405100  0.08644229952480047  1.00000000000000000
 -0.00595381655932526  0.03049614957424397  0.05105340502999722  0.06658600332882134
  0.07934766011329936  0.09009726600701785  0.09961281007029130  0.10824402362238913
  0.11653444136282327  0.12563551661617736  0.13617903697002212  0.14640203175473160
  0.15598782261309721  0.16475451176551198  0.17440070003442065  0.18510140736884764
  0.19646186672769320  0.20838336656497292  0.22129794677241432  0.23379935450418154
  0.24423975418448873  0.25489861210602632  0.26475953870965169  0.27472432590546036
  0.28488537123756136  0.29536820712772160  0.30489006121713624  0.31473079018920308
  0.32572701116451952  0.33731915525353046  0.34848386671102999  0.35959675185692419
  0.37061079458471091  0.38139925217151649  0.39157296169027705  0.40142012394677384
  0.41036574245376661  0.41965244601818319  0.42890068390112823  0.43849160543609800
  0.44931165703421422  0.45884617738430850  0.46960065191330969  0.48077439926547411
  0.49199897500773265  0.50293489485315335  0.51334889963752650  0.52332582423388740
  0.53297383086955485  0.54247148408393753  0.55222998050896754  0.56247038028273144
  0.57289551604470046  0.58312770284571058  0.59309667879292383  0.60265715824878219
  0.61186991584023076  0.62114725390286618  0.63076773757192584  0.64110854456217081
  0.65111677229052511  0.66007198114382859  0.66892296488859326  0.67779035439218782
  0.68776282334974281  0.69904963975208334  0.70970566543424640  0.71981728868848760
  0.72950978637203867  0.73952229293189242  0.74884828220181532  0.75801376801024245
  0.76814432513654252  0.77966872696158684  0.79127479831073788  0.80242575534749216
  0.81367396906208345  0.82475291229346803  0.83454888215767831  0.84321271560421207
  0.85161628272936685  0.86044592743099113  0.86989033021507123  0.88038339865061099
  0.89219439756909236  0.90401813659309926  0.91541257469241910  0.92607481078478582
  0.93571004352389531  0.94441194278574669  0.95284264675849295  0.96159869543120891
  0.97131375191664693  0.98120147515533696  0.99079187178440753  1.00000000000000000
 -0.00167252097071842  0.00734059303818571  0.01585622190780039  0.02471364812889532
  0.03333529384942152  0.04169425544065875  0.05025203211911038  0.05956125761666890
  0.06983710388225114  0.08115736874946045  0.09058928109973392  0.09963478567293282
  0.10863946382371577  0.11809127628605587  0.12745736206317596  0.13547814641869055
  0.14362095202028288  0.15138149897630018  0.15916150883710653  0.16711474287085179
  0.17574949001093212  0.18505778590333111  0.19518818865667503  0.20517663399963726
  0.21481890635293038  0.22462749109884755  0.23388324188760692  0.24247263700937857
  0.25150012455067944  0.26043386204747421  0.26946652496931711  0.27910510938568733
  0.28881458399537391  0.29807285947251894  0.30637542429890469  0.31454788199393913
  0.32294664555798136  0.33310366360257232  0.34565446588742138  0.35936807953208072
  0.37130783635525383  0.38208214534511037  0.39278692559710865  0.40308106417595296
  0.41324684838175657  0.42300366482402590  0.43278563971574502  0.44315460120790329
  0.45490031777969875  0.46790594909587097  0.48153869696216867  0.49569404907894732
  0.50898485075162625  0.52080462296063401  0.53234026374829380  0.54353365550963428
  0.55511583273087650  0.56763767849358049  0.58065717544375661  0.59504614823865665
  0.60795791774433350  0.61916488174592654  0.62934325890780241  0.63893826266830156
  0.64831692271282237  0.65731818279221177  0.66683350747107728  0.67760765517419486
  0.69051741661006594  0.70232532197187214  0.71410310276883271  0.72606622799322396
  0.73762029135585161  0.74908075198466395  0.75907253671845187  0.76896189750797395
  0.78053551045200797  0.79226821886126142  0.80333397068066015  0.81435576981551794
  0.82739980046374650  0.84058083007002171  0.85222882512305320  0.86257433867594424
  0.87281991253671187  0.88343470535720436  0.89384622889401699  0.90514790559389180
  0.91542301043358687  0.92611850282636188  0.93714240739639465  0.94967291869822024
  0.96265432597836764  0.97515318890236302  0.98741346121815798  1.00000000000000000
 -0.00227572071431494  0.00896468604320025  0.01783075575203681  0.02774112443816695
  0.03679316317435424  0.04620128716927721  0.05618161407155009  0.06761728005310091
  0.07949169461887146  0.09174738814302814  0.10331530877282856  0.11357208586733492
  0.12318360836416753  0.13312671316347105  0.14410177425781601  0.15380047642462319
  0.16389922818709707  0.17370283022690547  0.18297333172725794  0.19233183147124636
  0.20241539048697205  0.21386639990494230  0.22527194293951358  0.23739666826019787
  0.24949151010675882  0.26167365413007965  0.27276738616844237  0.28346858921561280
  0.29394903709578096  0.30401354894274901  0.31258331405073386  0.32113691074741674
  0.33008616230440796  0.34240078996225415  0.35428872525948779  0.36517181084595041
  0.37579663767969113  0.38742568560777763  0.39921713470105130  0.41019647070770260
  0.42074341240076485  0.43117059238233452  0.44105960932764915  0.45092445001778325
  0.46182357803316215  0.47470622363705656  0.48850747874969519  0.50235022324036827
  0.51412855043575056  0.52452875150423628  0.53500157080916011  0.54545394314134965
  0.55581965655399024  0.56643165661554995  0.57723949464101965  0.58865490087554329
  0.59925877317829168  0.60938970123698133  0.62013153023103196  0.62998322928802020
  0.63933508718827536  0.64772308406583357  0.65691418274798896  0.66550447869354323
  0.67555901000813401  0.68558630929490416  0.69824386769177371  0.70945068027232727
  0.72011180252761231  0.73030416973132883  0.74030539126025341  0.74996268655955800
  0.75995371377132026  0.77053628940087271  0.78169312238980870  0.79321704953541905
  0.80334202343987682  0.81433481757729664  0.82566951192468485  0.83482307733038164
  0.84199019305360834  0.84875934413740872  0.85614161830869273  0.86538073465973397
  0.87566916033213904  0.88578916757326376  0.89590420705446505  0.90663189939862732
  0.91698742184824167  0.92726442537395981  0.93792138916492018  0.94972888778723152
  0.96251933185439598  0.97595548984546066  0.98808620047992324  1.00000000000000000
  0.00263877152320026  0.01373745182998626  0.02217453117628478  0.03316962827083604
  0.04606360794552950  0.05749174200927781  0.06696006743655421  0.07549363779756908
  0.08393012612673267  0.09293393404762101  0.10210353040439313  0.11064224694884622
  0.11880916476856991  0.12810928357307072  0.13900338599415063  0.15198870984355603
  0.16635805547831892  0.18071051498350571  0.19398595057842555  0.20663243957008368
  0.21856788770489322  0.22962774968572530  0.24025568937021194  0.25081456225279564
  0.26135533053185633  0.27222761373434268  0.28326595200962096  0.29507915813318814
  0.30676581058845237  0.31765054723616570  0.32776837472335463  0.33923216462871075
  0.35198624313421861  0.36386119627778091  0.37592722236464110  0.38849531536624810
  0.40026477438842184  0.41061664605606168  0.42145211861697429  0.43250908862408816
  0.44262794347438345  0.45198415424706873  0.46221577139340664  0.47434010234334323
  0.48784746618554897  0.50046581044660587  0.51126547808029121  0.52050306988132122
  0.52934534046384829  0.53823325106653741  0.54792263658711893  0.55791603745098528
  0.56872401780139559  0.57999955846527651  0.59145095336699927  0.60229816176967121
  0.61197859974475921  0.62182265581712792  0.63203329216430304  0.64175421689774848
  0.65086042699519353  0.65945000144188037  0.66860596283355211  0.67906980505699677
  0.68985682944215476  0.69984270119049752  0.70885730821304238  0.71801100661319572
  0.72757301629139459  0.73745314399755257  0.74767251033749316  0.75903292201961281
  0.77080906796122484  0.78251376246367221  0.79356819993037941  0.80366419276822343
  0.81315111914556615  0.82263794937373258  0.83241975530931589  0.84319655088654510
  0.85476551034007564  0.86765856459976431  0.88008280125430427  0.89105782259624844
  0.90028386545385164  0.90868230146192130  0.91817531379503503  0.92779446909206875
  0.93756912565329098  0.94814180288059957  0.95855152357638740  0.96776309712612330
  0.97542160897986996  0.98326772056006018  0.99083378312958370  1.00000000000000000
 -0.00205597385412166  0.00838836427511567  0.01779475615169411  0.02703361916063414
  0.03639667689382434  0.04509930808887112  0.05354244847501256  0.06178200426980526
  0.07117346874859505  0.08159325709356360  0.09278716625037446  0.10322524622599449
  0.11347491843199545  0.12408946682640250  0.13501827204098638  0.14574015162030424
  0.15671472993461888  0.16801073946359851  0.17863944094982750  0.18945946803256297
  0.20034798107280424  0.21135981111680435  0.22277280730654378  0.23493385896985544
  0.24777303420778063  0.25996098404618034  0.27219812842748109  0.28388048515572500
  0.29677571879548192  0.31008360038013966  0.32125244084280108  0.33096426514326260
  0.34095320780667421  0.35072662716593911  0.36206487802645471  0.37404525095407531
  0.38558024162597410  0.39682570553530983  0.40803264859949440  0.42004491089034263
  0.43242216259025029  0.44388371470830695  0.45459479303179540  0.46568740060030700
  0.47687853833668459  0.48779563896574329  0.49769403713238886  0.50770902592734646
  0.51750586785288755  0.52854127765187342  0.53890889921611174  0.54813379855344935
  0.55775539515847061  0.56730542350376367  0.57701155713306684  0.58529162159342984
  0.59364630440644783  0.60219698087389983  0.61298388535402648  0.62473434566671171
  0.63727318354642271  0.64878506195562213  0.65854717972662846  0.66722000715800378
  0.67568760124195326  0.68405038213276115  0.69275831823668976  0.69979096863989310
  0.70717391870931834  0.71616883140020859  0.72624415529648434  0.73652700173401031
  0.74702899832696090  0.75818987529597681  0.76991160145099236  0.78055115013598542
  0.79012488521967472  0.80027887056342129  0.81125768851351832  0.82234708738394502
  0.83332013262309446  0.84380397218134906  0.85453688546506945  0.86541267250160747
  0.87617184237241275  0.88668583511892241  0.89701275704998007  0.90780332847231293
  0.91933102400990174  0.93100147878837181  0.94184808805296338  0.95207508337401858
  0.96240712909203974  0.97357179967985052  0.98612728116488957  1.00000000000000000
 -0.00183295126501125  0.00668461741510177  0.01405077847591120  0.02136895892044892
  0.02965242902303112  0.03844312340570419  0.04798030544215028  0.05683982561351466
  0.06564764904954486  0.07523622737747393  0.08519447076089812  0.09603085104865511
  0.10712755338161530  0.11953435535817736  0.13093343736462487  0.14138480431720796
  0.15169670361057697  0.16154042191409027  0.17084003473165796  0.17929762070003549
  0.18913617847731884  0.20043723911842809  0.21207988715994947  0.22307869833201588
  0.23340729901965407  0.24328927578636850  0.25330394073753060  0.26345324847243407
  0.27431722674947928  0.28575418315495055  0.29787846398454199  0.30948395899072456
  0.32048471602207701  0.33049428848930718  0.34046204381479644  0.35113669976458040
  0.36358265248324867  0.37671670044999267  0.38858354736711592  0.40036441966824171
  0.41261871940562495  0.42440192671392840  0.43558552007675277  0.44657698675883190
  0.45746837070685381  0.46712494930063153  0.47766573490838704  0.48999140939046937
  0.50284783814057588  0.51375058418363928  0.52336013891039590  0.53295813656244995
  0.54299179101765183  0.55296623213325735  0.56327369558538620  0.57459620266548017
  0.58671531601733995  0.59969486901523317  0.61145282461343808  0.62216923496718368
  0.63248843189902915  0.64285937350650535  0.65415595919080693  0.66659977713104290
  0.67934928025249097  0.69273602006614821  0.70611684632246308  0.71881130842116114
  0.73089076636246675  0.74201836226457030  0.75230270133339383  0.76191232394568265
  0.77171600847804078  0.78298856342187639  0.79431677423685210  0.80673902533244690
  0.81891091814286887  0.82965964606016751  0.83876889028558876  0.84748115276970826
  0.85641827713365071  0.86480484045063721  0.87263574561965229  0.87998166140174827
  0.88722621324754891  0.89491337375541491  0.90304607423308858  0.91194351803667373
  0.92133023290098581  0.93254804069364328  0.94380054631943422  0.95604509323563791
  0.96768131422440362  0.97884123571316251  0.98908964301645808  1.00000000000000000
 -0.00351206211059674  0.01225599258668107  0.02402791849008674  0.03587208173938026
  0.04783981009409426  0.05994401230298996  0.07090622628074131  0.08027879621670332
  0.08852471161811901  0.09606259665620323  0.10353671261353514  0.11102590201970110
  0.11929601976433067  0.12782577674301787  0.13811595289078624  0.14888783084599491
  0.16029944325271231  0.17200263458829870  0.18299320796066915  0.19344711890807420
  0.20397391812306043  0.21547322611482611  0.22770007412041984  0.23903599321414964
  0.24893423019011662  0.25838060368406107  0.26823972190700035  0.27865208749913761
  0.28904045313117999  0.29943758328200276  0.30971293947504741  0.32109921633924982
  0.33295947344566079  0.34524453034594466  0.35718510726431096  0.36840328954792451
  0.37887347528511911  0.38878486443085258  0.39868137528610725  0.40818636432665961
  0.41732158464172292  0.42624726540089097  0.43470590861582026  0.44376957096986747
  0.45441672845846626  0.46648379458771289  0.47765225364340452  0.48701913673361291
  0.49550038446067013  0.50414739066427805  0.51311627090676992  0.52232267374765251
  0.53173086379571122  0.54061303396942206  0.55070946714868307  0.56068464314756772
  0.57211323484417775  0.57930843280193822  0.58770788589046463  0.59706295819790256
  0.60637795563681274  0.61872576305138560  0.63278874064195711  0.64676932022454525
  0.66029433855790076  0.67260314857578740  0.68335299804139149  0.69287787579247762
  0.70226958528712224  0.71196532824561343  0.72166706799638625  0.73124752424451667
  0.74109638917373133  0.75167512201765163  0.76256211645623118  0.77374378287894652
  0.78471336443164963  0.79532537039542095  0.80583194074215514  0.81649621177204823
  0.82698283966882125  0.83622211953682202  0.84450205499978936  0.85343851417386374
  0.86381709981656174  0.87493047887226916  0.88525297025130312  0.89535647533856666
  0.90713367591392713  0.92092517798394657  0.93502228064191328  0.94808298852268236
  0.96051170756206949  0.97324323325698536  0.98616013946400161  1.00000000000000000
 -0.00373935465839569  0.01716929202388547  0.03243770581582135  0.04829620968286828
  0.06230899416051894  0.07607846043119625  0.09040296188037482  0.10522175781119911
  0.11770539587806640  0.12977655080642606  0.14164818809925822  0.15271751916931373
  0.16314056855093115  0.17442912716696471  0.18634810483122177  0.19827631969617712
  0.20985730398763813  0.22103974481898730  0.23214398560250674  0.24325517179119924
  0.25513493939388548  0.26750185599506987  0.28059633371053244  0.29405925339025274
  0.30829567493112381  0.32196846474605911  0.33484095950112586  0.34669833220564455
  0.35770007147684091  0.36861082863748701  0.37905379531247602  0.38923797717497677
  0.39930151889402593  0.41004457418661266  0.42038087201795515  0.43036739875184510
  0.43994061079829050  0.44989459946573801  0.46003548272416206  0.47028676841160222
  0.48062875460796933  0.49080607362686152  0.50069884151543398  0.51055267897294854
  0.52111440832271316  0.53215489113789560  0.54209581925330641  0.55059173149149876
  0.55908369050773976  0.56785565823016171  0.57728302783268948  0.58660710964455731
  0.59632977750292215  0.60476952733293055  0.61296740229162594  0.62091709277975926
  0.63016372105069551  0.64118095530053887  0.65331821646365829  0.66561998132635325
  0.67717890919711154  0.68846898731722972  0.69987675849119413  0.71153143088407489
  0.72351512703549459  0.73484273455552385  0.74530528398410945  0.75605502384504009
  0.76752393742732650  0.77899464722748890  0.79008712483492916  0.80268550597636767
  0.81500097997667198  0.82591059682034873  0.83619353636302041  0.84677446635294429
  0.85729349118346254  0.86624321377708946  0.87605440907693366  0.88555443107122966
  0.89364912667004670  0.90135768046430198  0.90902841280164437  0.91736900867306181
  0.92465704973295626  0.93149190022389561  0.93823208663988400  0.94538506042952930
  0.95261551242699183  0.96021959007431978  0.96680196456749889  0.97252267308242391
  0.97846626712796925  0.98478155024874547  0.99159817246106929  1.00000000000000000
 -0.00138203831738706  0.00495594431019522  0.01142057086029633  0.01845937962401796
  0.02693150019863721  0.03616127459232649  0.04708989585731743  0.06003038626112295
  0.07353986003818484  0.08758683883944786  0.09948459322608792  0.11191777129794346
  0.12545962177458406  0.13900216229631351  0.15268036409257019  0.16473207937182274
  0.17455502481219146  0.18323756350412829  0.19143834904093082  0.19957820516792116
  0.20869130807379754  0.21784639507950743  0.22728699160775040  0.23745454534988469
  0.24870917351023103  0.25954833893970947  0.27087292280362896  0.28088519788390731
  0.28993640274500254  0.29904360223786158  0.30942012917255041  0.32037395957355386
  0.33127047704961066  0.34243758316047296  0.35458485198725481  0.36862990518537286
  0.38110499821128141  0.39328862906600576  0.40354385364257411  0.41461343432146452
  0.42465295920853741  0.43525583835241133  0.44522759850466392  0.45476535972165893
  0.46444245358826980  0.47349050537947657  0.48292460193550901  0.49264297013607489
  0.50430145450651631  0.51505556305290312  0.52547063728243970  0.53574600001112727
  0.54781054372565818  0.56253572532324136  0.57563818392878530  0.58800625924166228
  0.59941083137387330  0.61120349446826949  0.62219377749764548  0.63313787100283836
  0.64328117699285992  0.65310389757198173  0.66311872538862837  0.67390333527963553
  0.68381371202942909  0.69320342089268683  0.70228052624326986  0.71170162356841282
  0.72203545059463548  0.73184196474266838  0.74235618448206231  0.75212873110761325
  0.76273656888626751  0.77314644577416358  0.78353047300954248  0.79414147803983470
  0.80378140660856467  0.81250003398528270  0.82055114323485900  0.82902404763947790
  0.83888573229165653  0.85048986881022870  0.86189185753878417  0.87275972732709706
  0.88335050188976905  0.89437514061722823  0.90689420504371698  0.91895787911611548
  0.93024358416180486  0.94027274807896122  0.94992089076098785  0.95942620786849342
  0.96923522867397860  0.97969175441118217  0.98996909596024307  1.00000000000000000
  0.13183005687745250  0.65741507083065698  0.75142677082872755  0.76725646023564631
  0.78180354626899129  0.79495470692140735  0.80421871986410864  0.81285382852404642
  0.81991702779643649  0.82680279091826792  0.83309336861476402  0.83768783752805409
  0.84106997710808629  0.84415357560477555  0.84719710368288259  0.85083454250780621
  0.85520532982014030  0.85873427378904166  0.86197045102867531  0.86515606522898858
  0.86826825657746498  0.87139906219030194  0.87432318198046277  0.87675443769055994
  0.87883404347616012  0.88082349264849458  0.88298430691785301  0.88526919733134091
  0.88758046118206013  0.88983298477002259  0.89196887367447153  0.89402854725179970
  0.89608710174382211  0.89809997094646288  0.89997822021925022  0.90195359503015016
  0.90384433695464628  0.90577705550667631  0.90787610074168601  0.90993645937939871
  0.91206926672795618  0.91414986569098655  0.91607889359668071  0.91785278722405905
  0.91939509006473985  0.92082278541740115  0.92220251280065835  0.92361838347060732
  0.92515167989353753  0.92680322239518675  0.92857208212340658  0.93050529083506894
  0.93228091512345612  0.93386384502280140  0.93538597694423031  0.93686118106403371
  0.93820371291676696  0.93961438896407068  0.94117481574371609  0.94290299178270875
  0.94468971840500016  0.94635433416620041  0.94790066799946893  0.94930741463591950
  0.95075194254526862  0.95219497248936946  0.95353596643006511  0.95482966640573974
  0.95610349870915545  0.95738985543533861  0.95874062506338886  0.96021158153949870
  0.96165145733797586  0.96304085876170931  0.96446261169733982  0.96590330950576708
  0.96733064515938216  0.96875401381165660  0.97013451951885710  0.97152437515553502
  0.97293069167720647  0.97433562945428465  0.97574407611372049  0.97718608165012488
  0.97874901101460365  0.98047227182222385  0.98226694780090851  0.98406629818872438
  0.98579603454233145  0.98727781353879940  0.98879590451063615  0.99043380887302734
  0.99219603067493078  0.99415974022176101  0.99691353353049972  1.00000000000000000
 -0.00313345771251599  0.08817697178743214  0.11487903313731873  0.12812538862941636
  0.13905149618506418  0.14956694163628337  0.15945240201049141  0.16842029410100093
  0.17659604410970595  0.18397596620885057  0.19116168727689745  0.19762083335821751
  0.20373818236452018  0.20916612578409088  0.21430655239240173  0.21912627455429670
  0.22468708531298048  0.23072687606734169  0.23663723840182593  0.24261212634172621
  0.24867596637506723  0.25504805271300218  0.26150407293318878  0.26783614079703344
  0.27421542405046101  0.28006173203797441  0.28559509867984856  0.29056890884126174
  0.29662155934567519  0.30228538315363390  0.30780597757103195  0.31334571803811084
  0.31894549126756694  0.32472602077384899  0.33122145755863452  0.33899082835924449
  0.34654918153494690  0.35355645654363033  0.36008942028880991  0.36652712224300588
  0.37290254385624660  0.37894112959885856  0.38459858035080041  0.39011314175494605
  0.39579709932712098  0.40145922260540212  0.40693197070954540  0.41242572316210874
  0.41792686424907322  0.42361549301289469  0.42914229137745402  0.43513498663223626
  0.44129932175762138  0.44784533442746649  0.45463727982523011  0.46050590251743695
  0.46677955440710772  0.47300125687713634  0.47955712019742563  0.48678320207184611
  0.49363343817032068  0.50042261302088953  0.50755982863276128  0.51465763117150953
  0.52159257987273133  0.52818001129417169  0.53461019364308815  0.54118016923190004
  0.54820260087409178  0.55630014458923993  0.56469500589112909  0.57277732261594527
  0.58058144319369853  0.58843017075188819  0.59639060321803772  0.60474781045662274
  0.61360449643649606  0.62305343517958567  0.63173828782832209  0.63986024549353804
  0.64798155540155733  0.65683091683763628  0.66675276237066772  0.67786665302221949
  0.69041864671014208  0.70458421782283365  0.71897931647028979  0.73332316781157569
  0.74803893613295358  0.76344185803444087  0.77784820646113051  0.79481082215183574
  0.81608996863235483  0.83794800027638938  0.86722456305934181  1.00000000000000000
   9.8181944298749726E-006  -1.0000000000000000     
 F F F F F F F F F F F F F F F F F F F F F F F F F F F F F F F F F F F F F F F F F F F F F F F F F F F F F F F F F F F F F F F F F F F F F F F F F F F F F F F F F F F F F F F F F F F F F F F F F F F F F F F F F F F F F F F F F F F F F F F F F F F F F F F F F F F F F F F F F F F F F F F F F F F F F F F F F F F F F F F F F F F F F F F F F F F F F F F F F F F F F F F F F F F F F F F F F F F F F F F F F F F F F F F F F F F F F F F F F F F F F F F F F F F F F F F F F F F F F F F F F F F F F F F F F F F F F F F F F F F F F F F F F F F F F F F F F F F F F F F F F F F F F F F F F F F F F F F F F F F F F F F F F F F F F F F F F F F F F F F F F F F F F F F F F F F F F F F F F F F F F F F F F F F F F F F F F F F F F F F F F F F F F F F F F F F F F F F F F F F F F F F F F F F F F F F F F F F F F F F F F F F F F F F F F F F F F F F F F F F F F F F F F F F F F F F F F F F F F F F F F F F F F F F F F F F F F F F F F F F F F F F F F F F F F F F F F F F F F F F F F F F F F F F F F F F F F F F F F F F F F F F F F F F F F F F F
  <DiscreteSampler_grid>
  grouped_processes
  1 # 1 for a reference and 2 for a running grid.
  10 # Attribute 'min_bin_probing_points' of the grid.
  1 # Attribute 'grid_mode' of the grid. 1=='default',2=='initialization'
  0.0000000000000000 # Attribute 'small_contrib_threshold' of the grid.
  0.5000000000000000 # Attribute 'damping_power' of the grid.
 # binID   n_entries weight   weight_sqr   abs_weight
    19   10   5.793014535044300E-002   2.499255183389224E-002   5.793014535044300E-002
    20   10   5.793014535044292E-002   2.499255183389216E-002   5.793014535044292E-002
    22   10   7.530383572740809E-002   4.207128482385249E-002   7.530383572740809E-002
    23   10   7.530383572740804E-002   4.207128482385237E-002   7.530383572740804E-002
    25   10   5.352649181334449E-002   2.068715125738181E-002   5.352649181334449E-002
    26   10   5.352649181334446E-002   2.068715125738178E-002   5.352649181334446E-002
    28   10   6.765886963016372E-002   3.314277167320474E-002   6.765886963016372E-002
    29   10   6.765886963016374E-002   3.314277167320474E-002   6.765886963016374E-002
    34   10   5.793014535044301E-002   2.499255183389225E-002   5.793014535044301E-002
    35   10   5.793014535044292E-002   2.499255183389216E-002   5.793014535044292E-002
    37   10   7.530383572740809E-002   4.207128482385249E-002   7.530383572740809E-002
    38   10   7.530383572740802E-002   4.207128482385235E-002   7.530383572740802E-002
    40   10   5.352649181334448E-002   2.068715125738180E-002   5.352649181334448E-002
    41   10   5.352649181334446E-002   2.068715125738178E-002   5.352649181334446E-002
    43   10   6.765886963016372E-002   3.314277167320474E-002   6.765886963016372E-002
    44   10   6.765886963016374E-002   3.314277167320475E-002   6.765886963016374E-002
  </DiscreteSampler_grid>
