  0.00000013868074809  0.00000014527212840  0.00000014978299899  0.00000015426888308
  0.00000015874150044  0.00000016364576633  0.00000017059723164  0.00000017811425153
  0.00000018485749610  0.00000019158266352  0.00000019928473848  0.00000020676365375
  0.00000021398502890  0.00000022054619435  0.00000022618536796  0.00000023257295297
  0.00000024066112792  0.00000025291620868  0.00000026667101493  0.00000027953285456
  0.00000029267169568  0.00000030905987161  0.00000032583052414  0.00000034162430051
  0.00000035697614342  0.00000037267848798  0.00000038872373462  0.00000040737871148
  0.00000042728299051  0.00000045119995130  0.00000047792018712  0.00000050755573001
  0.00000054001823933  0.00000057346453516  0.00000060318293124  0.00000064295499986
  0.00000068577124259  0.00000073210869582  0.00000078048694348  0.00000083148523167
  0.00000088627461112  0.00000094660117782  0.00000101461899334  0.00000109229936228
  0.00000118384244583  0.00000127510681779  0.00000137408399174  0.00000147684925021
  0.00000158409522452  0.00000169358675401  0.00000180564922698  0.00000192726082289
  0.00000205922219639  0.00000220511701266  0.00000236638148467  0.00000252570832958
  0.00000267365225984  0.00000282900033450  0.00000301678202684  0.00000324156181348
  0.00000349520599603  0.00000378876241949  0.00000413641654552  0.00000452225465634
  0.00000495696155319  0.00000545690145025  0.00000603676166162  0.00000670793712689
  0.00000744262324122  0.00000835457915357  0.00000932723707725  0.00001036398112529
  0.00001160118901239  0.00001312618012308  0.00001494417561171  0.00001704997466273
  0.00001946166455602  0.00002226226762508  0.00002566381555197  0.00003010216324519
  0.00003562242705207  0.00004165111438721  0.00004868953343918  0.00005759248626039
  0.00006940079342812  0.00008528965542614  0.00010547394826003  0.00013349247929237
  0.00017255039431220  0.00023505215345980  0.00036892336297850  0.00062640670420993
  0.00131957801122408  0.00434962146421322  0.16430924448600631  1.00000000000000000
  0.00000074489077990  0.00000079221993456  0.00000083387179440  0.00000087975982789
  0.00000094536818296  0.00000103236394489  0.00000111929985099  0.00000120397132860
  0.00000127536113643  0.00000136692612043  0.00000150406460869  0.00000169676991415
  0.00000194983614353  0.00000222707308753  0.00000254689139223  0.00000287548189854
  0.00000323202839440  0.00000368790709476  0.00000415692449323  0.00000459516196295
  0.00000500339605998  0.00000542958524798  0.00000588536703836  0.00000645965105775
  0.00000707241441242  0.00000779386343685  0.00000869593413694  0.00000966341050669
  0.00001079410515453  0.00001207587875744  0.00001336789484806  0.00001464702195650
  0.00001597890787164  0.00001746392448570  0.00001910688962721  0.00002089527570520
  0.00002289206863171  0.00002517996323112  0.00002776848938625  0.00003059618650471
  0.00003362487777793  0.00003685323863364  0.00004038927025794  0.00004435978777493
  0.00004849034809044  0.00005288046624872  0.00005740250761760  0.00006214700602268
  0.00006719737599614  0.00007249613886284  0.00007860841961785  0.00008588905890099
  0.00009434110683697  0.00010359290248053  0.00011358279622008  0.00012450499256868
  0.00013627849754049  0.00014858426539734  0.00016193904116251  0.00017719924959514
  0.00019199585375830  0.00020769048815996  0.00022469153667047  0.00024319511446031
  0.00026260610855674  0.00028121971978738  0.00030087018553541  0.00032242921995507
  0.00035105659507469  0.00038060306676282  0.00041161755741319  0.00044399127393570
  0.00047731344086806  0.00052924102374906  0.00059247286288366  0.00067362358097341
  0.00077182786821190  0.00088436100586630  0.00100481961571780  0.00113576305999770
  0.00127100746643038  0.00139514452071837  0.00152776902772026  0.00167773667739359
  0.00186186608919858  0.00212252557044665  0.00242620570771629  0.00272193967818162
  0.00307013678067017  0.00355954704753083  0.00442217388769060  0.00616459016346587
  0.00894278730133855  0.01279378129798211  0.35587771622012393  1.00000000000000000
  0.00000150249338929  0.00000179126772316  0.00000191333481077  0.00000203786988435
  0.00000213422542450  0.00000221680071479  0.00000229496961804  0.00000237769202022
  0.00000246229200687  0.00000256227496673  0.00000267488713420  0.00000279523990864
  0.00000291938225906  0.00000303993439514  0.00000315291408944  0.00000325951387504
  0.00000336717671978  0.00000348093080488  0.00000360368663800  0.00000376293191875
  0.00000392053421357  0.00000409126693165  0.00000427247966310  0.00000445694267250
  0.00000464170492242  0.00000484770232212  0.00000505309949970  0.00000525181479512
  0.00000545621542461  0.00000567270343962  0.00000589477408937  0.00000610910737933
  0.00000633943669335  0.00000657380539698  0.00000682118544951  0.00000708442829102
  0.00000736296875037  0.00000765564678078  0.00000796741323986  0.00000828137961370
  0.00000861742429552  0.00000897523986296  0.00000935100659621  0.00000974118358592
  0.00001010016258881  0.00001051584765176  0.00001095444077076  0.00001141965083218
  0.00001191990805967  0.00001245421863551  0.00001301109352992  0.00001356438802096
  0.00001409660470219  0.00001495414978724  0.00001578437810733  0.00001668892624101
  0.00001766900175121  0.00001868043148882  0.00001970361137792  0.00002075354410350
  0.00002183999435716  0.00002302748140644  0.00002429068101988  0.00002564696586690
  0.00002698786921219  0.00002837227302309  0.00002985285004596  0.00003159552713325
  0.00003343254102848  0.00003536032596878  0.00003762841597283  0.00004020727187691
  0.00004310421468974  0.00004697557503313  0.00005104088070757  0.00005589627792415
  0.00006060631945006  0.00006554524957730  0.00007092153136734  0.00007711286316629
  0.00008451653810633  0.00009308867277974  0.00010523330337645  0.00011910546921827
  0.00013779076535768  0.00016075441170594  0.00018597446231208  0.00022537901844116
  0.00028355408791127  0.00035572043165108  0.00044280177662115  0.00055486230063986
  0.00082410982143537  0.00254125311006519  0.01120711704217574  1.00000000000000000
  0.00000219939011478  0.00000349629714135  0.00000414789553078  0.00000450672825318
  0.00000484686516770  0.00000517595634886  0.00000548745948086  0.00000583362622275
  0.00000616976627253  0.00000652899562286  0.00000688018218177  0.00000726980034938
  0.00000769376590451  0.00000815852895837  0.00000855171661225  0.00000891299856763
  0.00000926618769770  0.00000962452552202  0.00001002951986863  0.00001051710597516
  0.00001106740332626  0.00001161808911294  0.00001217461191790  0.00001279410062084
  0.00001342907019087  0.00001416906591084  0.00001508142569285  0.00001605292100270
  0.00001701087422437  0.00001795717930369  0.00001891319503559  0.00001999156683231
  0.00002114211840020  0.00002225354787344  0.00002344394695933  0.00002472886159355
  0.00002599320435514  0.00002772609894272  0.00002953702992930  0.00003149365284341
  0.00003361079896098  0.00003574990200625  0.00003815973519263  0.00004073506777928
  0.00004375425675530  0.00004711545612063  0.00005055614764009  0.00005416387405970
  0.00005793074514484  0.00006184543304757  0.00006604290765599  0.00007063083942011
  0.00007591129730832  0.00008121415797353  0.00008652402636349  0.00009247610558556
  0.00009911384695934  0.00010596775346400  0.00011313524659527  0.00012067562926196
  0.00012820612055055  0.00013583884673692  0.00014412512233114  0.00015326601802213
  0.00016481698341945  0.00017695598084405  0.00018901208467636  0.00020106038225038
  0.00021493391157468  0.00022827150486811  0.00024210854909604  0.00025881326084124
  0.00027493275679677  0.00030051808046075  0.00032689908361285  0.00035141457083570
  0.00037735305039881  0.00040594298330186  0.00043761247850593  0.00047079752067076
  0.00050677452484876  0.00054824096402163  0.00059490512430865  0.00064318792795148
  0.00070409046774698  0.00077479432323355  0.00085588181240956  0.00098148145845149
  0.00112027206757938  0.00127763621613299  0.00147719963099006  0.00180151735206664
  0.00239193634844782  0.00353888163522182  0.02175330717202464  1.00000000000000000
 -0.00193253198666606  0.00886174927047552  0.01795712499893053  0.02797091218332305
  0.03880131081759522  0.05063258463890322  0.06216479501551236  0.07318774417482052
  0.08389222755961444  0.09394968129194474  0.10315863460589519  0.11204823736144910
  0.12107846055703927  0.13054465055100639  0.13908948274098604  0.14739979189194943
  0.15566645031845641  0.16483349924225871  0.17370261957158112  0.18209460720864387
  0.18992353967267595  0.19738145274245728  0.20477250853739706  0.21289079721070905
  0.22187892898205688  0.23011802810994314  0.23844374953165898  0.24655428519920861
  0.25599850354164133  0.26673497794262585  0.27730517445727443  0.28796850259622842
  0.29914007672535403  0.31046882232802320  0.32187289542005154  0.33220462985411087
  0.34217220389397179  0.35231862313450141  0.36215070697663437  0.37358321123955357
  0.38498362475602937  0.39748946226382220  0.41052552999723457  0.42377478965624160
  0.43671851439812398  0.44832932918765428  0.45941793333900460  0.46957977686351010
  0.48017828077653496  0.49050752548919929  0.50111429867499147  0.51167152224630452
  0.52190760009718762  0.53201908511285667  0.54273401778273422  0.55446373957523687
  0.56639277522763698  0.57790765398366095  0.58781764808806869  0.59745572154230431
  0.60701719105061858  0.61753931259631067  0.62865386672571844  0.64073469444916931
  0.65095674339149012  0.66112195726639511  0.67156561280783267  0.68273980470674944
  0.69387893060369044  0.70459274821678397  0.71501165834153435  0.72451745235019338
  0.73460424332003615  0.74444012722828579  0.75453716669179693  0.76407756533924931
  0.77385109419267906  0.78586128357973062  0.79767953786362389  0.80963981172447042
  0.82202829359593188  0.83525332072820269  0.84755267429072600  0.85925140515281251
  0.87054958861956144  0.88159055951779075  0.89312797891870699  0.90511860698941982
  0.91757151147666705  0.92930159864971540  0.94144374025494693  0.95365708643201952
  0.96555881479451722  0.97673454751192912  0.98831598331905601  1.00000000000000000
 -0.00174130815111506  0.00783125699291152  0.01571333583976538  0.02378292874518963
  0.03198056629592276  0.04041402135911551  0.04886753566926098  0.05727676084205030
  0.06566706975710267  0.07492105811709340  0.08519942058893251  0.09601478134919841
  0.10697981488178099  0.11836145677156663  0.12990027246156535  0.14074146243965524
  0.15121112867049860  0.16209397863468042  0.17254925921714204  0.18262180564025210
  0.19296082826546629  0.20352552279465530  0.21427519107227222  0.22429192677858922
  0.23432424822327697  0.24485761744353099  0.25563295806817998  0.26582781036941050
  0.27509619648711425  0.28382795537607414  0.29286555210833437  0.30169286500430309
  0.31065488044643402  0.31957616862995447  0.32859365857812772  0.33837131508096435
  0.34978645502556049  0.36139793435887640  0.37305224302975259  0.38439903257128755
  0.39592761607008015  0.40740319463037111  0.41907208053259082  0.43039491876162489
  0.44144757522415001  0.45216282522150375  0.46265414365398727  0.47332061723902868
  0.48408334427336547  0.49545793195801097  0.50801879627634761  0.52115610112950173
  0.53438996359487423  0.54705872008839518  0.55844917273491790  0.56884255723724420
  0.57761781029263315  0.58568186941942690  0.59409038678051462  0.60330478468660320
  0.61420735813804106  0.62477862891981262  0.63461643234890641  0.64430245362239380
  0.65414510359068956  0.66464549952935537  0.67521726278607797  0.68561710553990041
  0.69636987507960613  0.70768981940976772  0.71962091604464862  0.73140078692664334
  0.74295214185860714  0.75473011212620023  0.76664049815165791  0.77792805582641888
  0.78933019979475627  0.80174842206555330  0.81316614684347432  0.82395463336970898
  0.83404418022890758  0.84463284454373988  0.85570826571751324  0.86631262041724111
  0.87690262745357561  0.88719570993976771  0.89675974001133929  0.90586844664142108
  0.91468988770781168  0.92371340908599697  0.93531483549142769  0.94723749954194192
  0.95985047842321847  0.97241663581756332  0.98606246990779389  1.00000000000000000
 -0.00270341159807028  0.01464422122947725  0.02841961334395800  0.04228779443380599
  0.05653846933247497  0.07130457247550764  0.08621531370777602  0.10104057456676417
  0.11544065135095635  0.12990622360064305  0.14442944320276035  0.15821713386450501
  0.17164311054679246  0.18482836084738252  0.19894906625277936  0.21428742710512338
  0.23123060352929642  0.24782290169040783  0.26195168609962555  0.27567863878532745
  0.28833841754286010  0.30003271924697672  0.31144248892105786  0.32379565828605916
  0.33726813388847127  0.35072812952516469  0.36470011579016054  0.37889414940677463
  0.39297441877260342  0.40609847032395585  0.41823283521287730  0.43019248419914058
  0.44263690595521815  0.45569099856933726  0.46876975895194128  0.48137177118690461
  0.49325256679565088  0.50466950109372477  0.51632624248712922  0.52825413881902195
  0.53975320084383638  0.55105082139196027  0.56211881012242670  0.57391841390907994
  0.58620562691176836  0.59859868963924456  0.60916794153530485  0.61855678599330344
  0.62787284479565419  0.63747626276108715  0.64774674706571700  0.65741937247595461
  0.66733557354975559  0.67823886018112467  0.68923349619582430  0.69920791765916379
  0.70946275518790269  0.71962215860652357  0.72977210321478314  0.73922860087754350
  0.74808052888203513  0.75678992618873331  0.76534880958151319  0.77398501725912927
  0.78212837511838418  0.78999657874992169  0.79804956918055747  0.80649381474032911
  0.81558310204327855  0.82558904879001116  0.83610447695084456  0.84584946705559028
  0.85577045628741122  0.86459718049231016  0.87339118017182504  0.88119187349185513
  0.88863721528605322  0.89524887997967639  0.90104099071323096  0.90678012201998504
  0.91291056319428943  0.91957990868432615  0.92568360902534830  0.93101561216905226
  0.93568598752379684  0.94134773254199189  0.94719820874506966  0.95292168896567830
  0.95856452133917802  0.96423689796268230  0.97008270152529696  0.97630701531181463
  0.98266911428350845  0.98882477616170439  0.99460550528719172  1.00000000000000000
 -0.00266239467122801  0.00913691188993955  0.01853880010485335  0.02817239421501690
  0.03854548541680844  0.05033815717747615  0.06272772383456487  0.07447357396434015
  0.08593687662972282  0.09778533649185774  0.10914672153927024  0.11988488552462563
  0.13044323173475900  0.14066528985310611  0.15075198413812527  0.16050430670927776
  0.17146172180626573  0.18343121886160893  0.19642855697257536  0.20848483321918698
  0.21875100305349110  0.22824909260714923  0.23768258978763385  0.24715178408447216
  0.25764771741773140  0.26818010608831450  0.27932835537090211  0.29026950347917524
  0.30102423618424973  0.31187278951695813  0.32234758196245550  0.33263000098686429
  0.34212745304519032  0.35130965808598574  0.36065534860039972  0.36906062895334552
  0.37876038635741216  0.38952706441386847  0.40109309458993703  0.41275488115895442
  0.42470490899695607  0.43612309539921928  0.44702639274046713  0.45782535116190543
  0.46869757590454175  0.47933673901105428  0.48863839370484807  0.49770122249958826
  0.50709323041918697  0.51610390924616423  0.52485993599262704  0.53393339453205402
  0.54208205650668095  0.55293444144285842  0.56363395347640555  0.57454663023575880
  0.58473877199167812  0.59551210989283354  0.60634771765144990  0.61843873925919457
  0.63058040520031733  0.64252960929496028  0.65416382473671442  0.66574428089072635
  0.67742350569787535  0.68878126070228352  0.69884917429740134  0.70847777865372852
  0.71792330794110115  0.72816263216105304  0.73840772945351152  0.74886145124880721
  0.76060265950881878  0.77247244656440239  0.78356839694994174  0.79414235314861259
  0.80473044393672521  0.81432281526439676  0.82321636316621971  0.83168182715041739
  0.84105192098408676  0.85158665849883963  0.86282904031534668  0.87362462123433027
  0.88337330241691814  0.89286238022125886  0.90276156247180561  0.91362070433109510
  0.92415614763196419  0.93436413240738525  0.94432397822515057  0.95463099267222851
  0.96634800280483091  0.97784125096425190  0.98885431206847885  1.00000000000000000
 -0.00254949548433122  0.00784340659895966  0.01793576513029314  0.02891053344404198
  0.04098817786320817  0.05289631765915660  0.06303567749303868  0.07317458943524080
  0.08377949215232031  0.09534920635871237  0.10612530295699921  0.11625781211367764
  0.12659478503977817  0.13703691237763391  0.14730451787835594  0.15705037260050869
  0.16643418919699857  0.17628708132887200  0.18620057527442618  0.19641448490669333
  0.20546208635483942  0.21444264001885507  0.22380715770144718  0.23313225929965767
  0.24247893111872579  0.25186589021066791  0.26127244286550078  0.27135737305655838
  0.28153810312321642  0.29154910101164089  0.30207145029881988  0.31346449407487126
  0.32447806097929466  0.33524238580270116  0.34537824956861196  0.35525058011210014
  0.36545148487743773  0.37620639433509440  0.38731752072094633  0.39796837479959951
  0.40857500710983330  0.41936158308628624  0.42992954398941835  0.44118387761691669
  0.45320814289873229  0.46444455471028723  0.47142385515120472  0.47869097645012137
  0.48582745003519218  0.49498826700399934  0.50516210773734149  0.51596787518763221
  0.52807462826324714  0.54052994640747232  0.55273827243074969  0.56465468078506942
  0.57692242534475979  0.59077691103692609  0.60530691868600606  0.61719987633744355
  0.62791923614395251  0.63770976787821987  0.64729121947373613  0.65631775232558787
  0.66521766460398890  0.67433691685435659  0.68343019900052149  0.69219848842760590
  0.70057975491459368  0.70991392299572875  0.72147324482709818  0.73272290617336666
  0.74218762455592902  0.75150960777531117  0.76112142172335706  0.77095885799540542
  0.77985383983419576  0.78895863104528374  0.79915295457564373  0.81103231381487562
  0.82393941494962664  0.83725591440373237  0.84905098679983482  0.85959189579785811
  0.86918300906506585  0.87948350996622449  0.89027760922559440  0.90159557407894386
  0.91309499288832741  0.92437098379424032  0.93549694031347208  0.94631118512693191
  0.95839419064225451  0.97214754714662321  0.98630861161314753  1.00000000000000000
 -0.00012204794400542  0.00019196752141608  0.00047550846281949  0.00072596469810953
  0.00088361409313886  0.00104183944244395  0.00120064725204802  0.00135419919138996
  0.00150840079916988  0.00166341952770617  0.00180794101058917  0.00194663800681755
  0.00207556858605798  0.00220501210604814  0.00233485252654497  0.00246983464320294
  0.00260684915746158  0.00277147669439653  0.00294056015428446  0.00311266732398602
  0.00328252193108392  0.00342973794029274  0.00356917481246313  0.00371460974254655
  0.00385787109496936  0.00397756102998895  0.00409725096500855  0.00423524787637240
  0.00437715881180281  0.00453099120823790  0.00468660973741647  0.00492751810938874
  0.00511208021158258  0.00525914231488996  0.00540678002952668  0.00555585107705536
  0.00570492212458404  0.00585321866636418  0.00600148295361357  0.00621364570863734
  0.00644316667639024  0.00664221190870173  0.00680722039296515  0.00696804902700600
  0.00712708780071518  0.00731831668843774  0.00758056655685697  0.00787280264484514
  0.00812527735910078  0.00836116398278773  0.00865732499353588  0.00904946024051810
  0.00952735626820811  0.00971049877888158  0.00989525316540956  0.01009091105110562
  0.01026515912724079  0.01043887281614775  0.01064683765390504  0.01078394890583341
  0.01089138342133226  0.01099788305393616  0.01110086518356752  0.01147294586980588
  0.01192704529117662  0.01235109877339983  0.01262194526048459  0.01288944217469043
  0.01323273706159352  0.01354497059404230  0.01382916117833665  0.01402162769905086
  0.01420936249407066  0.01444021176089226  0.01468057093704814  0.01488205560811516
  0.01506704337900545  0.01537624805934237  0.01573172173078425  0.01596231564193530
  0.01618121715818898  0.01642401460041587  0.01676509577743389  0.01743214795608128
  0.01775802022822257  0.01809029643636919  0.01855579265669924  0.01957908753184083
  0.02069986291666545  0.02398647845141848  0.02562885359982914  0.02832992860212695
  0.02979963148506735  0.03628710807438876  0.49691756387140917  1.00000000000000000
 -0.00155376809755052  0.00546398996003726  0.01191881981390685  0.01853841516094081
  0.02662871470944545  0.03508979912265001  0.04244852068633895  0.04919026611264431
  0.05577798584620774  0.06243984989144497  0.06899271489019999  0.07606540869465557
  0.08334010438999183  0.09158564469357841  0.09931274409597711  0.10646547173053744
  0.11360361612438993  0.12096037060309486  0.12959340895697241  0.13980525975370825
  0.14985532833758514  0.15949159312611200  0.16875043700164177  0.17765200347705010
  0.18702215194022270  0.19686262132717694  0.20648445453717670  0.21618306444565091
  0.22615658043413039  0.23805490554402425  0.25136970427381022  0.26222444358272462
  0.27264465182225900  0.28284300847568766  0.29324598939392155  0.30386146593664837
  0.31465225054907475  0.32592288413267839  0.33814709248867952  0.35086025691761547
  0.36347583984810705  0.37550885466356521  0.38866157334959300  0.40192763099042922
  0.41557463249529025  0.43003961628211257  0.44300877961512608  0.45651556956845152
  0.46992021448183469  0.48600778124624638  0.50310722247660700  0.51976088466789372
  0.53471767105707579  0.54939519358463451  0.56387633494026668  0.57954415728541775
  0.59599185086142858  0.61114150177829907  0.62537268928878542  0.63893990474604301
  0.65320449947786707  0.66560704698654438  0.67762555493712173  0.68922016527284125
  0.70220083840731440  0.71459785797924169  0.72742206678613852  0.74072123827550274
  0.75426109528784657  0.76686960815796923  0.77887922700606371  0.79098107681684149
  0.80241640593452812  0.81358011518378248  0.82395995450220905  0.83484689776480703
  0.84616850251235276  0.85773613750994104  0.86864524340151428  0.87829150828187375
  0.88757795497097136  0.89679163689805164  0.90525691658162588  0.91417659481860325
  0.92184125733226474  0.92958020109013351  0.93631825842186778  0.94313281723056441
  0.94995028225711509  0.95687546600498274  0.96431590893601982  0.97152067902298322
  0.97827887000028102  0.98561403291319949  0.99289729932583537  1.00000000000000000
  0.48514155324179253  0.52894043364597154  0.53960937736734049  0.55863852612397280
  0.56572913283286430  0.57334410148870441  0.58063867054311002  0.58702036772573218
  0.59265977032940487  0.59901618060724571  0.60572978276400447  0.61222279084450215
  0.61832269405409812  0.62426172579048378  0.62984146919781048  0.63519507475988601
  0.64025944222995879  0.64576384080561611  0.65219928485259893  0.65823506492294848
  0.66371383271425233  0.66886675010196184  0.67424364434210193  0.68020999357537371
  0.68675296579668832  0.69263651596810549  0.69811236200157223  0.70376805358926786
  0.70967935230432766  0.71527719043910087  0.72026359852420885  0.72506848747941566
  0.73020288305971737  0.73610843286982919  0.74293592327339431  0.74922098798361869
  0.75446618075314698  0.75897488110285349  0.76330510241539951  0.76804163721513197
  0.77311198591396446  0.77801686617855204  0.78269817533250907  0.78726249678379123
  0.79199640584955144  0.79701963336612802  0.80186189540304709  0.80636235903767051
  0.81067441881067037  0.81488206127127683  0.81920145684569645  0.82358643395341480
  0.82809980480959622  0.83264090135624458  0.83731333203365643  0.84227669821465423
  0.84699589251022445  0.85216941668961688  0.85683413412658427  0.86128521311850015
  0.86530270673465171  0.86921501761400022  0.87317140006168448  0.87717162628037038
  0.88137508879544824  0.88570569165713930  0.89011826121866999  0.89459795038562917
  0.89894529581255478  0.90317368828293476  0.90721097429833042  0.91112806998000029
  0.91504446286486618  0.91903152189815196  0.92298763191769695  0.92699143678890095
  0.93095221035674758  0.93467230213915697  0.93833587368385740  0.94192306981452345
  0.94552737235268014  0.94923310932687921  0.95285611362162115  0.95624913927711497
  0.95965923793576247  0.96295570453448620  0.96609153762731570  0.96922781119134982
  0.97240981232714885  0.97575396937749259  0.97933705627819356  0.98315611851792273
  0.98713621799165507  0.99120731336971601  0.99552375193033527  1.00000000000000000
 -0.00649996124063641  0.06696853610956245  0.09094241950620345  0.10628309510471812
  0.11887177096339321  0.12999236597511210  0.13900866309295731  0.14629510372431534
  0.15284987752146301  0.15954690433020657  0.16620609186121840  0.17237852224565842
  0.17739159129080823  0.18203256004888629  0.18627553063488461  0.19126591273666871
  0.19651726688535104  0.20183682585511820  0.20665234988777073  0.21194980814640713
  0.21781076995103690  0.22339896311414545  0.22935099522944338  0.23499051288124714
  0.24039779039295570  0.24583108415100294  0.25100924142289277  0.25612101373396673
  0.26137352162223215  0.26670720058400244  0.27209489271002396  0.27749855617803193
  0.28241568617046703  0.28751560369169249  0.29268987667485147  0.29819278522301512
  0.30411648716215689  0.31023102615046466  0.31611950280432355  0.32199883456876105
  0.32804969121502481  0.33428569958691123  0.34059137773300091  0.34661357988000663
  0.35256903946418705  0.35876218342813976  0.36532702248277554  0.37193803223593003
  0.37905886930245386  0.38667774510163083  0.39420159541414362  0.40157935215363860
  0.40872740137405866  0.41539474619032363  0.42159336373518991  0.42767965836928451
  0.43415304467346738  0.44094453251228849  0.44782300965089394  0.45468423830021371
  0.46142541035693108  0.46759124711276551  0.47360720447765625  0.47985249293515569
  0.48712381924004661  0.49501727881069746  0.50308203034148147  0.51129225085272356
  0.51959816748428178  0.52764905976078691  0.53582120886342854  0.54397920519490517
  0.55211685160401669  0.56032791925744185  0.56864632852494557  0.57765490138814923
  0.58770875235468367  0.59890270219978969  0.61071666165709770  0.62244384334996927
  0.63420833762479101  0.64668741354946924  0.66085332300995092  0.67560717223848599
  0.68896653385798334  0.70159135486964208  0.71452370838445156  0.72872375399043854
  0.74473433273136358  0.76236742558926629  0.77973119508188160  0.79657261758081799
  0.81309223618353277  0.83222878541284007  0.85957339731656857  1.00000000000000000
   2.9080587242852417E-006  -1.0000000000000000     
 F F F F F F F F F F F F F F F F F F F F F F F F F F F F F F F F F F F F F F F F F F F F F F F F F F F F F F F F F F F F F F F F F F F F F F F F F F F F F F F F F F F F F F F F F F F F F F F F F F F F F F F F F F F F F F F F F F F F F F F F F F F F F F F F F F F F F F F F F F F F F F F F F F F F F F F F F F F F F F F F F F F F F F F F F F F F F F F F F F F F F F F F F F F F F F F F F F F F F F F F F F F F F F F F F F F F F F F F F F F F F F F F F F F F F F F F F F F F F F F F F F F F F F F F F F F F F F F F F F F F F F F F F F F F F F F F F F F F F F F F F F F F F F F F F F F F F F F F F F F F F F F F F F F F F F F F F F F F F F F F F F F F F F F F F F F F F F F F F F F F F F F F F F F F F F F F F F F F F F F F F F F F F F F F F F F F F F F F F F F F F F F F F F F F F F F F F F F F F F F F F F F F F F F F F F F F F F F F F F F F F F F F F F F F F F F F F F F F F F F F F F F F F F F F F F F F F F F F F F F F F F F F F F F F F F F F F F F F F F F F F F F F F F F F F F F F F F F F F F F F F F F F F F F F F F F F
  <DiscreteSampler_grid>
  grouped_processes
  1 # 1 for a reference and 2 for a running grid.
  10 # Attribute 'min_bin_probing_points' of the grid.
  1 # Attribute 'grid_mode' of the grid. 1=='default',2=='initialization'
  0.0000000000000000 # Attribute 'small_contrib_threshold' of the grid.
  0.5000000000000000 # Attribute 'damping_power' of the grid.
 # binID   n_entries weight   weight_sqr   abs_weight
    19   10   1.511935127559266E-002   1.166996249565648E-003   1.511935127559266E-002
    20   10   1.511935127559268E-002   1.166996249565650E-003   1.511935127559268E-002
    22   10   3.692005291749915E-003   7.088211381036855E-005   3.692005291749915E-003
    23   10   3.692005291749922E-003   7.088211381036866E-005   3.692005291749922E-003
    25   10   1.589889877817670E-002   1.222754242692604E-003   1.589889877817670E-002
    26   10   1.589889877817673E-002   1.222754242692606E-003   1.589889877817673E-002
    28   10   4.016531224601000E-003   7.756584710341893E-005   4.016531224601000E-003
    29   10   4.016531224601008E-003   7.756584710341909E-005   4.016531224601008E-003
    34   10   1.511935127559266E-002   1.166996249565648E-003   1.511935127559266E-002
    35   10   1.511935127559269E-002   1.166996249565650E-003   1.511935127559269E-002
    37   10   3.692005291749917E-003   7.088211381036859E-005   3.692005291749917E-003
    38   10   3.692005291749922E-003   7.088211381036866E-005   3.692005291749922E-003
    40   10   1.589889877817671E-002   1.222754242692606E-003   1.589889877817671E-002
    41   10   1.589889877817673E-002   1.222754242692606E-003   1.589889877817673E-002
    43   10   4.016531224601002E-003   7.756584710341903E-005   4.016531224601002E-003
    44   10   4.016531224601010E-003   7.756584710341916E-005   4.016531224601010E-003
  </DiscreteSampler_grid>
