 -0.00224931645951734  0.01028736542796071  0.02098310823492143  0.03129487074134338
  0.04119334929068746  0.05057528950232916  0.05969538982645407  0.06848157025989290
  0.07713623562457284  0.08625310436399021  0.09588378533479590  0.10624198941463528
  0.11806515443292125  0.13046949287257023  0.14204195655433016  0.15256997450508733
  0.16225276746075201  0.17188701919741284  0.18144536381338297  0.19173982691717267
  0.20222242466694665  0.21315305900884535  0.22461262436703078  0.23522603719765350
  0.24579299866188711  0.25771305201770234  0.27000361139450613  0.28107535603550815
  0.29101011626679946  0.30089290134179009  0.31091851421672440  0.32101462530070302
  0.33193688403435367  0.34359937001949875  0.35469544969168398  0.36501610505591947
  0.37463357574574213  0.38426030735633704  0.39419348551615047  0.40441553799260438
  0.41487455551106928  0.42619138158753311  0.43778222115607091  0.45020032270824012
  0.46202681644655275  0.47375050049621220  0.48567369595153026  0.49744756683319430
  0.50781115368183050  0.51784544234144436  0.52849507824316921  0.53951927952025913
  0.55028307483833583  0.56102132920343939  0.56944125733420548  0.57686366879162110
  0.58490852284285755  0.59408931628385153  0.60393849798209187  0.61324763880881272
  0.62166518327954434  0.63142092467671795  0.64125435005106068  0.65104805549615208
  0.66131049624530935  0.67197940809056922  0.68297940384422562  0.69493542613940895
  0.70609273770488179  0.71847076031737311  0.73027588736064997  0.74233853590510779
  0.75436604201454982  0.76612865421066023  0.77741592570634022  0.78801032394853676
  0.79904390492664856  0.80970462886049743  0.81959227049586558  0.82900738143972552
  0.83857857462842855  0.84920874452259598  0.86041857014221523  0.87141003581082122
  0.88251804779737264  0.89333357203928832  0.90393311062917381  0.91426306040276506
  0.92470325022345501  0.93525493498909573  0.94596226404733430  0.95698297816371958
  0.96722058605577099  0.97736496076750667  0.98813859550152849  1.00000000000000000
  0.00001396110755427  0.00004134710686118  0.00004346021459543  0.00004553366670995
  0.00004759589725585  0.00004984653806392  0.00005212141791912  0.00005616416613774
  0.00006095464412048  0.00006638907798730  0.00007130678944130  0.00007554310369551
  0.00007943896423978  0.00008313978753586  0.00008664156794805  0.00009008161293365
  0.00009359571568818  0.00009716760384946  0.00010076915687497  0.00010445300835463
  0.00010824768477140  0.00011218398779600  0.00011618822903781  0.00012027491424970
  0.00012454744645253  0.00012905985377068  0.00013372392931288  0.00013846394802345
  0.00014329320050406  0.00014806879782133  0.00015255227923117  0.00015733512151187
  0.00016234056756025  0.00016764846146243  0.00017311800461022  0.00017858816251936
  0.00018418280816102  0.00018995822884011  0.00019598276451518  0.00020221194749518
  0.00020848285314954  0.00021473005025262  0.00022135290977855  0.00022890166549446
  0.00023807972798800  0.00024789640428842  0.00025817812920540  0.00026883431104892
  0.00027996245478521  0.00029120039056339  0.00030175727245447  0.00031249043183910
  0.00032293347180823  0.00033357368109540  0.00034478849093118  0.00035756127464258
  0.00037156245994379  0.00038666188010121  0.00040160221631833  0.00041765624958542
  0.00043454552034795  0.00045162508172512  0.00047016148597411  0.00049044115993078
  0.00051322427614982  0.00053667877982503  0.00056171889276207  0.00059049560303481
  0.00062740155445088  0.00066104998186880  0.00069202922702889  0.00072080866050638
  0.00074930191094245  0.00078022609746559  0.00081638667706087  0.00086638998849679
  0.00092315937988850  0.00097534045004432  0.00102479290837572  0.00109526107655756
  0.00117580065989311  0.00126057770074538  0.00135398828784595  0.00146459107209106
  0.00158749144354047  0.00173420127183908  0.00192263583243756  0.00211752120584240
  0.00236738438226532  0.00274881011448002  0.00326027182705886  0.00395740886894631
  0.00496638020352409  0.00644041748643033  0.02603724267030980  1.00000000000000000
  0.00006323321269243  0.00008161168961737  0.00009418047310688  0.00010194137209886
  0.00011102769361238  0.00011960546774535  0.00012739791769093  0.00013512252561822
  0.00014299073612023  0.00015067111351185  0.00015881031915112  0.00016700315190828
  0.00017570254315897  0.00018440179571507  0.00019363317081416  0.00020406751696404
  0.00021490718693983  0.00022679383514612  0.00023962103114668  0.00025278774565353
  0.00026536831536904  0.00027805701542196  0.00029111887717586  0.00030462556270817
  0.00031839721127920  0.00033285506184417  0.00034899522669643  0.00036517612422782
  0.00038169711527916  0.00039934119290438  0.00041847816667939  0.00043933196728870
  0.00046050467201872  0.00048129565731584  0.00050522023312038  0.00053061924307923
  0.00055795798128608  0.00058754977382701  0.00062065582567817  0.00065408200252479
  0.00068543898546965  0.00071858481256979  0.00075445784732583  0.00079186926820369
  0.00082654612940103  0.00086169576647312  0.00090179115083992  0.00094470122679312
  0.00098826296198922  0.00103100108156569  0.00107832852444853  0.00112915037517914
  0.00118250506823557  0.00123688810634492  0.00129041867723369  0.00134770841765479
  0.00141114375808851  0.00147417595919634  0.00153400825559748  0.00160094092139585
  0.00166778944796335  0.00173464398171226  0.00179444258788561  0.00185368022950034
  0.00191692370160712  0.00198232535549072  0.00204346032193166  0.00211881189262058
  0.00220599733868100  0.00234478608117257  0.00250863019251598  0.00266330736888605
  0.00285661133270735  0.00306896363872944  0.00332977785041601  0.00364501097525899
  0.00397979191402479  0.00432687367747365  0.00471688436290220  0.00505654148649751
  0.00541026385810440  0.00567016923813022  0.00592717656859732  0.00625850811243174
  0.00669676680905783  0.00696714119540175  0.00733429593528824  0.00771404614312575
  0.00835135541389568  0.00896724472063943  0.00971493704317437  0.01105611813390213
  0.01371603170883054  0.02352967548212257  0.08204042911040396  1.00000000000000000
  0.00000152717311630  0.00000163889342489  0.00000171482855270  0.00000175313447381
  0.00000179903105434  0.00000185313348136  0.00000191289758790  0.00000197588100877
  0.00000204376798348  0.00000210911039769  0.00000217510299606  0.00000224668315478
  0.00000232455129021  0.00000240449339845  0.00000248194121529  0.00000255414732663
  0.00000262471511216  0.00000269907764296  0.00000277819996557  0.00000286179668555
  0.00000295577112062  0.00000306145456458  0.00000317481943582  0.00000328218840967
  0.00000338884607118  0.00000350564749993  0.00000363211060742  0.00000376042364814
  0.00000389296996545  0.00000403052061784  0.00000416543928928  0.00000429881061807
  0.00000443835368240  0.00000459259183147  0.00000477198441672  0.00000496691581832
  0.00000516274968912  0.00000536271136055  0.00000556890901368  0.00000578448804600
  0.00000599738641178  0.00000620286504841  0.00000641686947397  0.00000672184660664
  0.00000705537436486  0.00000739845163619  0.00000776155090686  0.00000816016493190
  0.00000856436006805  0.00000899343762485  0.00000946199839025  0.00000993812703728
  0.00001048001175521  0.00001109742990976  0.00001174076170178  0.00001240390054600
  0.00001311391747812  0.00001388513300207  0.00001474346447335  0.00001571387711785
  0.00001676495989112  0.00001785956804677  0.00001896827071349  0.00002016524377592
  0.00002148501844239  0.00002288906509889  0.00002443778521885  0.00002609622662416
  0.00002796662807617  0.00003004080083752  0.00003230652606679  0.00003486043838044
  0.00003758850414653  0.00004115987093209  0.00004527757814573  0.00005026654349224
  0.00005614767278241  0.00006284901727507  0.00007067635813497  0.00008015978178324
  0.00009167379798592  0.00010737320515651  0.00012677062212249  0.00014945983402118
  0.00017814890858093  0.00021705234699465  0.00027368963062276  0.00035396355203644
  0.00046233615195815  0.00062016946060254  0.00086851842623404  0.00143335267237336
  0.00242641788842050  0.00498224106988958  0.03832539155871966  1.00000000000000000
 -0.00251518154102155  0.01136069951137740  0.02315120840205225  0.03502698120770187
  0.04618122800940650  0.05704974885076101  0.06881692505832415  0.08081198309459268
  0.09329093452076404  0.10521374606554681  0.11670857624812254  0.12771182236914475
  0.13861313974915251  0.14952393894468510  0.15962486734367271  0.17076851705348889
  0.18206493368053342  0.19436138647136283  0.20671500948565991  0.21946117996837194
  0.23121037479610301  0.24167532096534849  0.25171259056248169  0.26148754780157801
  0.27099654838864640  0.28071530209229961  0.29093392051011513  0.30294872899203235
  0.31581703769183800  0.32812136832042321  0.33970117669300143  0.35124652237912990
  0.36277104983539271  0.37418318951779561  0.38421172266350234  0.39421117546730611
  0.40449821692065924  0.41529004943099901  0.42567841348094815  0.43515500654803752
  0.44456195740091770  0.45405676031737219  0.46331989900888043  0.47301936469148054
  0.48224503834910393  0.49028685108258813  0.49916217177860189  0.50769950470871383
  0.51637265233406271  0.52512171380839190  0.53351633977554325  0.54164008169392963
  0.55010948162087769  0.55854554976783988  0.56747583254059519  0.57668194539489326
  0.58637964685775912  0.59541636910910078  0.60493871117838682  0.61489535877443813
  0.62443053283904992  0.63316787707661748  0.64158471464022182  0.65082884983405154
  0.66107414309938872  0.67154948845923368  0.68182002807294262  0.69162693267902453
  0.70109783807061099  0.71015366604103181  0.71922329209737390  0.72860267698674197
  0.73867913997915491  0.74895112510456607  0.76028959024855092  0.77103554702078980
  0.78173156999518545  0.79241067985240676  0.80360207419063479  0.81412880888755390
  0.82434276674501517  0.83476841103088595  0.84617491959625535  0.85688041120195768
  0.86734837987137092  0.87809209267823529  0.88966182932722171  0.90095490312810611
  0.91240494756621615  0.92402595925180675  0.93595781351482066  0.94796438574907305
  0.96048366864665358  0.97314488413879519  0.98648850430788315  1.00000000000000000
 -0.00243504502813537  0.00916702394419570  0.02035238438216408  0.03192942576933516
  0.04309093848256272  0.05361263821820610  0.06440415762037809  0.07656727874062887
  0.08906293168318531  0.10074994889059821  0.11188216939797971  0.12384948238186229
  0.13591128061935395  0.14774934588152785  0.15858971209439668  0.16980064375886467
  0.18133482651940144  0.19245724878943005  0.20321842685076022  0.21354427192544592
  0.22327127735318356  0.23251888310930235  0.24124630485818038  0.24968874304327124
  0.25992796900067172  0.27008713048493005  0.28017720681425023  0.28992028717987062
  0.29981831331151954  0.31014837106221355  0.32123797463790715  0.33259230650373151
  0.34354466004192902  0.35413075169856006  0.36417506002500721  0.37435467447966725
  0.38451136111019030  0.39416709592872246  0.40359600548844204  0.41347206300501244
  0.42460908458501778  0.43677694583340382  0.44894112221870908  0.46130824867655673
  0.47378173666390738  0.48616517475853649  0.49834550067466171  0.50950721245633435
  0.52056696830071880  0.53172740328865520  0.54394721824237702  0.55624550554905416
  0.56932423961534817  0.58286620263891920  0.59130303649056515  0.60023367815557160
  0.60876120668473799  0.61703159172414312  0.62562432285485881  0.63468130883996332
  0.64361483207674941  0.65282773463621657  0.66280190481003154  0.67313622280173846
  0.68386882414517125  0.69455034986798403  0.70473404846732823  0.71489096170865074
  0.72470159812518420  0.73458397643164219  0.74438074055334480  0.75523254290984376
  0.76635684303760498  0.77613962058111363  0.78544925825473155  0.79453502889558869
  0.80340251985353339  0.81225600468945225  0.82203407811033313  0.83338512115349062
  0.84569146307297138  0.85721921659194911  0.86829061293227827  0.87947564408546941
  0.89092626466817026  0.90194266536204526  0.91250727051143110  0.92260972401177666
  0.93315888692209870  0.94398117057684994  0.95334669745892242  0.96279451193009946
  0.97217928406854626  0.98187638033153679  0.99100847028750882  1.00000000000000000
 -0.00126634702695879  0.00635104739072441  0.01278847895040245  0.01961398326406058
  0.02602692282595143  0.03300366501946746  0.03953506942460538  0.04882194530850011
  0.05775912108250175  0.06645069589567695  0.07577057618668723  0.08661526309554862
  0.09986731197269109  0.11279346245331995  0.12470050237832933  0.13624359565873617
  0.14872821451170329  0.16215047644200736  0.17592648457925358  0.18970254474754911
  0.20292362882429341  0.21639475153704510  0.22959522210892663  0.24251777538634040
  0.25581876161111000  0.26997090568762494  0.28462849348605473  0.29943352295790121
  0.31382200560463624  0.32766030969149568  0.34192390051340504  0.35659633951909009
  0.37109732671076306  0.38594345624243054  0.40049917365571064  0.41488708732649021
  0.43031799537748999  0.44516205800005559  0.45812382453436090  0.47052965863973445
  0.48350710779880818  0.49785708986948363  0.51132246329776032  0.52331005817464904
  0.53560033042980415  0.54849355281839773  0.56257046719185855  0.57641735379893044
  0.58958528712170055  0.60237111342559724  0.61463727797392087  0.62658804314924033
  0.63858184142089713  0.65140692202406925  0.66432091447219233  0.67655194345678171
  0.68853631037318985  0.70084063705677879  0.71363255986530294  0.72592654892444253
  0.73799703269692296  0.74998220505824165  0.76233525910008015  0.77408847060017572
  0.78439945070488115  0.79383126036606688  0.80286122294000040  0.81222343168978350
  0.82184166187447683  0.83202874693742257  0.84204731315467118  0.85148455760978836
  0.86013335190248696  0.86850004611570353  0.87637445265841185  0.88406659155907896
  0.89227707749759355  0.89979062694420353  0.90629974148330827  0.91226680968719676
  0.91795238239819021  0.92359961919602351  0.92932556766101171  0.93480244236785859
  0.94054764426410786  0.94630097561109960  0.95163827787705135  0.95668992594439295
  0.96176791255272798  0.96691754708312239  0.97200426798966477  0.97722562850221117
  0.98240557851856603  0.98784552953132332  0.99392283510062440  1.00000000000000000
 -0.00170147165464485  0.00911976982921750  0.01808770453825228  0.02697228863787469
  0.03564289272321198  0.04477759036440816  0.05551573491671118  0.06669825182423061
  0.07712301035339107  0.08726290458074432  0.09739725701653416  0.10840890958323469
  0.11997698488695485  0.13167156117145662  0.14313155380076861  0.15400818960361723
  0.16443154786799805  0.17381677553264832  0.18322680381156692  0.19378313404873646
  0.20610903191894828  0.21889299607447754  0.23054177549677610  0.24156523984230341
  0.25225533223750873  0.26290117707480426  0.27357552571972971  0.28420068781139579
  0.29504629137730282  0.30626541415424763  0.31749719142016625  0.32879895372167572
  0.34081881695667471  0.35333699851698824  0.36600291729558365  0.37762495911713012
  0.38856074357461923  0.39859224374690944  0.40849902673018768  0.41853883968716094
  0.42980451360947569  0.44142355987388754  0.45247969131586485  0.46312552875107438
  0.47408222666990008  0.48547075071727358  0.49648079167694847  0.50663376264668702
  0.51669377187384558  0.52681579888431873  0.53756461110806453  0.54849948474741905
  0.55978514937501145  0.57171688475213778  0.58360863283821107  0.59369742930985780
  0.60323500736138913  0.61269440787664631  0.62213412693864334  0.63189521587918596
  0.64178096248533700  0.65189728479561071  0.66341079796956826  0.67518792182282783
  0.68730507907345817  0.69910411135978989  0.71120226408462628  0.72267814149958620
  0.73363149608499312  0.74440824463983390  0.75519210337709397  0.76570772966046208
  0.77585288755022919  0.78588534438265700  0.79590504396732820  0.80562007902484511
  0.81433173435020700  0.82308405184218281  0.83214394970668892  0.84226450844830325
  0.85306883142966139  0.86368482015760129  0.87366266330327413  0.88435007467081472
  0.89501876262005120  0.90519585856821994  0.91481923205519533  0.92415781923107210
  0.93365066815302578  0.94307938638569466  0.95238826777555718  0.96107130437633215
  0.97063097471100723  0.97982167989814439  0.99000093103401154  1.00000000000000000
 -0.00104595419418129  0.00349592124682756  0.00773321163412247  0.01155273235038046
  0.01486604349229909  0.01869022740101862  0.02223083470942636  0.02643478100152640
  0.03119147891845113  0.03644217587558595  0.04198496032455400  0.04702489622632752
  0.05162723307591718  0.05662209211128613  0.06215891292674279  0.06872297532736246
  0.07632261747819979  0.08429269606977285  0.09231459830048802  0.10000694213226625
  0.10764980943495384  0.11579111787592676  0.12374637158800095  0.13208106844912915
  0.14127970799919673  0.15209592711903669  0.16447852019930653  0.17817978618923902
  0.19296128666667203  0.20849212271645998  0.22484347215866701  0.24152303643477202
  0.25829227924699583  0.27460649440810175  0.29109338193911255  0.30830687124868000
  0.32444823593373767  0.34005969873464037  0.35577225687338104  0.37167176155418735
  0.38833366437008737  0.40546033407116089  0.42320708300999138  0.44216637273546194
  0.46085723490781777  0.47932009288964372  0.49762747666521412  0.51574409780534558
  0.53332848440335290  0.55041345133148911  0.56688625016902483  0.58344240018594240
  0.60159124591759983  0.61968027394231795  0.63711956918831836  0.65484179625360128
  0.67109156968079575  0.68639128569117758  0.70155255465622957  0.71747682514484323
  0.73331523820546851  0.74816302655538347  0.76214159909214352  0.77577465233825782
  0.78918230097835784  0.80223915683421887  0.81545292019228754  0.82863100594177030
  0.84129141588237399  0.85288935542252287  0.86337932140581997  0.87333121892099941
  0.88208597820759249  0.89052486488828397  0.89876177344442931  0.90632285094474208
  0.91366317622624404  0.92086513054174612  0.92802872284271232  0.93514467275475266
  0.94213798169996144  0.94894788346875059  0.95536396087483155  0.96082849562718808
  0.96535966522773164  0.96943135773230427  0.97327679239760179  0.97650335538490107
  0.97935106120729187  0.98218699137005760  0.98490513645647049  0.98751597598864216
  0.99017557978640403  0.99342172614997348  0.99681990601669312  1.00000000000000000
 -0.00238205299001944  0.01138085836710814  0.02200088525424304  0.03141248282914309
  0.04123517260416566  0.05192753347909942  0.06330864915851167  0.07376691669402895
  0.08390215912529525  0.09427863594124808  0.10555071650865815  0.11711433360414440
  0.12819509543406979  0.13914050385912738  0.15006648735907793  0.16042337559740544
  0.17063367702070492  0.17971757896176779  0.18932912290005832  0.19917614552127985
  0.20923657810213356  0.21898720065070235  0.22861916915391853  0.23860707449489416
  0.24923834913607143  0.26026451936800682  0.27099624726922250  0.28110147643331340
  0.29102280865735863  0.30120140336319901  0.31156339400621191  0.32195736745263520
  0.33228731870224210  0.34348855923676619  0.35393198693020256  0.36458723284465921
  0.37502923292851315  0.38721531837384232  0.39736810084440455  0.40623395629669318
  0.41500764128022261  0.42444584912764061  0.43371825593499092  0.44312160741685724
  0.45244437867485299  0.46266946585086893  0.47398504601176078  0.48470945058843440
  0.49534901385697022  0.50582351671909231  0.51730034318832208  0.52781036337424647
  0.53796107721157538  0.54781741072764634  0.55824713501395307  0.56938065377093605
  0.58057421809294307  0.59118115945258543  0.60077579012463267  0.61015983876199131
  0.61977840218030522  0.62976310300213134  0.64005071955177306  0.65102775266253743
  0.66280732476813808  0.67434835347201394  0.68581064406880854  0.69820105166564539
  0.71092093635249920  0.72319914983365075  0.73514926574178552  0.74663606241578540
  0.75682645760521405  0.76594868242060266  0.77468276609237685  0.78351626167661925
  0.79322991261995390  0.80312499591850017  0.81309332296737447  0.82354854012134571
  0.83456132310451070  0.84635322178157568  0.85795724076509350  0.86878424124671327
  0.87936602551404597  0.89025797532824968  0.90102143798505352  0.91121293677649118
  0.92154893524749903  0.93195043096470598  0.94194696239377795  0.95194471686751403
  0.96244095724829859  0.97480478522446379  0.98783272589515259  1.00000000000000000
 -0.00213800687138913  0.00930328141525197  0.01950051147039576  0.02985279821479215
  0.03990355534630919  0.04951940029524125  0.05871830964768723  0.06823682340561793
  0.07850790631419577  0.08922985699091596  0.09981968008524461  0.11105208409390434
  0.12294774757249728  0.13459597328212877  0.14592353848069153  0.15659859309897614
  0.16664352439385507  0.17638980816813393  0.18594632461264402  0.19555490085431654
  0.20585671233089783  0.21632665525778264  0.22695786491143591  0.23736180166549950
  0.24753661828622894  0.25779561266767331  0.26825458711405809  0.27893156911138006
  0.28978299043111327  0.30096306090864305  0.31172768848257071  0.32253056553320958
  0.33380096185931318  0.34556427239684079  0.35787206047990200  0.36892794620522157
  0.38013436206496165  0.39171404387524172  0.40304121910254420  0.41356148201114262
  0.42375558516535344  0.43376074283675159  0.44396957279126109  0.45443277079582872
  0.46537138111628890  0.47650246201984070  0.48682379448416641  0.49580557499892042
  0.50475598432809432  0.51409377743003382  0.52359040994371864  0.53180550296013129
  0.53944600077688032  0.54724805018144851  0.55644168668746441  0.56591458669315020
  0.57546759122825664  0.58531640043668154  0.59614234983876413  0.60688264478936116
  0.61766477068335446  0.62896766380612068  0.64131380357164125  0.65360233032430359
  0.66536796005517163  0.67712975301915568  0.68836906026839728  0.69934173116249920
  0.71036069947458957  0.72027274211455805  0.72958732443220831  0.73883954087603476
  0.74831678965166815  0.75833826015084782  0.76868806450919425  0.77940154775317982
  0.79124461970024496  0.80222067031231525  0.81265232465475457  0.82328890002333044
  0.83418657046943845  0.84514476533666416  0.85582607183917370  0.86545299127957898
  0.87580070720633796  0.88540973340367302  0.89631410777855158  0.90711254892559545
  0.91793711450963911  0.92811031601934280  0.93804708077899668  0.94914221765841411
  0.96095726109540247  0.97376983167203979  0.98704138698995469  1.00000000000000000
  0.67349812054943892  0.77387788269760893  0.78936720441410535  0.79839953106158423
  0.80556057450956964  0.81234785654391872  0.81887808701693288  0.82480375786906768
  0.83010334881839209  0.83515498682224887  0.83955726706831857  0.84390363690246817
  0.84757426236923861  0.85154903136062465  0.85512577697275405  0.85872839069955242
  0.86248022283824866  0.86646561217326112  0.87025049369049412  0.87364000141839127
  0.87655165160566550  0.87929534186897818  0.88205294254671951  0.88474054879636532
  0.88746150823282299  0.89020367544635381  0.89282254090196633  0.89527542358941670
  0.89761299491778634  0.89998233630731306  0.90250005385556165  0.90498143027285372
  0.90730756012264158  0.90952057480559989  0.91167421934595083  0.91389052546366345
  0.91614628401713327  0.91830246891148293  0.92037610599483299  0.92234547871974171
  0.92426947992384412  0.92609804145299512  0.92799560438455719  0.92988526873708122
  0.93184794702038731  0.93379197129028946  0.93571582157191246  0.93755334889479580
  0.93928135718939310  0.94095972242237913  0.94261617101322193  0.94419740371844174
  0.94571328010146893  0.94719974775589588  0.94866581895107527  0.95012266782206245
  0.95160981633112851  0.95306621283804216  0.95455233297114728  0.95606754358176571
  0.95759986851854750  0.95906718704749216  0.96044620893792254  0.96172984138606887
  0.96296546940923899  0.96420130245732960  0.96547231268844458  0.96677830239812257
  0.96810709915402904  0.96943244510553428  0.97071223787197425  0.97198631835646676
  0.97320081619201149  0.97434197068947226  0.97541044206009975  0.97651762087953997
  0.97763039282801445  0.97868095360518448  0.97972879118407596  0.98077427997432276
  0.98186316712611188  0.98298101476162469  0.98414135122910340  0.98530076809920120
  0.98637885759638499  0.98740102558049714  0.98844178454781306  0.98950420319879495
  0.99059599799683240  0.99181957946370747  0.99304076358832538  0.99430392995206629
  0.99557017025606809  0.99687846521775458  0.99839864483182184  1.00000000000000000
  0.01111372792851769  0.13252043799836710  0.16795346097520664  0.19136125545017213
  0.21031711240745868  0.22546038856260658  0.23949075121366017  0.25251496963155701
  0.26571438635450223  0.27819206214881170  0.28976874299070304  0.30002057838283602
  0.30948081928100984  0.31865211351964051  0.32746969327948666  0.33605518565603598
  0.34435535312898347  0.35210210325768559  0.35898217548705025  0.36520921290808955
  0.37142695927207880  0.37725195018033086  0.38300596839821011  0.38869409163971663
  0.39408349680296351  0.39932675624786412  0.40463384846052014  0.41004945845023466
  0.41562577107732229  0.42130949944764723  0.42694187347911527  0.43224964555305795
  0.43744154604219904  0.44276765263697221  0.44829947828726258  0.45389126083988618
  0.45957598368260227  0.46527967919501378  0.47110989822847149  0.47679935651349092
  0.48220969037052525  0.48737241487927130  0.49264573521303662  0.49814617104169412
  0.50407938097293614  0.51022416333704124  0.51635307741470537  0.52192280736338414
  0.52696732239103916  0.53186946225790876  0.53667740188730484  0.54216888488303905
  0.54729022235624414  0.55227690708681265  0.55707461189725083  0.56190592841096598
  0.56672819197276991  0.57158028811063455  0.57649347473067225  0.58170035472059523
  0.58733176158384559  0.59295673437249463  0.59838276817041225  0.60374955851302747
  0.60959253699675175  0.61560666483039550  0.62154326843513130  0.62756257232150903
  0.63384187311335172  0.64016478531431353  0.64657636311733846  0.65297603101207990
  0.65897580057348160  0.66466716149308380  0.67031346234503220  0.67635462181090145
  0.68239118389137920  0.68870089186203443  0.69528825728172616  0.70287027547194092
  0.71038708716019616  0.71804306627035019  0.72542772267283395  0.73365688965257669
  0.74277699540869024  0.75284930283781848  0.76299893028427024  0.77379162497415566
  0.78557469922834788  0.79804941003589314  0.81052161213945562  0.82371482485821357
  0.83956771530847873  0.85966120980996530  0.89111573026190849  1.00000000000000000
   1.2587816484870796E-005  -1.0000000000000000     
 F F F F F F F F F F F F F F F F F F F F F F F F F F F F F F F F F F F F F F F F F F F F F F F F F F F F F F F F F F F F F F F F F F F F F F F F F F F F F F F F F F F F F F F F F F F F F F F F F F F F F F F F F F F F F F F F F F F F F F F F F F F F F F F F F F F F F F F F F F F F F F F F F F F F F F F F F F F F F F F F F F F F F F F F F F F F F F F F F F F F F F F F F F F F F F F F F F F F F F F F F F F F F F F F F F F F F F F F F F F F F F F F F F F F F F F F F F F F F F F F F F F F F F F F F F F F F F F F
  <DiscreteSampler_grid>
  grouped_processes
  1 # 1 for a reference and 2 for a running grid.
  10 # Attribute 'min_bin_probing_points' of the grid.
  1 # Attribute 'grid_mode' of the grid. 1=='default',2=='initialization'
  0.0000000000000000 # Attribute 'small_contrib_threshold' of the grid.
  0.5000000000000000 # Attribute 'damping_power' of the grid.
 # binID   n_entries weight   weight_sqr   abs_weight
    13   10   1.678744515297677E-001   1.978238047362699E-001   1.678744515297677E-001
    16   10   2.036026721061607E-001   2.828012323926829E-001   2.036026721061607E-001
    22   10   2.308305176811053E-001   4.261785249445437E-001   2.308305176811053E-001
    25   10   3.090428784565770E-001   7.761791102684616E-001   3.090428784565770E-001
  </DiscreteSampler_grid>
