  0.00000019691584655  0.00000020492236069  0.00000021167769322  0.00000021846854090
  0.00000022543599497  0.00000023220202963  0.00000023870006375  0.00000024623500641
  0.00000025442000106  0.00000026320497769  0.00000027159567776  0.00000028012984884
  0.00000028837722118  0.00000029868566138  0.00000030940657431  0.00000032085414738
  0.00000033015637945  0.00000033829088553  0.00000034615941584  0.00000035471394118
  0.00000036463830139  0.00000037525106311  0.00000038810559323  0.00000040131698676
  0.00000041339962685  0.00000043404331171  0.00000045896879905  0.00000048554655544
  0.00000051531371415  0.00000054801744104  0.00000058273510071  0.00000061928808302
  0.00000065473265656  0.00000068985106828  0.00000072616247982  0.00000076582525178
  0.00000081119396245  0.00000085877901053  0.00000091299347601  0.00000097334946830
  0.00000103760022073  0.00000110203223316  0.00000116926652405  0.00000123931349959
  0.00000130759857378  0.00000138181544294  0.00000146556439703  0.00000153909193814
  0.00000162584171397  0.00000171390860827  0.00000181160387622  0.00000192483734752
  0.00000205551690927  0.00000218314632234  0.00000229474291866  0.00000239157639637
  0.00000247521419829  0.00000256299146322  0.00000266060694677  0.00000278727234410
  0.00000297291779427  0.00000316991387450  0.00000337680948416  0.00000362256223078
  0.00000389445913402  0.00000419623256993  0.00000454211354929  0.00000493255103487
  0.00000537926231058  0.00000588871394027  0.00000647317937449  0.00000710907726224
  0.00000776960851614  0.00000845997771621  0.00000924164207099  0.00001019169080372
  0.00001138425531380  0.00001282618462171  0.00001442674265222  0.00001619441178665
  0.00001826925827832  0.00002078684492269  0.00002408010874401  0.00002816293145224
  0.00003337635971808  0.00004059523879838  0.00005098962098452  0.00006465332061824
  0.00008256018377922  0.00010945716558229  0.00015637611686062  0.00025163298676773
  0.00040666687983947  0.00095264457913801  0.09429249226674032  1.00000000000000000
  0.00000065886281371  0.00000079879870684  0.00000095142066673  0.00000111134056533
  0.00000128176341306  0.00000147646563353  0.00000166022220269  0.00000189053391542
  0.00000207375229605  0.00000224833392271  0.00000243636633504  0.00000265077671387
  0.00000294736082467  0.00000328591965212  0.00000366795759077  0.00000405572136670
  0.00000448366048167  0.00000492961231643  0.00000539483688923  0.00000588905352838
  0.00000644274290212  0.00000712528761900  0.00000790816775469  0.00000852517565030
  0.00000900962987296  0.00000952682676512  0.00001006111330181  0.00001062549528290
  0.00001149910013592  0.00001251577702707  0.00001356371205474  0.00001465926548818
  0.00001581199087535  0.00001691598626620  0.00001800139354567  0.00001916418856358
  0.00002048905019360  0.00002201289815850  0.00002350134584653  0.00002510222729249
  0.00002670493828965  0.00002840148086224  0.00003030102567916  0.00003216730029694
  0.00003395883815144  0.00003595292131600  0.00003793897455711  0.00004009188599099
  0.00004244960227280  0.00004507132074679  0.00004771264019271  0.00005052176739450
  0.00005399704419393  0.00005759133625262  0.00006163008318032  0.00006629616546909
  0.00007107838333923  0.00007616060307661  0.00008151781149262  0.00008710628981877
  0.00009315199973081  0.00009987976244507  0.00010747241601117  0.00011568610272235
  0.00012405597445128  0.00013328714658803  0.00014361439882885  0.00015555209284745
  0.00016922158216931  0.00018319834779635  0.00019776571045078  0.00021312158914026
  0.00023038145230986  0.00024840239226053  0.00026946011081136  0.00029230044469940
  0.00031850618411469  0.00034430099397183  0.00037352268041637  0.00040883301674606
  0.00045101846604972  0.00050980966946661  0.00056612271854518  0.00062859923908911
  0.00069424115042948  0.00077201585778000  0.00088987875893762  0.00104241305627313
  0.00118259362508965  0.00133729152601573  0.00163862968869172  0.00209916073124973
  0.00295352630819499  0.00526310351951403  0.34842806260901449  1.00000000000000000
  0.00000187595502234  0.00000190888412877  0.00000196698425720  0.00000202471854671
  0.00000207056872499  0.00000212000744102  0.00000217370759801  0.00000222820413531
  0.00000227755273728  0.00000232898190221  0.00000238857223643  0.00000245110412082
  0.00000251547031646  0.00000259912683139  0.00000268403889160  0.00000276525846726
  0.00000284318643996  0.00000292183050073  0.00000300486365354  0.00000309840790239
  0.00000319369226209  0.00000330430092340  0.00000342827647907  0.00000357336701322
  0.00000371613513892  0.00000384101641250  0.00000396046225259  0.00000407881460764
  0.00000420578714513  0.00000436175335093  0.00000451555012872  0.00000470176673526
  0.00000487809944600  0.00000505094810397  0.00000522450194507  0.00000540109722551
  0.00000559990043795  0.00000581888867628  0.00000602969634018  0.00000623131180820
  0.00000645127397737  0.00000669975845757  0.00000697121681720  0.00000726077782134
  0.00000755928044010  0.00000787643672649  0.00000819564097524  0.00000843410016799
  0.00000870138098973  0.00000899242830141  0.00000932278027146  0.00000973028849249
  0.00001019182315835  0.00001068543794074  0.00001122571799726  0.00001180346715186
  0.00001243647075664  0.00001317942826771  0.00001394207326114  0.00001468641221688
  0.00001548930866935  0.00001630948130602  0.00001725990344690  0.00001825874060151
  0.00001934888402640  0.00002062050643831  0.00002189417348099  0.00002335310623927
  0.00002510845804595  0.00002703958440378  0.00002927589333329  0.00003163117242747
  0.00003423591785955  0.00003708386685276  0.00004051288821212  0.00004481735853720
  0.00004988786587365  0.00005527599839005  0.00006119247865767  0.00006795878521060
  0.00007619453054341  0.00008634111795684  0.00009901774712290  0.00011386303621720
  0.00013068325473487  0.00015133335765911  0.00017962186845727  0.00022026045575306
  0.00027576537720901  0.00035216712148140  0.00045082699117028  0.00063123041390467
  0.00094838637466177  0.00153194782971206  0.02987559212654483  1.00000000000000000
  0.00000146124629686  0.00000196459534043  0.00000237443487670  0.00000252664503820
  0.00000267044644999  0.00000286192028217  0.00000304958975043  0.00000322832182229
  0.00000339257487075  0.00000355408671710  0.00000370297557691  0.00000383845654333
  0.00000397771855102  0.00000413814519630  0.00000432328684492  0.00000451016696765
  0.00000470574466367  0.00000494049228134  0.00000519706923573  0.00000545686544125
  0.00000572731304301  0.00000599356104406  0.00000625112954441  0.00000651776424504
  0.00000679001854834  0.00000707382967814  0.00000737955343573  0.00000774137765944
  0.00000808155146469  0.00000832497642572  0.00000857073821152  0.00000882092844339
  0.00000909402365298  0.00000947319714100  0.00000995959359287  0.00001043813565264
  0.00001092340943158  0.00001141373428469  0.00001190918268224  0.00001247620133470
  0.00001309140349684  0.00001372473758763  0.00001435045639218  0.00001495187833545
  0.00001561203173846  0.00001630844874644  0.00001712741673207  0.00001801835545344
  0.00001894057765414  0.00001990661180251  0.00002093951534007  0.00002182976082666
  0.00002276241870198  0.00002389508130213  0.00002526114710575  0.00002670174006044
  0.00002835950848387  0.00003028354568072  0.00003238863649852  0.00003463684543524
  0.00003707898648613  0.00003970922829591  0.00004274898179142  0.00004628411455485
  0.00005008441501247  0.00005423370075938  0.00005849441812188  0.00006325106092210
  0.00006884672092057  0.00007499116660898  0.00008181928030528  0.00008920974596992
  0.00009682011048843  0.00010555693457887  0.00011708858962163  0.00013101989159436
  0.00014655691097445  0.00016490134396633  0.00018591376483620  0.00020845082213200
  0.00023266283828069  0.00026156538052141  0.00029699669044398  0.00033941352003600
  0.00039552670461594  0.00046907983462950  0.00055174743361947  0.00063824052439033
  0.00073810629813827  0.00087053779477890  0.00110891637807870  0.00151442763252570
  0.00243501373838765  0.00376617576431473  0.03139835570664561  1.00000000000000000
 -0.00127832541164843  0.00951307760320939  0.01939614183746843  0.02991600746988511
  0.04069940551180676  0.05250844256055238  0.06439838926174643  0.07488091949807016
  0.08548623288439039  0.09652159589524439  0.10812323485569494  0.11827075024683041
  0.12843705884708642  0.13900174780174074  0.15092509208258778  0.16331736107956127
  0.17449934598620276  0.18515095337084359  0.19565584726217616  0.20625417658836956
  0.21679850185162658  0.22569746908663435  0.23351073033190098  0.24121340078616205
  0.24978362788375408  0.25969800441689961  0.27033229190958519  0.28071512520776820
  0.28909881999737624  0.29620973244465315  0.30372666628612666  0.31113133173346269
  0.31841343060732047  0.32902798486838297  0.34059184646762736  0.35229071688434260
  0.36351808987078754  0.37427452532780003  0.38455702616663917  0.39494725906429795
  0.40507197432536463  0.41503046866870275  0.42561515220002460  0.43771453868426335
  0.44943126027832470  0.45994238085700273  0.46990788909199155  0.48020405237480740
  0.49029003849717856  0.50061175851368078  0.51143511536608866  0.52257285067148684
  0.53385738277419992  0.54448413669448259  0.55541814897044561  0.56632610723412424
  0.57789513244942003  0.58858931681766768  0.59919343400676905  0.61051159983634262
  0.62269519781824800  0.63497579631157874  0.64729319216926440  0.65941473726900002
  0.67168911572679546  0.68343323950477397  0.69361880093139994  0.70306102921250913
  0.71219106068438598  0.72001960944206811  0.72740455922498004  0.73542282541079551
  0.74414956205456251  0.75314880889177349  0.76336333989833616  0.77274168353488359
  0.78096565561341469  0.78918725176408611  0.79820810429783173  0.80885346226131516
  0.82000020296841469  0.83208783969655054  0.84432628020223188  0.85670137907981481
  0.86927475862218628  0.88200663767990106  0.89466172582453296  0.90676606226933654
  0.91840098114484114  0.92998783623514791  0.94187856164102857  0.95389553746636291
  0.96576167280700775  0.97712243499782825  0.98853935879519572  1.00000000000000000
 -0.00286955906320456  0.01230893950801429  0.02512094043488034  0.03838165265029689
  0.04985467326088087  0.06127095571621460  0.07269488485564539  0.08462729854509220
  0.09626700920927297  0.10653772497575983  0.11699697783280295  0.12704910927022245
  0.13772851817130793  0.14930449320204467  0.16090115553443218  0.17258101766038048
  0.18362379304933291  0.19463474110071591  0.20612750435681879  0.21881821411585406
  0.22763664864005856  0.23564243709022809  0.24317958962651198  0.25111989662864403
  0.25959089421805603  0.27272562374280895  0.28649179943491698  0.29876471428641538
  0.31029926541648595  0.32085867289695857  0.33103291328774936  0.34254022332382755
  0.35429779426455910  0.36666435489382720  0.37732679101807237  0.38593454891296775
  0.39483314732059366  0.40232725261087648  0.41069086979416697  0.42011763681620673
  0.43020597155562479  0.44086324342536504  0.45207966052173421  0.46439125970792838
  0.47555136135940856  0.48627616344201052  0.49695539331049243  0.50774568036676659
  0.51744056922627824  0.52727072981212997  0.53740202718161989  0.54776483001108767
  0.55811287109015084  0.56869014851069100  0.57941188732404791  0.58983458575748604
  0.59994449827991714  0.60918820311722388  0.61825773155372099  0.62719701806169359
  0.63571348174176723  0.64410474592009959  0.65230755243421112  0.66031989192887097
  0.66737337950573372  0.67453430820114069  0.68209250599006233  0.69151216460757992
  0.70187720434443024  0.71278707970988964  0.72311056534882567  0.73466662361505375
  0.74599126928232340  0.75755434157447676  0.76926634698221541  0.78070640871899610
  0.79193811955820559  0.80307091270995068  0.81417872503224054  0.82546656052107970
  0.83715119024595819  0.84868422436535129  0.85981654774446037  0.87019916733214686
  0.88031135483729928  0.89102796092887226  0.90102962475853654  0.91205671365818930
  0.92248839918004966  0.93306653801197426  0.94289577437168426  0.95264453883875710
  0.96300680175102449  0.97463145855117528  0.98745997728650603  1.00000000000000000
 -0.00130826658635705  0.00579800753052328  0.01032422677262926  0.01422438539055930
  0.01792250677883803  0.02117086219468251  0.02476477438236209  0.02858700275664425
  0.03293285253509484  0.03766539066810348  0.04251998136432369  0.04756832935222671
  0.05297036515764208  0.05876604148760393  0.06455342326835947  0.07046009083873853
  0.07638703545878964  0.08183879929298399  0.08668306611706471  0.09155480103013930
  0.09710183788127823  0.10343265415492660  0.10964894603045618  0.11562669115241118
  0.12139935385207315  0.12733114957596894  0.13355998140798525  0.13969431456140671
  0.14639929997756607  0.15475753688049795  0.16407784024137245  0.17391588823535251
  0.18321306830181974  0.19244159840171085  0.20171099807307991  0.21104459985369620
  0.22053421637259416  0.23033958740848792  0.24059289065137646  0.25107929438634691
  0.26118229743080290  0.27059174142339604  0.27966261216653321  0.28900867424462051
  0.29906464525670201  0.30988278574635258  0.31985140319697558  0.32926420988872895
  0.33839132444847314  0.34873899490966831  0.35987899035216236  0.37114049018176121
  0.38273761301948062  0.39508101162078496  0.40748633048936744  0.41978157819871009
  0.43198185137027645  0.44496121974992275  0.45834232319457302  0.47162023604111081
  0.48427869063231338  0.49724090689961342  0.51030847191448070  0.52404001099172026
  0.53909555992812075  0.55448452817194394  0.56944644115404242  0.58379022922970125
  0.59788313681736049  0.61158801014938702  0.62558262598532977  0.64123918023520099
  0.65673757464677895  0.67192146342565762  0.68722211763944441  0.70226289835099698
  0.71385918147792049  0.72523786219604358  0.73611175391172312  0.74658844520000933
  0.76167037362841483  0.77681781071240152  0.79170084702970611  0.80755348389497994
  0.82376560591331160  0.84112289532221951  0.85880352711542562  0.87467382300988705
  0.88945421125817581  0.90472511230138841  0.92171802999581065  0.93835204101993386
  0.95469006553909275  0.96947326853876858  0.98484486173017494  1.00000000000000000
  0.00064741469546814  0.01127446674930403  0.02017422385088729  0.02999949483887093
  0.04009592978336857  0.05020077167172414  0.06067004236063415  0.07099390408306593
  0.08140409527013631  0.09232607348048368  0.10323360820355454  0.11402876226132953
  0.12473599256910603  0.13534518282134142  0.14594159389114472  0.15703298257535456
  0.16964658972687088  0.18345423386523899  0.19661146389240375  0.20881092244183580
  0.22023911106242267  0.23186860183230434  0.24355831845180564  0.25503689783695316
  0.26607568404719606  0.27699219257434876  0.28775976515202228  0.29847189005638902
  0.30962527933340039  0.32150954512001889  0.33269683680545242  0.34181251414999370
  0.35044367242922819  0.35860634392802304  0.36556121380177120  0.37266762231070744
  0.38122335157824166  0.39056624033211240  0.40116509287952778  0.41260053143607456
  0.42362329103069990  0.43456723317888257  0.44366968049842498  0.45169741739778513
  0.45930875784027275  0.46675666871050647  0.47508612143522538  0.48553749697601911
  0.49581180898412469  0.50538220525237176  0.51454899396504805  0.52347160157887684
  0.53285248235287008  0.54211679313598093  0.55117877225536849  0.56108068904735020
  0.57176292891984337  0.58276136218600305  0.59372451586911190  0.60427039857791931
  0.61509150913395372  0.62648703786409821  0.63788383044186436  0.64711587121216041
  0.65429551429472066  0.66143086152163377  0.66874380092873364  0.67693162233389625
  0.68900299261593045  0.70165168839733960  0.71489891933684768  0.72839828054399791
  0.74163506130071410  0.75405562272396343  0.76545051364416994  0.77662141066874801
  0.78823442305992586  0.80019784672845340  0.81159985693500303  0.82224202832472726
  0.83242193185408508  0.84235907426467949  0.85340581722680253  0.86538213670687114
  0.87873322013777178  0.89157322025881336  0.90315249089040994  0.91466681527383198
  0.92557783429512963  0.93662170106983367  0.94773932192130728  0.95913933430206089
  0.96973151186719919  0.97964682071800147  0.98958547912576655  1.00000000000000000
 -0.00252781470345132  0.01105212380082396  0.02198706553290081  0.03352146573999731
  0.04413523690442703  0.05419445488162543  0.06470129205636410  0.07540828208460013
  0.08599127059154163  0.09593745428451930  0.10624923145781530  0.11765557453531458
  0.12904275820440547  0.14065611862259295  0.15274246840201644  0.16647895761288795
  0.17827390714689634  0.19011679645804572  0.20060717276517365  0.20827409732361285
  0.21514660013400996  0.22183624504745517  0.22861694924621756  0.23610628134162773
  0.24747318390542927  0.25871937169957865  0.26951882066040839  0.27975965418443133
  0.28960138430049343  0.29974343671440418  0.31060587974239301  0.32133780811300516
  0.33157584158046410  0.34129110896735837  0.35129305283185236  0.36187757013587263
  0.37276964424678505  0.38419939997435121  0.39585243232960499  0.40742659716602347
  0.41914339373035742  0.43067466524902148  0.44231573025366139  0.45250506040441119
  0.46174731848015643  0.47002930998549491  0.48020851485803945  0.49087075507212657
  0.50204489902898908  0.51121007757420756  0.52005955299139761  0.52965501986893992
  0.54076278568821223  0.55306281131537272  0.56466266649067465  0.57647462295098806
  0.58860236952229761  0.60083640883211731  0.61232885051076114  0.62322805113086566
  0.63440311405752070  0.64611023441953053  0.65800410597878156  0.66983693118736032
  0.68133630424059555  0.69238499385482832  0.70342974147642356  0.71488715592060303
  0.72586407428703648  0.73711281029176323  0.74763281164088802  0.75743756772056225
  0.76706405670819455  0.77616674528217167  0.78548669773237456  0.79617191510344087
  0.80787973909726574  0.81942140598309132  0.83037110751380194  0.84109033096868102
  0.85223171832198730  0.86320413351359682  0.87458841547965172  0.88571960676522976
  0.89641753425897164  0.90484365285381341  0.91387780193099144  0.92258096620247831
  0.93096452523623874  0.93966288126508390  0.94868112426423890  0.95674206130948880
  0.96702672195568284  0.97792268327003473  0.98910983981452216  1.00000000000000000
 -0.00004504080173048  0.00002134972695562  0.00008774025564172  0.00018775875872308
  0.00029944910119692  0.00040806121122169  0.00051248672126280  0.00061020610185538
  0.00066108635068749  0.00071196659951959  0.00076910452088679  0.00082675238574948
  0.00089079943707435  0.00095450332527204  0.00101743932146171  0.00108115805670829
  0.00114550557612301  0.00121004146062968  0.00127457316970713  0.00133478481044563
  0.00139498708913982  0.00145444812095035  0.00151390915276088  0.00157662404740935
  0.00163969085336001  0.00170675000313328  0.00177542522356221  0.00184822654461716
  0.00192555599765868  0.00200639371298256  0.00208835785794884  0.00216835851975077
  0.00224620061777587  0.00232268622207017  0.00239946494339051  0.00247801308694895
  0.00256153526318623  0.00264645236944294  0.00272839493180806  0.00281836600332618
  0.00290523557132727  0.00298538096739798  0.00307402526988534  0.00316387207818640
  0.00325341251421154  0.00335786291072335  0.00345590039418850  0.00354473442043662
  0.00364751439628943  0.00374728728935377  0.00384311298683184  0.00395041176431690
  0.00406158819387496  0.00417556736967261  0.00433004804692421  0.00448252434164022
  0.00463285820336319  0.00478060251799275  0.00492369973686215  0.00507264653120209
  0.00522659029558453  0.00538996231705240  0.00561322856997434  0.00587700907994198
  0.00609756891374995  0.00631488831823719  0.00653964925549560  0.00680213144269799
  0.00708908382098846  0.00738460653828304  0.00771712116282358  0.00817881471432435
  0.00866180292800872  0.00897918229391005  0.00922024178164158  0.00945674298436729
  0.00970313839024314  0.00997408110567241  0.01044956001475193  0.01104561469149056
  0.01158947417758325  0.01193810284546236  0.01217809576977052  0.01244100166231368
  0.01276295876243532  0.01320958062576299  0.01363461646669687  0.01403506046107165
  0.01448309328362881  0.01484731275700053  0.01558013575325551  0.02099807837433020
  0.02219753996339123  0.03669866142022719  0.54848620504326673  1.00000000000000000
 -0.00170501833501290  0.00654312585114304  0.01402552712315129  0.02316399989983819
  0.03102379784214820  0.03847978708101289  0.04627795860727089  0.05472959069190095
  0.06326489879851574  0.07193608662383642  0.08138241407198042  0.09000373468810283
  0.09837722711888425  0.10647956497125559  0.11436905740612410  0.12194131975930980
  0.12950517639522330  0.13732258298900127  0.14580392601442255  0.15549846849345941
  0.16549409379521221  0.17477689527644530  0.18358091509089189  0.19282882785072503
  0.20320845995024006  0.21340206042556556  0.22259684283834394  0.23091007408690339
  0.23892652444170104  0.24736391918068781  0.25687639545625518  0.26728269784034547
  0.27823963403867996  0.28914576839351780  0.30070044630785431  0.31187365183112142
  0.32481795690858400  0.33810838666981807  0.35088715779820651  0.36230611007634567
  0.37373729353144008  0.38584545357554684  0.39958914139515644  0.41342531932356530
  0.42648935991437120  0.44118939275135877  0.45962842845750845  0.47890409852019183
  0.49664376756835821  0.50985347872318920  0.52074846834325483  0.53210588968196360
  0.54328226151951131  0.55714165293434659  0.57192533523869971  0.58550831280375282
  0.59795867168058148  0.61063078038424878  0.62433111981367939  0.63888923223377880
  0.65217363547201634  0.66090878083264548  0.66950047848151295  0.67818611353547520
  0.68687250603266670  0.69683928729928390  0.70784102541749461  0.71805936064753728
  0.72842316442483479  0.73908952765126212  0.75006994881186206  0.76080986092757086
  0.77052588437947278  0.78073966023007491  0.79105513463945820  0.80133844912581464
  0.81125020013629900  0.82072571219585577  0.83035522764477498  0.84085443538930904
  0.85191778613144586  0.86214793120126032  0.87193250795110600  0.88150469396512710
  0.89106276967193432  0.90093758576430871  0.91106780991828795  0.92123813779746244
  0.93095934440322603  0.94122145768791909  0.95249055588173770  0.96303563553835725
  0.97252729328866183  0.98193959076122683  0.99088630209678441  1.00000000000000000
  0.41177684893511446  0.41923411145673600  0.42669137397835755  0.43414863649997909
  0.44160589902160063  0.44906316154322218  0.45652042406484372  0.46393782712301224
  0.47000269047189491  0.47606755382077759  0.48213241716966027  0.48819728051854294
  0.49426214386742562  0.52435999081972284  0.55986353127147970  0.58993770266352996
  0.59556248719676130  0.60039247121126849  0.60638713987437720  0.61238256657784917
  0.61898105807117321  0.62635481909481683  0.63368411865579055  0.64060181266943339
  0.64719244350800409  0.65368063158126355  0.66039067797764950  0.66682105287461124
  0.67239978466207162  0.67786130438719006  0.68323332909174705  0.68862103723508650
  0.69309493058785454  0.69788455056229703  0.70271954095591926  0.70754646311181424
  0.71220060376291627  0.71666419110868795  0.72103659012840948  0.72532059899828805
  0.72950043848479285  0.73376351884207169  0.73809113243549307  0.74222103053510391
  0.74610360177437152  0.75041565562248336  0.75603259867313866  0.76220394923973189
  0.76771705226704023  0.77287494365004339  0.77792828289733329  0.78294729326583534
  0.78780150532709814  0.79235405369365419  0.79685166707360533  0.80170999834271606
  0.80684869474423049  0.81239220774924248  0.81786815905542209  0.82302596175359455
  0.82814545984720445  0.83349880053302139  0.83964264997622340  0.84567818343669665
  0.85140859902080546  0.85666050261713644  0.86153315098614369  0.86647234552664509
  0.87145770710352155  0.87637293116098314  0.88136346510715746  0.88648432256741638
  0.89151732642496850  0.89643462036891208  0.90085331043869699  0.90535459026067144
  0.90983903440193914  0.91441392454118886  0.91915001521566864  0.92410013543014602
  0.92919929093208697  0.93418321493078704  0.93916133167076155  0.94397526060866643
  0.94877985192942793  0.95347114629766749  0.95771123106091904  0.96150313668341925
  0.96528359428140764  0.96898552667669835  0.97278132903722969  0.97708719873575844
  0.98176358857793966  0.98689494626519003  0.99283532025608201  1.00000000000000000
  0.04344925355750759  0.10774648815800035  0.12657567512926321  0.14352802510771681
  0.16075701908785542  0.17514599970402880  0.18649028457831304  0.19692015112866071
  0.20701176654486769  0.21608109033216596  0.22444530765504603  0.23269944206270543
  0.24111348035687016  0.24933011947836853  0.25551580732777962  0.26212494784889745
  0.26904218809385422  0.27603481687223702  0.28415701807767896  0.29328649918066213
  0.30151304354018799  0.31008516971598460  0.31774519341520535  0.32511499871007876
  0.33247663811796280  0.33981701734027753  0.34662830744368073  0.35283161990739065
  0.35876704456335723  0.36487008796554965  0.37168880659289205  0.37830243826537324
  0.38524736482395844  0.39192576963056530  0.39858693268064127  0.40515965330059472
  0.41096726511412840  0.41691893556002541  0.42303715443137568  0.42890018921235962
  0.43400888730082682  0.43914955955632751  0.44431238896917902  0.44950373573387087
  0.45561274762837140  0.46116711172644076  0.46648559263050632  0.47185660322533168
  0.47720747692766641  0.48265544416408257  0.48806952341473975  0.49369870330794041
  0.49957162747064859  0.50527017257640461  0.51072716426148979  0.51602223446937001
  0.52139175712878538  0.52730747639499875  0.53349249803239818  0.53970885739205765
  0.54601768302309306  0.55247235400753925  0.55899223900481321  0.56497202469896968
  0.57094095125714395  0.57695086330181056  0.58341792564826844  0.58956747354039118
  0.59526656047171644  0.60102121817383347  0.60711438810266505  0.61414066714107052
  0.62136443151871290  0.62841785982909559  0.63625085131024917  0.64336912718341421
  0.65181133174174211  0.66034196459031347  0.66918786797087215  0.67834671562069271
  0.68784132710925161  0.69769696516499224  0.70819316335295690  0.71941714700364179
  0.73045158933667553  0.74113862934216479  0.75218831298945732  0.76298589308523623
  0.77406062287210575  0.78488686192233503  0.79677322199004375  0.81067278795860698
  0.82759619670972451  0.84940971594188586  0.88346051305637208  1.00000000000000000
   1.2635434624625325E-006  -1.0000000000000000     
 F F F F F F F F F F F F F F F F F F F F F F F F F F F F F F F F F F F F F F F F F F F F F F F F F F F F F F F F F F F F F F F F F F F F F F F F F F F F F F F F F F F F F F F F F F F F F F F F F F F F F F F F F F F F F F F F F F F F F F F F F F F F F F F F F F F F F F F F F F F F F F F F F F F F F F F F F F F F F F F F F F F F F F F F F F F F F F F F F F F F F F F F F F F F F F F F F F F F F F F F F F F F F F F F F F F F F F F F F F F F F F F F F F F F F F F F F F F F F F F F F F F F F F F F F F F F F F F F
  <DiscreteSampler_grid>
  grouped_processes
  1 # 1 for a reference and 2 for a running grid.
  10 # Attribute 'min_bin_probing_points' of the grid.
  1 # Attribute 'grid_mode' of the grid. 1=='default',2=='initialization'
  0.0000000000000000 # Attribute 'small_contrib_threshold' of the grid.
  0.5000000000000000 # Attribute 'damping_power' of the grid.
 # binID   n_entries weight   weight_sqr   abs_weight
    13   10   2.231107627290734E-002   1.743646002008649E-003   2.231107627290734E-002
    16   10   5.723913512693940E-003   1.157646672932358E-004   5.723913512693940E-003
    22   10   2.083073989129628E-002   1.490306781682133E-003   2.083073989129628E-002
    25   10   4.992809651253755E-003   8.479519844362235E-005   4.992809651253755E-003
  </DiscreteSampler_grid>
