 -0.00320643902052363  0.01592238870986974  0.03010952549792316  0.04200272667555598
  0.05318658224757884  0.06394764818565540  0.07496237208495321  0.08612197295884048
  0.09716597983528247  0.10830289904282235  0.11922074883661268  0.13038901744790996
  0.14127811148351360  0.15312303000466246  0.16524779097641465  0.17646124346736830
  0.18771186011346533  0.19941209602712065  0.21048997968284064  0.22067033536992300
  0.23096619493607529  0.24159516746383425  0.25186928042767193  0.26154397619579867
  0.27150314236856160  0.28214178698720888  0.29377428348062479  0.30558347741727837
  0.31671379059012533  0.32693721657151109  0.33705784804496941  0.34752119185332370
  0.35890428929177209  0.37143482791697552  0.38119814962037979  0.38986842109787401
  0.39901311996422723  0.40915432886589254  0.42046486296898850  0.43191429805270148
  0.44344008618509700  0.45483248128580517  0.46584869993070926  0.47649459836436547
  0.48751048877400421  0.49818736494698501  0.50869731641527161  0.51886911735672936
  0.52950500683701374  0.53966907820519172  0.55019603280645624  0.56081983738934738
  0.57216978579429378  0.58335529765715821  0.59428276682703585  0.60437354206401261
  0.61442683473171134  0.62464869019550096  0.63587907263059762  0.64723739037991890
  0.65840990639946684  0.67001005601900232  0.68224564081782013  0.69332916901212682
  0.70386409741453626  0.71420255726410509  0.72452656397917059  0.73484816092300831
  0.74522174513627637  0.75605423389559079  0.76703224486255317  0.77744661219099331
  0.78742804698799884  0.79713757311039668  0.80780832539662784  0.81954256297179906
  0.83174853122673686  0.84247506981221920  0.85337824174388799  0.86372941832542138
  0.87319994345446705  0.88185877966142234  0.88998291652517469  0.89897585484759734
  0.90907604310149004  0.92007998280835679  0.93084665109373044  0.94185023661285350
  0.95326706832612096  0.96321967538538278  0.97225482495569748  0.97938369177472306
  0.98532790322970520  0.99063106290356850  0.99538108598370312  1.00000000000000000
  0.00000141912189313  0.00000145785547160  0.00000149752772948  0.00000154272666971
  0.00000159450002891  0.00000164490537695  0.00000168896083444  0.00000172911807191
  0.00000177086986651  0.00000181875971728  0.00000186481346275  0.00000190931095939
  0.00000196236917154  0.00000201745364212  0.00000207281251362  0.00000212719997858
  0.00000218298128492  0.00000224727624585  0.00000231568248706  0.00000238540851080
  0.00000245753493506  0.00000253341523655  0.00000261617471979  0.00000270584743659
  0.00000279671805917  0.00000288190765357  0.00000297177898240  0.00000306012284674
  0.00000314890377640  0.00000323938119657  0.00000333121669787  0.00000342947282060
  0.00000352609581979  0.00000362677923245  0.00000373418314387  0.00000384898921798
  0.00000396934886668  0.00000409814429872  0.00000421817274116  0.00000433709537394
  0.00000445747010938  0.00000458347992233  0.00000472242506130  0.00000488037494251
  0.00000504158463056  0.00000520148109449  0.00000534530443394  0.00000548596005744
  0.00000565195365189  0.00000582187550768  0.00000600554606913  0.00000622035579230
  0.00000648387801269  0.00000676804510017  0.00000706794945587  0.00000738718089773
  0.00000775440297875  0.00000814464607016  0.00000854741751528  0.00000898306775427
  0.00000946589687259  0.00001000883394337  0.00001058710963780  0.00001124133167916
  0.00001189690063540  0.00001264254345089  0.00001342313842759  0.00001427660129238
  0.00001518408811612  0.00001615972909926  0.00001725424851450  0.00001856265925124
  0.00002000759728298  0.00002164861470886  0.00002330455824565  0.00002516399208797
  0.00002738700045405  0.00003013967508712  0.00003356008510434  0.00003786574487398
  0.00004305608809397  0.00004894166852989  0.00005542360537853  0.00006369702661301
  0.00007438951915544  0.00008775690666146  0.00010478751227409  0.00012827620930615
  0.00016849871347791  0.00023293603068360  0.00034811832116716  0.00056518295761351
  0.00114315834868587  0.00253804402577501  0.07901514904307783  1.00000000000000000
  0.00000479111235390  0.00000681271177051  0.00000750844548399  0.00000809480111819
  0.00000853767690529  0.00000900789821818  0.00000939178462417  0.00000986347067577
  0.00001043770133474  0.00001107699952801  0.00001179373910435  0.00001250183805021
  0.00001314133648929  0.00001377215728324  0.00001455836056315  0.00001562240130536
  0.00001687083977023  0.00001819938593424  0.00001957813203351  0.00002108260074583
  0.00002278295259241  0.00002461649657981  0.00002680864610262  0.00002964920438713
  0.00003265134944410  0.00003593985718552  0.00003962583859748  0.00004336445078184
  0.00004709563094913  0.00005139573524688  0.00005698901093874  0.00006402265865075
  0.00007194271137587  0.00008103340805053  0.00009152019099400  0.00010328970599275
  0.00011668754669061  0.00013112586842233  0.00014829211941390  0.00016702639721254
  0.00018735695313721  0.00021068796924497  0.00023736653129323  0.00026653472103765
  0.00029779310552144  0.00032860501157055  0.00035803552467020  0.00038838569959577
  0.00042200883343971  0.00045932520528945  0.00049817779849875  0.00053826740402879
  0.00057826008473697  0.00061521770813096  0.00065641438121731  0.00069277733943398
  0.00073330412923009  0.00077546391711464  0.00081711861374603  0.00086797859068905
  0.00092183801431562  0.00097849353834058  0.00103797623129707  0.00110327304200714
  0.00117222844660708  0.00124100272222373  0.00129961208950434  0.00135245644494132
  0.00140831098722795  0.00146057947531065  0.00151763447573485  0.00158977499084617
  0.00169151512065340  0.00179300546541293  0.00190876008185936  0.00205763861269791
  0.00223905574797216  0.00244818499180079  0.00266457835957022  0.00287460920089766
  0.00307815976653511  0.00329848187517469  0.00350826908973600  0.00367024459126845
  0.00386038587964187  0.00403148300819376  0.00421243826092149  0.00468935102192535
  0.00501804370611094  0.00530152185214925  0.00558204136683694  0.00589532181057130
  0.00624793496628084  0.00756945458549845  0.01488375095170055  1.00000000000000000
  0.00000456737816104  0.00000507548637954  0.00000556675189849  0.00000612247124380
  0.00000667913485984  0.00000729822511581  0.00000800664495415  0.00000872985004495
  0.00000945908688292  0.00001021140671524  0.00001092024436062  0.00001165108016225
  0.00001241189482568  0.00001322264918029  0.00001410384996145  0.00001505414894293
  0.00001603807512637  0.00001706588426795  0.00001815386715843  0.00001932931157149
  0.00002061313698504  0.00002200193156921  0.00002341407306095  0.00002488650809797
  0.00002645503745718  0.00002821151275350  0.00003020551052148  0.00003238708247050
  0.00003469513554613  0.00003717348410769  0.00003994664828736  0.00004284811623785
  0.00004611268358939  0.00004954238438820  0.00005327410990856  0.00005698270837090
  0.00006070205881641  0.00006466228664548  0.00006877681058916  0.00007290490174689
  0.00007715344292512  0.00008227114948027  0.00008784544581235  0.00009448288039224
  0.00010120422770441  0.00010817303623705  0.00011612708485179  0.00012546372511476
  0.00013667590181844  0.00014936598006887  0.00016339916758341  0.00017801689503101
  0.00019346657193123  0.00020989019230030  0.00022914872450977  0.00025034515328848
  0.00027264875817842  0.00029512033627917  0.00032154417720003  0.00035020064297239
  0.00038006627131787  0.00040648693052554  0.00043217922957286  0.00045857375125904
  0.00048878783652686  0.00052694437485960  0.00057298443371874  0.00062682438503697
  0.00068719490465853  0.00075186550218165  0.00082108676441634  0.00089328730825570
  0.00097246031335824  0.00105962352412765  0.00115903473986581  0.00127347126799864
  0.00139584570749381  0.00152725088573008  0.00165188363209040  0.00178000335923438
  0.00192186144697642  0.00206387695776562  0.00222269083299596  0.00239824911421234
  0.00257790801608945  0.00276390569550278  0.00292251931143161  0.00310906744074514
  0.00328610432196719  0.00348443221468079  0.00373182221584682  0.00399555178199035
  0.00430564341166518  0.00471902766962331  0.02407818102080752  1.00000000000000000
 -0.00247207529351216  0.01445096038320288  0.02673285826084255  0.03795154662532949
  0.04898191176291599  0.05952058326677897  0.06937927762858773  0.07929069324936998
  0.08992857524082784  0.10071794575644429  0.11188087506782797  0.12366849183777268
  0.13512008588693464  0.14618608594121424  0.15727891073807557  0.16864227524238276
  0.17960358054355796  0.19019094131554484  0.20106216832693133  0.21216319489511765
  0.22315907690091694  0.23413991658924171  0.24554869518485892  0.25749435926594522
  0.26926790373496901  0.28039199549820876  0.29143079995004972  0.30339920100316786
  0.31485802285404912  0.32556422873919311  0.33614350737250015  0.34703706613026114
  0.35791101657341728  0.36940625544635786  0.38126883013206819  0.39313251140412470
  0.40527859137407579  0.41690331600418379  0.42822096749870320  0.43871354307655197
  0.45126893907556759  0.46274447823185993  0.47336860726421637  0.48492787665342535
  0.49825128314974326  0.51051831951214599  0.52166423001976403  0.53287866179131860
  0.54437454907526117  0.55539026032439764  0.56585347352868243  0.57654914359934917
  0.58709629495732640  0.59824374215533804  0.60956510241813289  0.62218060152711585
  0.63452291150258999  0.64566425304357444  0.65654187131438790  0.66724250044869282
  0.67889330059628783  0.68987972074818482  0.69935677176829325  0.70797601129564092
  0.71630203882828158  0.72471749517008144  0.73412149788475156  0.74418082911966277
  0.75549825215512234  0.76691409256233489  0.77737025715445673  0.78732048623920525
  0.79717162979667222  0.80680844010746378  0.81611084055325500  0.82557423457039736
  0.83551052007532445  0.84544059996683141  0.85503081940481918  0.86451070490723192
  0.87389840944785302  0.88340459376589597  0.89296050277059713  0.90271538586254974
  0.91316727684291732  0.92299224730571827  0.93256567040682359  0.94194175600142294
  0.94998133994798328  0.95692276644674457  0.96260752625716095  0.96810152714100417
  0.97393990695015575  0.98257221686826013  0.99186729045035937  1.00000000000000000
 -0.00247128245732695  0.00903875094619826  0.02022138564017849  0.02878306158007717
  0.03708678736965704  0.04530234907775912  0.05300109450629458  0.06174027557250810
  0.07176025066556975  0.08317803472765617  0.09399298433718402  0.10459461385093227
  0.11604335872996012  0.12704921625320251  0.13735464616438850  0.14793355600046515
  0.15872284615432891  0.16982245055633322  0.18056744713741726  0.19209812080998526
  0.20384963211920898  0.21548849419651930  0.22683931343604632  0.23712565053296270
  0.24740489268703389  0.25716207297870147  0.26728614640679826  0.27810577958987709
  0.28939450808829675  0.30144328082152710  0.31389338955909540  0.32565931440664814
  0.33648115049254934  0.34755566290670475  0.35861995727368995  0.36959095741773251
  0.38068376730198461  0.39253213013911048  0.40374241985618564  0.41359268177103325
  0.42377297918314444  0.43499501393257967  0.44631012157259164  0.45731288234639095
  0.46806737608993104  0.47902363505751328  0.49037057043118765  0.50188696921102860
  0.51313419673298288  0.52299870097694989  0.53261126865650477  0.54213712623446397
  0.55015916759789762  0.55820396518029258  0.56737643932040360  0.57733217845821672
  0.58809710883159450  0.59903602919824261  0.60989140065166769  0.62090565668484587
  0.63218156209661114  0.64310326786667849  0.65379311474512303  0.66490840379762883
  0.67717521539421222  0.69005823952927314  0.70213664710630508  0.71277835559266600
  0.72314959787549082  0.73321393211689823  0.74342947601308551  0.75371377798700157
  0.76375439815541546  0.77388431796066059  0.78442587880348413  0.79528199947733724
  0.80637783749090430  0.81739151444862390  0.82884728070619951  0.83914562764431777
  0.84880678098110218  0.85852658615909971  0.86831819417004386  0.87827292000461765
  0.88820632985152725  0.89953555538747965  0.91151244175805690  0.92367672404131496
  0.93507984395975263  0.94574933139927886  0.95387217081473163  0.96219757164174791
  0.96978647101028126  0.97877281370319524  0.98871579151220435  1.00000000000000000
 -0.00251796528087091  0.01095373812012649  0.02035557059532414  0.02744328857578721
  0.03402262801219496  0.04102373011715769  0.04866492876631143  0.05639769658536848
  0.06434673222830055  0.07230627868665546  0.08069194263066194  0.08899480059677542
  0.09808727666478827  0.10694998990925067  0.11584165729887509  0.12552262032618433
  0.13510649566694360  0.14460986057060493  0.15361186892188411  0.16293676043900415
  0.17362944447222126  0.18437807914536333  0.19482853239253953  0.20565375446433112
  0.21679501863879036  0.22768855796197091  0.23799760758305927  0.24737899939639646
  0.25712333869016901  0.26804082648406147  0.27949035585615928  0.29142002503246228
  0.30300450481694424  0.31550587375198996  0.32864553371306793  0.34099955500669793
  0.35098542556402695  0.36069242726274015  0.37038535192802896  0.38166393427394918
  0.39531381484880546  0.40842321944189258  0.42063027048023111  0.43315826648513200
  0.44568014842734877  0.45813918696832873  0.47073044813094106  0.48398942032598724
  0.49719338658505341  0.51034802879138474  0.52340631608048604  0.53614691093545974
  0.54956565207695673  0.56298900230787008  0.57744306821333291  0.59157620819839518
  0.60581488198580613  0.62037450357663082  0.63491600327414488  0.64950150618796432
  0.66362772138534709  0.67676151184328259  0.68876427747025604  0.70025464631033818
  0.71131545033843990  0.72234612858442659  0.73377500743683377  0.74540716251172701
  0.75703775190101241  0.76861998783337759  0.78114080333920355  0.79386646404864403
  0.80610228547297469  0.81786671532810673  0.82917691897511880  0.83969191714455593
  0.85050549276787768  0.86107813766451347  0.87136066993772765  0.88149129889071753
  0.89150107082896046  0.90124103870977623  0.90982171005568990  0.91781950043940308
  0.92543759468330333  0.93297528028333676  0.94018598508803863  0.94734649559624795
  0.95466654310475263  0.96154222789150623  0.96819416026408278  0.97496953216827986
  0.98146668403919957  0.98790211531504291  0.99403809473190974  1.00000000000000000
 -0.00297481964415414  0.01263619267839395  0.02485798516390710  0.03599480039072751
  0.04669542693513279  0.05733004992069822  0.06843833916376804  0.07938172052186487
  0.08782757958753033  0.09608877514363841  0.10438296611600731  0.11409207554681879
  0.12607283664614310  0.13790643584069917  0.14875719997762932  0.15917748420882544
  0.16969414964008120  0.18025273670628372  0.19119956672810520  0.20237677938670409
  0.21332661109230791  0.22405045189159170  0.23494735031346942  0.24579457945597308
  0.25606043620820468  0.26611636158471075  0.27705097954542551  0.28831680325210657
  0.29959635899847598  0.31061988142539526  0.32098268020653814  0.33061248764237949
  0.33960587187879693  0.34852127703940855  0.35808202421324087  0.36851624249280202
  0.37929009710514860  0.38969257826537634  0.39934153693054369  0.40942816733440313
  0.42004493668637510  0.43131336383653662  0.44194035101989354  0.45239738501727550
  0.46341313275535778  0.47408083166772530  0.48400352000092128  0.49288581818085792
  0.50137310649472433  0.51030129725085971  0.51984206780243891  0.52975195943142983
  0.53955259654561405  0.54936037577403463  0.55893173862525558  0.56952050541460852
  0.58015733210697429  0.59089260668462473  0.60166295358004018  0.61407040243649880
  0.62729864897752941  0.63946194504296983  0.65094320915158965  0.66160304219215005
  0.67181445526490735  0.68080700560992191  0.68961675774668318  0.69936527043282115
  0.70996406357732955  0.72200629733958221  0.73372726172953184  0.74545601503547143
  0.75674274102883432  0.76733509371873487  0.77750502174816760  0.78730433855668225
  0.79705771295980188  0.80721507164722206  0.81745688105709025  0.82893192747677791
  0.84073284195214659  0.85401448372675082  0.86615074912170842  0.87773621385683542
  0.88836125063823579  0.89882736511951689  0.90835449892747444  0.91858040335660984
  0.92790568279344587  0.93642854061059877  0.94474217067772859  0.95301267998877282
  0.96376408931004642  0.97601030455619520  0.98835169212000151  1.00000000000000000
 -0.00239285190691401  0.01130792830471445  0.02345621316841965  0.03626125978664596
  0.04824726863949330  0.06071460790602867  0.07243416351918229  0.08407070598460344
  0.09434363972114665  0.10462334673839263  0.11453406342364855  0.12412345321865544
  0.13450207934456984  0.14608421682969608  0.15836864289373909  0.16965751523226993
  0.18038498250933027  0.19061170848914383  0.20108958428495663  0.21195169646588113
  0.22224355866646764  0.23185071031717064  0.24146013634301897  0.25175355878648592
  0.26190427361503671  0.27203141827029403  0.28297021428550850  0.29437025015726903
  0.30507559863729150  0.31598140162935578  0.32703147081673156  0.33518918398080311
  0.34216127893068038  0.34894202550325693  0.35751390289410545  0.36916004435367095
  0.38087251390025745  0.39126561846048247  0.40108746283831975  0.41043136623701870
  0.41990747321632343  0.42995092886952085  0.44111123061787111  0.45315000404138223
  0.46448450693413756  0.47589004813387897  0.48844588687080992  0.50124133875330634
  0.51249769606801410  0.52312313189059645  0.53435012823803296  0.54616529192267826
  0.55801148461599981  0.56870997702814874  0.57897834860154695  0.58950132164613167
  0.59993732568285740  0.61008958288360438  0.62089801557482405  0.63267173336856641
  0.64469180624444478  0.65590306731014192  0.66665514128588488  0.67680532096944690
  0.68636197534843635  0.69551780677335096  0.70474800587428255  0.71513443624028394
  0.72660134065282889  0.73886894027095285  0.75120765427526226  0.76382337323084415
  0.77495653678203302  0.78536578635839638  0.79624643578338716  0.80652812426741416
  0.81482378232697594  0.82101619062554110  0.82712697039232841  0.83408834111743202
  0.84227548669565666  0.85235456318709901  0.86298395167212683  0.87338576843766391
  0.88314331555495951  0.89305263089500486  0.90325903395304841  0.91486169863807310
  0.92641378728933355  0.93763413064405832  0.94865667505214257  0.95915738303499098
  0.96943302556470889  0.98060408365972795  0.99059117611151426  1.00000000000000000
 -0.00007545701057033  0.00016309956523505  0.00040055685109266  0.00063622652927159
  0.00077431919730067  0.00089462601996307  0.00101872341587877  0.00114492231479415
  0.00127123821697205  0.00139779374916225  0.00152615309632999  0.00165446128025445
  0.00178380964264716  0.00191672793190514  0.00205332973934432  0.00219528621954910
  0.00234103491204245  0.00248445384711422  0.00262122625955852  0.00274747990089745
  0.00286626069748079  0.00297604102977227  0.00308201078664026  0.00318526100639508
  0.00328218024718076  0.00337809473998925  0.00347167997009424  0.00356585045177464
  0.00366491999102752  0.00376683223341638  0.00387509407602513  0.00398907491341242
  0.00410703430886146  0.00422189739909382  0.00434188508823331  0.00447876253173583
  0.00464327150440267  0.00479941628095775  0.00493139371950332  0.00507124989366266
  0.00521531490801834  0.00537518534691273  0.00554064213876526  0.00574047958215897
  0.00594547331438961  0.00614075797161968  0.00634820958929403  0.00653918697913219
  0.00670762265234667  0.00685872352910380  0.00700443343866738  0.00712999673076179
  0.00725534090919221  0.00737936590246287  0.00750601651935855  0.00765240030695331
  0.00781547526634455  0.00801197420196115  0.00825283759391692  0.00848092158089682
  0.00869163153031257  0.00888542185364307  0.00908697098940096  0.00927566695946067
  0.00947651650061313  0.00970948412061968  0.00999028317507511  0.01040615862626870
  0.01076627285028330  0.01102608710751560  0.01125962286819200  0.01146987659933469
  0.01171241035632275  0.01197408723403939  0.01225719294359387  0.01264980343677427
  0.01318989222805174  0.01416345573268700  0.01571920661573269  0.01615197039857738
  0.01677728128002951  0.01734328486687159  0.01795039803206314  0.01866749495252429
  0.01909541070109592  0.01979986937745214  0.02048871038139343  0.02151327196606323
  0.02440393597608469  0.02535135527152755  0.02593263707241395  0.03267775297845540
  0.03731370922284109  0.03936139714530020  0.13225167585841474  1.00000000000000000
 -0.00331777721180350  0.01320158554482043  0.02702004172664647  0.04055891641536719
  0.05407312524389613  0.06692858679753708  0.08001578876197733  0.09326289507546597
  0.10607349288656528  0.11776303766501553  0.12900542136206852  0.13986725135824332
  0.15189772273302318  0.16479996077348516  0.17606126348162277  0.18564980670503445
  0.19561924030888508  0.20649938934998249  0.21828688023420570  0.22956246331443181
  0.24172411654234116  0.25302357963508060  0.26379472601671561  0.27464361752616090
  0.28591842701906034  0.29729665673754230  0.30746626325088777  0.31711255350848200
  0.32676525650937810  0.33725889294887867  0.34834044182492185  0.35868146186269134
  0.36876355397051008  0.37802850424662887  0.38699345690853021  0.39585055091791543
  0.40450264649234463  0.41279832700116542  0.42056628958318304  0.42898134960013334
  0.43801491193218517  0.44674594852301130  0.45479394068032453  0.46275550683711802
  0.47135938683154521  0.48123923976950717  0.49113329157179486  0.50092130658447587
  0.51073599150469184  0.52081321465525121  0.53117632725080877  0.54109116082411968
  0.54991461824461740  0.55836105762135346  0.56663843188550433  0.57488819333381735
  0.58376397771437627  0.59341152691869647  0.60206887566274159  0.61216433526993907
  0.62251569860336065  0.63414101723751226  0.64568122684261020  0.65548044381973891
  0.66459202418189245  0.67335598272332453  0.68165627798945838  0.68985803739971285
  0.69803235384660989  0.70709550097502727  0.71743470500329465  0.72853042627154641
  0.74089625180515017  0.75378503004862563  0.76568962479760738  0.77697366916448107
  0.78676977498830136  0.79722484496563839  0.80804127931279301  0.81974022553634784
  0.83181416501796923  0.84411292189838749  0.85715590201582981  0.87110683301290426
  0.88297223656793378  0.89310645669887057  0.90314827791898944  0.91337909680185858
  0.92547025271343875  0.93912389524302542  0.95254388806439128  0.96506279852756416
  0.97441401840105801  0.98295338199345428  0.99147222301385474  1.00000000000000000
  0.69171416067635216  0.76559517234955921  0.77530645987580671  0.78454838185110076
  0.79044741905130922  0.79481251751746862  0.79893237590607691  0.80366354102229576
  0.80882498348347220  0.81341744519324111  0.81769335182152725  0.82202458875738404
  0.82617770997374151  0.83014448883768732  0.83387927485881130  0.83748652455938544
  0.84083643714906853  0.84416500651460502  0.84774946001272844  0.85162959646926129
  0.85535426861551966  0.85875460263205416  0.86183848761840431  0.86470348879551551
  0.86750689367054690  0.87052307698106335  0.87351113305686778  0.87624034613692436
  0.87850408820967918  0.88076139132812048  0.88322310556014383  0.88585889276155805
  0.88842992623429484  0.89079803347364184  0.89320228422735626  0.89569719880904508
  0.89826843421710334  0.90071006720422286  0.90299100191125992  0.90511295708812112
  0.90717805229132831  0.90925352493550593  0.91138124700891432  0.91353154596710107
  0.91570482243659945  0.91764383210533629  0.91941777882992826  0.92109525709214746
  0.92278097036380236  0.92462939219933393  0.92668180040333303  0.92886290987563758
  0.93095909483732764  0.93295820240956595  0.93493309791053991  0.93683739187285409
  0.93878509351447303  0.94063251650653057  0.94240816074486589  0.94419499012330677
  0.94595900694710322  0.94776698095244738  0.94961313003214665  0.95144776601120118
  0.95317660517804847  0.95486999203495149  0.95652130242092626  0.95816575747895760
  0.95984308661613738  0.96151539003523978  0.96308551047718538  0.96453510358263816
  0.96591554808504643  0.96725536630781106  0.96858717001371430  0.97003276854452680
  0.97142912115871827  0.97298749415856489  0.97461306756600041  0.97620607625228639
  0.97778414874342123  0.97922064795406105  0.98057881237479894  0.98188418977407932
  0.98306745553578612  0.98435713148178916  0.98564654493445603  0.98698376723166048
  0.98843266182289335  0.98996654564672426  0.99143680114917720  0.99299938788584829
  0.99460759227686557  0.99629160925982063  0.99808090897256818  1.00000000000000000
 -0.01117201748715874  0.13944594403632576  0.18193128547958126  0.20905356203306871
  0.22986964148036820  0.24603893770091484  0.25962141686324502  0.27271080402992970
  0.28438090923775061  0.29807187361907056  0.31111824151811807  0.32466723823264992
  0.33826017580573842  0.35164887722396904  0.36432976518559085  0.37620293691851925
  0.38776327226056773  0.39916374123046489  0.41058865629805114  0.42185848387319425
  0.43241729300046916  0.44251953544125605  0.45185830170215457  0.46035952259049340
  0.46851993278606008  0.47649627036361447  0.48509249043557917  0.49390719174815845
  0.50304772449103341  0.51112086186061678  0.51897318908952506  0.52703693803415874
  0.53534417763900033  0.54365658139562389  0.55148135027314860  0.55870764347035884
  0.56558940693248272  0.57235542123825345  0.57906751184919780  0.58615160156602730
  0.59297829813970482  0.60002912560669808  0.60666621335343596  0.61295250761274012
  0.61919065485797731  0.62560784313913320  0.63176301475368180  0.63778114807825281
  0.64450155337106652  0.65169671891936098  0.65857009844080883  0.66552255371214508
  0.67292179755995474  0.68070138707053574  0.68829107637033804  0.69514959220290595
  0.70153414900738498  0.70770983439239932  0.71372213937385665  0.72000456863014051
  0.72690264682925743  0.73364352902044561  0.74047944819862022  0.74722251207109514
  0.75376639505411813  0.76004032367085217  0.76635696530784159  0.77222984162813135
  0.77773023000916752  0.78325190771161468  0.78894145300644225  0.79482014007074508
  0.80073655960192114  0.80636402222356429  0.81189349690764157  0.81800200454149852
  0.82460594453280400  0.82942434472351600  0.83313112070532058  0.83729755564091612
  0.84166231450514928  0.84644232916209061  0.85218559930002558  0.85850217097958759
  0.86373334038774363  0.86960169348565919  0.87508915699287548  0.88113271611738020
  0.88813863253086567  0.89635260862808142  0.90572970029616562  0.91353606097651718
  0.92229403776342411  0.93450507494467483  0.98069470515678625  1.00000000000000000
   2.8169511261622913E-006  -1.0000000000000000     
 F F F F F F F F F F F F F F F F F F F F F F F F F F F F F F F F F F F F F F F F F F F F F F F F F F F F F F F F F F F F F F F F F F F F F F F F F F F F F F F F F F F F F F F F F F F F F F F F F F F F F F F F F F F F F F F F F F F F F F F F F F F F F F F F F F F F F F F F F F F F F F F F F F F F F F F F F F F F F F F F F F F F F F F F F F F F F F F F F F F F F F F F F F F F F F F F F F F F F F F F F F F F F F F F F F F F F F F F F F F F F F F F F F F F F F F F F F F F F F F F F F F F F F F F F F F F F F F F
  <DiscreteSampler_grid>
  grouped_processes
  1 # 1 for a reference and 2 for a running grid.
  10 # Attribute 'min_bin_probing_points' of the grid.
  1 # Attribute 'grid_mode' of the grid. 1=='default',2=='initialization'
  0.0000000000000000 # Attribute 'small_contrib_threshold' of the grid.
  0.5000000000000000 # Attribute 'damping_power' of the grid.
 # binID   n_entries weight   weight_sqr   abs_weight
    13   10   2.431406312239099E-001   2.711218542966712E-001   2.431406312239099E-001
    14   10   2.431406312239102E-001   2.711218542966723E-001   2.431406312239102E-001
    16   10   3.280894433760770E-001   4.885214894828903E-001   3.280894433760770E-001
    17   10   3.280894433760777E-001   4.885214894828927E-001   3.280894433760777E-001
    22   10   2.431406312239098E-001   2.711218542966711E-001   2.431406312239098E-001
    23   10   2.431406312239102E-001   2.711218542966722E-001   2.431406312239102E-001
    25   10   3.280894433760770E-001   4.885214894828901E-001   3.280894433760770E-001
    26   10   3.280894433760776E-001   4.885214894828925E-001   3.280894433760776E-001
    31   10   2.431406312239098E-001   2.711218542966711E-001   2.431406312239098E-001
    32   10   2.431406312239102E-001   2.711218542966723E-001   2.431406312239102E-001
    34   10   3.280894433760770E-001   4.885214894828903E-001   3.280894433760770E-001
    35   10   3.280894433760778E-001   4.885214894828930E-001   3.280894433760778E-001
  </DiscreteSampler_grid>
