 -0.00346168398158441  0.01719104634581348  0.03228338663172866  0.04611395719120629
  0.05833354471191247  0.06986475138091652  0.08127398301651566  0.09323358527707082
  0.10541964099110758  0.11756142912386344  0.12955438735541844  0.14158116313344671
  0.15355005283831896  0.16436110190995948  0.17454257529564815  0.18441060867765488
  0.19430271410523467  0.20467510508917347  0.21581777614774450  0.22753636944753189
  0.23853187924437338  0.24899468102017458  0.25885334590326131  0.26883979588689444
  0.27930157815898599  0.28994992425232363  0.30066389493352896  0.31056630968290011
  0.32087835212438931  0.33165973473381422  0.34209631047388445  0.35295407983769739
  0.36431693684277056  0.37564096098019650  0.38682104775262471  0.39748182623109235
  0.40800574187540550  0.41925839038568807  0.43084037048643264  0.44268919833145337
  0.45428242657839513  0.46607042413004068  0.47752561840756291  0.48885833045962529
  0.50047578627331479  0.51254268891963339  0.52382362563334084  0.53361896556938326
  0.54297836094149643  0.55206540651848934  0.56152491974087149  0.57141409621549644
  0.58139164286574840  0.59250173791380223  0.60375759825143549  0.61459088550879770
  0.62505933199117436  0.63526393504947154  0.64572229515842205  0.65593513461846853
  0.66625512707597090  0.67722764004292557  0.68875243524076502  0.70017115162224275
  0.71068506352069316  0.72020865809092127  0.72931819274060949  0.73871308893914356
  0.74900185117657081  0.76022564539182858  0.77160388380688572  0.78298258159054779
  0.79369568104700272  0.80352563263654431  0.81285704265305769  0.82215546530959838
  0.83129878718055572  0.84088721241065501  0.85110172865307254  0.86171117319108015
  0.87234912761194161  0.88288834552634499  0.89337313119679496  0.90343972814408924
  0.91317886559608552  0.92252757128172902  0.93200389930901217  0.94103035043096162
  0.95056914065849385  0.95959938708132220  0.96880836522502223  0.97783645132743302
  0.98520172463484723  0.99077892341202867  0.99560836080714332  1.00000000000000000
  0.00000150103486315  0.00000174194913807  0.00000178808204470  0.00000184305296866
  0.00000191058922756  0.00000197963452518  0.00000205239688647  0.00000212810147557
  0.00000220295972751  0.00000227529572716  0.00000235338365703  0.00000246080433769
  0.00000256017863771  0.00000265620020094  0.00000275136245834  0.00000284014808601
  0.00000293119687536  0.00000304187906303  0.00000315867127123  0.00000327829374576
  0.00000341192098085  0.00000355704590482  0.00000370377249036  0.00000384948172059
  0.00000400115199407  0.00000416565280343  0.00000435117040758  0.00000454587605933
  0.00000474523269799  0.00000495276965489  0.00000516568831620  0.00000538030959973
  0.00000560764136827  0.00000584777087121  0.00000607698347339  0.00000631760557259
  0.00000657423416327  0.00000684152309986  0.00000711708143838  0.00000740414185937
  0.00000770652399042  0.00000802664901411  0.00000835254359841  0.00000871084687771
  0.00000910993820204  0.00000952510414226  0.00000994873256585  0.00001039328296647
  0.00001087537205499  0.00001139672487372  0.00001194197512374  0.00001253534351912
  0.00001318066744266  0.00001385815571092  0.00001460284726098  0.00001538697504841
  0.00001620517830837  0.00001707252714955  0.00001799140168893  0.00001897051960372
  0.00002001097717137  0.00002118072384916  0.00002232778059492  0.00002373826376654
  0.00002515432197983  0.00002677796501290  0.00002855289298954  0.00003046988649515
  0.00003259379923600  0.00003495740735531  0.00003766001026252  0.00004064768693879
  0.00004392198041410  0.00004749011446273  0.00005184849188383  0.00005673979279105
  0.00006108630957309  0.00006615438151968  0.00007301923615218  0.00008327121470321
  0.00009619540030606  0.00011168866661902  0.00012992310272271  0.00015548609004291
  0.00019001271210029  0.00022694732383390  0.00027082664999511  0.00034012881836242
  0.00044999997637416  0.00064712427320842  0.00099492249841339  0.00152327961801959
  0.00268344069276218  0.00776876796508610  0.09375971445977352  1.00000000000000000
  0.00000148126868808  0.00000185498591549  0.00000189832537049  0.00000195056075682
  0.00000200948765794  0.00000207912976530  0.00000215307344371  0.00000224557618479
  0.00000236748050796  0.00000249343721932  0.00000261940796918  0.00000274560822117
  0.00000287220747241  0.00000300844035394  0.00000316502277495  0.00000332410526769
  0.00000349359397969  0.00000368556821836  0.00000386548814426  0.00000406469427044
  0.00000427486005755  0.00000450076306295  0.00000475456162903  0.00000503884621667
  0.00000534847883903  0.00000568493726916  0.00000603171095569  0.00000639904118298
  0.00000677443516150  0.00000716866046094  0.00000756897861544  0.00000800295734735
  0.00000847790783788  0.00000900738201537  0.00000956156342264  0.00001012755663415
  0.00001071413302669  0.00001131588758106  0.00001193559119412  0.00001264356818266
  0.00001337414966220  0.00001414777943559  0.00001501440552199  0.00001589035524909
  0.00001684818661145  0.00001786933111691  0.00001895517578173  0.00002010249948127
  0.00002133428127900  0.00002265701980750  0.00002405634283425  0.00002559003404747
  0.00002734150731697  0.00002928670073575  0.00003130352489996  0.00003344876018917
  0.00003555179093590  0.00003820330552650  0.00004096770891402  0.00004416646082797
  0.00004774663304386  0.00005162163861342  0.00005582793581510  0.00006026607131036
  0.00006480320039274  0.00006970186932600  0.00007503358560878  0.00008068346252925
  0.00008716370904822  0.00009474333475249  0.00010307617793945  0.00011209059255208
  0.00012132317598602  0.00013171769280779  0.00014470591337274  0.00016039383198034
  0.00017936204546876  0.00020205095733526  0.00022820290562357  0.00026349663495862
  0.00030264584495182  0.00034753586745067  0.00039589226876202  0.00045571383705376
  0.00053404030905745  0.00062094760308714  0.00071829658264221  0.00082637426540787
  0.00092605910978704  0.00102937783380294  0.00114503656856303  0.00128256063548032
  0.00151119962396977  0.00186858690843124  0.01321037786068370  1.00000000000000000
  0.00000188815567799  0.00000224049009490  0.00000251199375535  0.00000282848191063
  0.00000317982862387  0.00000347813090357  0.00000377829439175  0.00000409381762492
  0.00000448735342658  0.00000492996224398  0.00000535710432208  0.00000570559806086
  0.00000602529413989  0.00000636818642255  0.00000672776160841  0.00000715994973502
  0.00000762286041635  0.00000812648224782  0.00000866195167034  0.00000923670564782
  0.00000982367197282  0.00001042835579423  0.00001107929592866  0.00001178523094079
  0.00001255011888951  0.00001333454773473  0.00001415442500447  0.00001502023164020
  0.00001592961351238  0.00001690597901100  0.00001795035947451  0.00001908765316881
  0.00002030531093135  0.00002158836111624  0.00002296532797939  0.00002448323569547
  0.00002607578249616  0.00002789374826881  0.00002983377993885  0.00003194982913639
  0.00003427233272031  0.00003673396934537  0.00003951886185603  0.00004263012395986
  0.00004597042473682  0.00004966927188655  0.00005382531242245  0.00005819392127915
  0.00006279136507471  0.00006758841753546  0.00007255693705319  0.00007804321116049
  0.00008466039375931  0.00009124524995971  0.00009810073014847  0.00010553267444648
  0.00011353212290189  0.00012198887329863  0.00013183836575170  0.00014258286519375
  0.00015533039489435  0.00017059524389666  0.00018774134913940  0.00020706712201526
  0.00022912156291379  0.00025439648569929  0.00028239887966536  0.00031319280973674
  0.00034739327280015  0.00038490002971948  0.00042144117796848  0.00045708874210781
  0.00049430821914410  0.00053729511672923  0.00059102620445381  0.00065030662511959
  0.00072273902367584  0.00081826837835921  0.00093033026583927  0.00103997186848907
  0.00114122702496040  0.00122700632166001  0.00131145625459409  0.00140497843437699
  0.00150651607807534  0.00160692654276420  0.00171589885751208  0.00188867558112041
  0.00235931818914993  0.00292635907434987  0.00333528703469030  0.00384857843319156
  0.00440021845898531  0.00512672857468787  0.02302002759815977  1.00000000000000000
 -0.00201801015104786  0.00921201684511469  0.01824685357162027  0.02776121890328659
  0.03808819290798642  0.04824572959453131  0.05946276993269244  0.07116275992685471
  0.08244690020721401  0.09263258275247374  0.10308869745244385  0.11418550947933988
  0.12591266809331833  0.13748919505891358  0.14914452722851784  0.16043947613726561
  0.17170545394309530  0.18246370664862524  0.19291986203174893  0.20378891836422444
  0.21506785020853791  0.22727786314421655  0.23953906613798398  0.25238705248289101
  0.26484709073634999  0.27659518442141340  0.28758812399838402  0.29944049734612493
  0.31171890409251785  0.32397084727375308  0.33653733505657857  0.34970405611344685
  0.36268871963395777  0.37582695039717695  0.38949100298353362  0.40280406314884659
  0.41541038349151854  0.42725769953864245  0.43840558590602841  0.44906051092796423
  0.45994263934007767  0.47091344643390631  0.48164976938620141  0.49262206371548684
  0.50454323225160602  0.51740708701156191  0.52978930717322559  0.54084715935381678
  0.55106659678298298  0.56126968465000349  0.57232959316334109  0.58428854710185696
  0.59626677315490206  0.60797236860613468  0.61954876103261647  0.63057585975508723
  0.64194420822887899  0.65285081685042679  0.66489607400793971  0.67691305965601067
  0.68916027743631247  0.70065534667588136  0.71199913005494397  0.72325078684320843
  0.73381383033775538  0.74449513932167555  0.75460370977220970  0.76472949447137983
  0.77438714664690789  0.78380800753500146  0.79330508789598742  0.80249343277176599
  0.81159779360037676  0.82168427937641164  0.83214489705024242  0.84188261728661218
  0.85081119716072928  0.85923618422185455  0.86747117115617522  0.87580072158431532
  0.88426830617779195  0.89299821317648875  0.90232023931681526  0.91145751023245136
  0.91976858937496020  0.92717313971316118  0.93369539676822522  0.94061359112823328
  0.94734763944212186  0.95471212321563359  0.96225070819206748  0.96972343949219209
  0.97690516784266679  0.98437596947623396  0.99221646555965848  1.00000000000000000
 -0.00241994529717179  0.01004024601163127  0.02033268426537188  0.03122637019379808
  0.04139534328468990  0.05187208425456437  0.06295987060111291  0.07321328148045458
  0.08317347777602244  0.09302208705315809  0.10330558163032658  0.11341211198548043
  0.12323400673879650  0.13333052685712790  0.14497077124460880  0.15565223252882543
  0.16628827166357199  0.17673545041335742  0.18778077201841412  0.19965533487475368
  0.21102975328522716  0.22204580965557910  0.23253039078842416  0.24296782753918586
  0.25374053262533824  0.26535554218750856  0.27687762923376713  0.28725753611479238
  0.29778608737869550  0.30832863701229962  0.31862310670362221  0.32867776713347163
  0.33908224748407839  0.34986531347313471  0.36088273818634026  0.37176570190835578
  0.38227108119680253  0.39271304009332486  0.40350734550120293  0.41448918226865294
  0.42467415900730687  0.43435610858984985  0.44486294233879620  0.45540330192935791
  0.46551521934321793  0.47561786772366671  0.48633438915246624  0.49751900256588949
  0.50825809395016619  0.51837026709824285  0.52839285192731900  0.53823411080283534
  0.54798680306122782  0.55706398141945490  0.56609350678191961  0.57555562545351169
  0.58582021758735414  0.59706529621046145  0.60782912643788500  0.61847584979529979
  0.62863189941164577  0.63951547307686463  0.65024254759229894  0.66120657353279844
  0.67158518654199650  0.68233615010441828  0.69272340043266079  0.70337270098098936
  0.71335735188102067  0.72389684219212269  0.73428134368334763  0.74527569953144446
  0.75662127177735372  0.76777248858098024  0.77883661419011341  0.78898793525987976
  0.79855368017146722  0.80778063812769196  0.81746513671347687  0.82754118856982806
  0.83776460049094614  0.84844047045367155  0.85954846931839735  0.87078235025618322
  0.88155986803882691  0.89169820833427038  0.90203968198401763  0.91261892292054481
  0.92333438771555532  0.93374695372220151  0.94368026253036486  0.95393416516514606
  0.96503670835120969  0.97688992027495880  0.98875388988518553  1.00000000000000000
 -0.00259601514478297  0.01104934144723778  0.02248113764512780  0.03359588526090177
  0.04466143630527778  0.05523362848422021  0.06563840485523477  0.07589338510826749
  0.08575712720483709  0.09567957650784621  0.10592642270075694  0.11700236986970540
  0.12819619348801359  0.13948001884194350  0.15096726983328129  0.16196482894527620
  0.17229275755200116  0.18225208400518994  0.19284713298082592  0.20424241528980727
  0.21582114548036496  0.22720571500379982  0.23762728528698293  0.24767216441784751
  0.25728902471281567  0.26738952994569071  0.27730817157213089  0.28670822395520457
  0.29614389959497939  0.30538921092832566  0.31579123067185833  0.32643755491505200
  0.33708397909846249  0.34852592023548057  0.35991337286251807  0.37140208300328265
  0.38247045061050439  0.39315660441805383  0.40351457501901533  0.41406672550930479
  0.42477581320179603  0.43554610722379078  0.44650857399583238  0.45788662578120826
  0.46962353475863411  0.48080124897789939  0.49148638328816230  0.50207901273132871
  0.51270698069883669  0.52320753617542037  0.53370412881544871  0.54414584434354263
  0.55447286481330427  0.56491490004888800  0.57535669638686326  0.58663010402857241
  0.59852830132554213  0.61013781513787424  0.62061250403737711  0.63103441469130761
  0.64226248288329779  0.65355861783622604  0.66496319926059266  0.67637986709725573
  0.68742484446912300  0.69700635108817433  0.70594897421073788  0.71549019759497656
  0.72587090503506024  0.73629159760101470  0.74697110901983166  0.75878383512665915
  0.77060428370383849  0.78113675764039336  0.79153649782850155  0.80131200497924548
  0.80925927807319520  0.81711268262450010  0.82436298896756832  0.83250001674584440
  0.84153430432600695  0.85184692898569259  0.86217688296722594  0.87407924505524226
  0.88627526556904068  0.89755421815223346  0.90824169375424757  0.91789965701178677
  0.92823954300902212  0.93849538199088389  0.94909448708439381  0.95980827268622748
  0.97066045886397145  0.98124997397822200  0.99094880280759035  1.00000000000000000
 -0.00004295225812605  0.00032093432229788  0.00056104446624875  0.00071848347342096
  0.00085007611227437  0.00096719464195286  0.00108094913898918  0.00119469203156288
  0.00130877005290657  0.00142385513380997  0.00154016037432005  0.00166094043700119
  0.00178419021316375  0.00190508677323379  0.00202604477235348  0.00214744098506621
  0.00226899001763609  0.00238779323871565  0.00250099645286784  0.00261756659360624
  0.00273538577368373  0.00285256583730943  0.00297732218285831  0.00310965118092793
  0.00324642272674913  0.00339208494825855  0.00354152029239865  0.00369056326187689
  0.00383706399125227  0.00398039619066146  0.00412256603681026  0.00426468783401659
  0.00441337624501846  0.00457694251203765  0.00477640588119144  0.00496645210173584
  0.00514029117727991  0.00529681248317748  0.00545031984081578  0.00560097326377433
  0.00575238855186791  0.00590671389033281  0.00607197212904006  0.00624619069798956
  0.00642563998452460  0.00660911335142268  0.00679709356494089  0.00698327399995719
  0.00716767895224157  0.00735853584431911  0.00756533950146975  0.00779248951677720
  0.00805148781821504  0.00827571241013200  0.00847928711766032  0.00867333199951696
  0.00886645845615581  0.00906137228632783  0.00929960888857886  0.00952002239671509
  0.00975776677836841  0.00997450684949016  0.01023259009158214  0.01046930585543505
  0.01074486542347621  0.01108689245602328  0.01138718812687713  0.01165607771265579
  0.01199554742277317  0.01245533005749007  0.01281738381422079  0.01310249372886853
  0.01341929909851493  0.01380946284826434  0.01431693475287025  0.01490707595089357
  0.01523184602675551  0.01563003831924875  0.01606581489645974  0.01656113542884877
  0.01736138876904478  0.01867155921774840  0.01969990919634040  0.02084350932958702
  0.02269052116194200  0.02579678727768038  0.02657486304804803  0.02766760234710701
  0.03077066612430914  0.03288262053872281  0.03702755623658052  0.03789976057513226
  0.04301795247607438  0.05686957078240575  0.31689425009168787  1.00000000000000000
 -0.00232834029137308  0.00907603005461549  0.01873712355692758  0.02839057183846350
  0.03848029377949196  0.04944493212931963  0.06120452002601562  0.07190894039969938
  0.08180611668435014  0.09140203165567719  0.10059255897299797  0.10993086922759067
  0.11918130164364478  0.12925984642955068  0.13984967026233522  0.15064007896133047
  0.16113442492038274  0.17248516028310468  0.18386436770161588  0.19527908221627718
  0.20620422058496760  0.21744698482006325  0.22839537174766456  0.23868845566010394
  0.24879139023412028  0.25920808175506266  0.27037125958309172  0.28132756640940898
  0.29233102276322936  0.30343082475666028  0.31382643769696184  0.32429992923495926
  0.33528966033840829  0.34509643068084045  0.35353864014075798  0.36145815227269723
  0.36957320463526511  0.37903312755004359  0.38875201560901856  0.39807013100718885
  0.40778263894510458  0.41738435368205257  0.42656609516984256  0.43612596365317757
  0.44652679964194719  0.45781242964223884  0.46899379362392879  0.47983590222759426
  0.49068461767737265  0.50098119343154368  0.51054173025744254  0.51997254412070770
  0.52938824497963266  0.53921947596504127  0.54929500670541043  0.55950040404974810
  0.56981661226048874  0.57955279783811786  0.58948959390323008  0.59972726541940957
  0.61133038453143351  0.62258695683047405  0.63240746383383695  0.64231459315721473
  0.65256625422486292  0.66343820438214429  0.67446066372976765  0.68641093914641582
  0.69839161475858480  0.71035856799711738  0.72215189335005781  0.73396522196438696
  0.74530961096907899  0.75583410908480009  0.76577946522330520  0.77581122601606667
  0.78654452998702717  0.79808620397867813  0.80857941631555008  0.81889532512091379
  0.82936335982354559  0.84040485515595087  0.85222142690144098  0.86346214302811097
  0.87470694042798158  0.88606231322455453  0.89820763652508373  0.91127012959478082
  0.92425914855190505  0.93642186419232165  0.94753569289369566  0.95774806391769229
  0.96782272493259047  0.97812012238639146  0.98913885520052980  1.00000000000000000
 -0.00006368035894854  0.00013571883291485  0.00032996376813700  0.00051037843284476
  0.00063853399128273  0.00073453818296724  0.00083483857524017  0.00093410908761494
  0.00103238442484898  0.00111717723104805  0.00119950791806325  0.00127854361734381
  0.00135750813867951  0.00143646695810338  0.00151575679188189  0.00159480869515162
  0.00167346764317477  0.00175166394921578  0.00182940551921567  0.00190425222617967
  0.00198082107291092  0.00206029030423715  0.00214677245154719  0.00223373018106845
  0.00231497298537649  0.00239739789145055  0.00248063196621386  0.00256331248155239
  0.00265814994152575  0.00278583524502079  0.00291829059890015  0.00304756359217550
  0.00316923919017751  0.00328720190226835  0.00340027026315620  0.00351326692299576
  0.00364010466174970  0.00374645021087968  0.00382400083406473  0.00388442670030414
  0.00394419790850962  0.00400233124145859  0.00406046457440755  0.00412150396523110
  0.00418301794941239  0.00426924237542128  0.00437172537877650  0.00444249748842897
  0.00451328463201783  0.00458426418510543  0.00465524373819303  0.00470433091142298
  0.00475316006515641  0.00480198921888984  0.00485880611109782  0.00491772341980317
  0.00497646015648391  0.00503389330727163  0.00509132645805935  0.00517349094442841
  0.00529603181181486  0.00542479092791386  0.00553143684083007  0.00563339643239268
  0.00573822601531642  0.00582740881439828  0.00590878467625781  0.00600483549264110
  0.00610697957346976  0.00621368919564665  0.00636751662919457  0.00653934581212397
  0.00671243612783391  0.00690681791389247  0.00711098174613269  0.00730253626253378
  0.00751654568264043  0.00835258160160738  0.00868248941417425  0.00901816283316384
  0.00923849454937915  0.00953445052743826  0.00987993835165519  0.01007914534976647
  0.01026347737693214  0.01044768832040581  0.01063359538309753  0.01097774689122809
  0.01122646350639387  0.01152005661701304  0.01201631899881907  0.01236499104128879
  0.01323020569031538  0.01942371872279742  0.07865816564908598  1.00000000000000000
 -0.00257567070552258  0.01036399748469980  0.02079542590036871  0.03095679567367827
  0.04170304774008885  0.05283301661469614  0.06441640449106809  0.07670711086446561
  0.08814120057384293  0.09912043604477364  0.10916357807864552  0.11933612513873763
  0.12894086122351123  0.13930745665295552  0.14965498776032699  0.16011512305741357
  0.17070058017539333  0.18083728828449988  0.19087722162589746  0.20159086316114186
  0.21262345752094497  0.22419433023071883  0.23471007403911270  0.24527843952083891
  0.25602602235641536  0.26743267713571023  0.27839536429541645  0.28867616849604927
  0.29899864243399815  0.31001871150048971  0.32190200366381488  0.33354718489701757
  0.34464636702257084  0.35507922800872654  0.36583969767693930  0.37647870687055834
  0.38749913387695389  0.39801176390187309  0.40834121545899565  0.41834223573687168
  0.42834411202030792  0.43815072132264282  0.44733662419831688  0.45609319002662585
  0.46431140596588211  0.47257806342215858  0.48097271979016831  0.48936493765527189
  0.49772953144126975  0.50592354038297882  0.51407585469864636  0.52242097460297243
  0.53124856479418181  0.54064793147520107  0.55030938495238624  0.56054502664676009
  0.57072663043946192  0.58066810777360522  0.59055464430722271  0.60064662776963385
  0.61162922224559357  0.62211765129833640  0.63170777467587080  0.64108142530159673
  0.65044222410607200  0.66069169901673941  0.67072795593992940  0.68139427706955114
  0.69269292332115096  0.70403296103708402  0.71507542525795509  0.72628800622426326
  0.73778353028240007  0.74938760639756152  0.76092833950324190  0.77269618826398356
  0.78463373083212740  0.79579431799105249  0.80648230846896063  0.81692958133828064
  0.82853832469361588  0.84036717323321353  0.85218480419759102  0.86398097514124816
  0.87602425091338754  0.88757487802015167  0.89923172148707153  0.91151133589266486
  0.92429595956273003  0.93727150096629996  0.94911721148684969  0.96023677313472833
  0.97100265305344413  0.98113618120740675  0.99058870569585378  1.00000000000000000
  0.76525476917759161  0.77417131587406007  0.77913742548657139  0.78334895469083987
  0.78685699666719033  0.78982845571299243  0.79241087340759719  0.79479668715043228
  0.79720090300909863  0.79993767495199608  0.80288115336832433  0.80620832113264795
  0.80966375914089650  0.81232118519238272  0.81444730134270305  0.81642138727712665
  0.81944788678062053  0.82221279191390828  0.82440675898157711  0.82645598179486546
  0.82855147305098986  0.83077281724387197  0.83315228716153622  0.83548723372573341
  0.83782008554964682  0.84007818174872473  0.84236360938344079  0.84475738581828186
  0.84728139555104443  0.84990518243773550  0.85254268350031059  0.85504231993899682
  0.85745241829709051  0.85976451475243965  0.86195059818167874  0.86415415936419993
  0.86643302576869663  0.86888097179602775  0.87145820169625066  0.87391650090691597
  0.87638353851755046  0.87884772170313896  0.88132629437325583  0.88385216149396428
  0.88623002485936742  0.88851579203962383  0.89074352391371947  0.89300513781134105
  0.89535584648710786  0.89771867667011429  0.90012172450207817  0.90258745520705486
  0.90504488538200700  0.90750884551699929  0.90999210160158350  0.91243047121346188
  0.91474852120920613  0.91694006998601429  0.91910720841114169  0.92133076219689125
  0.92364807552799122  0.92593906193694575  0.92824902592013114  0.93044185420414138
  0.93266072380851717  0.93478533778358219  0.93699466563797451  0.93916091743020835
  0.94143206851393313  0.94370413735093395  0.94593363788762785  0.94807437653922455
  0.95005973512984621  0.95192036316811024  0.95371048248276535  0.95537184854247204
  0.95702695620434031  0.95869984168254696  0.96041756196281103  0.96231723450264650
  0.96429508386228524  0.96630993741305182  0.96834556614704692  0.97044882473244620
  0.97256296593273428  0.97474252316139987  0.97698148882355851  0.97921109024129005
  0.98143321429916930  0.98365257098381975  0.98582726962079903  0.98799628367502079
  0.99025512136386451  0.99277641814399220  0.99600225548405275  1.00000000000000000
  0.00184629558829825  0.14911276378993629  0.19014050747770167  0.21830004617249640
  0.23901496402318992  0.25713040750405031  0.27432193404735522  0.29049909034189075
  0.30376867592390999  0.31588886764542573  0.32746881376560538  0.33745503256295156
  0.34625189965704878  0.35560285232075733  0.36508293260931984  0.37387093959502021
  0.38219910079971625  0.39036869074306507  0.39903888072258104  0.40826770871257323
  0.41696513410826380  0.42496893558805737  0.43243248639673665  0.43984137808790047
  0.44682700788070456  0.45413813658775481  0.46150510219645718  0.46867222362568134
  0.47570651516351287  0.48296707296625163  0.49045240715925376  0.49808620455615754
  0.50549492797570561  0.51255954405396531  0.51955191901529763  0.52615318085209828
  0.53273558792935205  0.53925800262209711  0.54585829415016129  0.55267596760128745
  0.55916114850800913  0.56537284456791137  0.57100946718811907  0.57662940717841338
  0.58229300154732644  0.58820947610230612  0.59444492572360175  0.60058238541296016
  0.60632086735196566  0.61158347295213356  0.61663920297096830  0.62178082067552953
  0.62689945268433322  0.63230027672231415  0.63742425759452181  0.64240659701576297
  0.64755151052579984  0.65265299724380466  0.65786171868348498  0.66295482387879523
  0.66803936382511064  0.67354010183816126  0.67911714280916169  0.68497759060754237
  0.69118127872054458  0.69758682051520904  0.70388961216099455  0.70996470006408763
  0.71581608357779980  0.72149062623613203  0.72707680377524475  0.73269061920634959
  0.73835128325127741  0.74433925134759882  0.75038225695083383  0.75645293159726101
  0.76234742208133999  0.76818473287669276  0.77424195003632246  0.78075157580119270
  0.78752718719803205  0.79372329930886976  0.80027163337607199  0.80681901545627366
  0.81365037715197752  0.82085035590909272  0.82801598338941806  0.83546483479248157
  0.84364061393123801  0.85231828325237347  0.86203493610173354  0.87343235174318001
  0.88600203168028724  0.90088625122289279  0.92384229972958731  1.00000000000000000
   1.7476045032917974E-005  -1.0000000000000000     
 F F F F F F F F F F F F F F F F F F F F F F F F F F F F F F F F F F F F F F F F F F F F F F F F F F F F F F F F F F F F F F F F F F F F F F F F F F F F F F F F F F F F F F F F F F F F F F F F F F F F F F F F F F F F F F F F F F F F F F F F F F F F F F F F F F F F F F F F F F F F F F F F F F F F F F F F F F F F F F F F F F F F F F F F F F F F F F F F F F F F F F F F F F F F F F F F F F F F F F F F F F F F F F F F F F F F F F F F F F F F F F F F F F F F F F F F F F F F F F F F F F F F F F F F F F F F F F F F
  <DiscreteSampler_grid>
  grouped_processes
  1 # 1 for a reference and 2 for a running grid.
  10 # Attribute 'min_bin_probing_points' of the grid.
  1 # Attribute 'grid_mode' of the grid. 1=='default',2=='initialization'
  0.0000000000000000 # Attribute 'small_contrib_threshold' of the grid.
  0.5000000000000000 # Attribute 'damping_power' of the grid.
 # binID   n_entries weight   weight_sqr   abs_weight
    13   10   2.646823280335574E+001   2.716599055525332E+003   2.646823280335574E+001
    14   10   2.646823280335574E+001   2.716599055525333E+003   2.646823280335574E+001
    16   10   3.473678242994370E+001   4.750569567700713E+003   3.473678242994370E+001
    17   10   3.473678242994371E+001   4.750569567700713E+003   3.473678242994371E+001
    22   10   2.646823280335573E+001   2.716599055525330E+003   2.646823280335573E+001
    23   10   2.646823280335574E+001   2.716599055525332E+003   2.646823280335574E+001
    25   10   3.473678242994370E+001   4.750569567700712E+003   3.473678242994370E+001
    26   10   3.473678242994371E+001   4.750569567700713E+003   3.473678242994371E+001
    31   10   2.646823280335574E+001   2.716599055525332E+003   2.646823280335574E+001
    32   10   2.646823280335574E+001   2.716599055525332E+003   2.646823280335574E+001
    34   10   3.473678242994372E+001   4.750569567700716E+003   3.473678242994372E+001
    35   10   3.473678242994372E+001   4.750569567700716E+003   3.473678242994372E+001
    40   10   2.646823280335573E+001   2.716599055525329E+003   2.646823280335573E+001
    41   10   2.646823280335574E+001   2.716599055525332E+003   2.646823280335574E+001
    43   10   3.473678242994371E+001   4.750569567700715E+003   3.473678242994371E+001
    44   10   3.473678242994372E+001   4.750569567700714E+003   3.473678242994372E+001
  </DiscreteSampler_grid>
