  0.00000138566388312  0.00000157477589203  0.00000170019668868  0.00000180375904746
  0.00000190617366060  0.00000201013842036  0.00000211020929383  0.00000220899928595
  0.00000231047396413  0.00000241626391120  0.00000252081579639  0.00000263293188412
  0.00000274645340812  0.00000286458840534  0.00000299933216547  0.00000315252129428
  0.00000331218090305  0.00000348688125424  0.00000365093234263  0.00000380592139943
  0.00000395936862395  0.00000411142337301  0.00000429775758627  0.00000448491524920
  0.00000467708278995  0.00000490926084831  0.00000517117756871  0.00000544212664168
  0.00000572735156594  0.00000602393770242  0.00000632546754304  0.00000664572741489
  0.00000697487085317  0.00000731414709644  0.00000766643516463  0.00000806448764168
  0.00000846624003587  0.00000889106318409  0.00000933413610038  0.00000980701414106
  0.00001029691658163  0.00001082648270256  0.00001136598026380  0.00001189268720870
  0.00001246571506451  0.00001309698181645  0.00001377979589624  0.00001454728614858
  0.00001536891300618  0.00001618566523181  0.00001697558016272  0.00001782359869012
  0.00001868916517755  0.00001968076093460  0.00002071496586249  0.00002176217722332
  0.00002294887378378  0.00002431865582869  0.00002575437335268  0.00002736733393247
  0.00002913775942155  0.00003103531847555  0.00003308023358952  0.00003524803189146
  0.00003756636854791  0.00004013627233447  0.00004286674915477  0.00004579135632119
  0.00004905030382614  0.00005276682790731  0.00005721638595127  0.00006211006570563
  0.00006770947890368  0.00007381273550832  0.00008064691446190  0.00008853539078440
  0.00009690158114690  0.00010576975532160  0.00011632837420464  0.00012928080745573
  0.00014426622853911  0.00016153918516112  0.00018183095306115  0.00020682144589450
  0.00023633419113988  0.00027604684819367  0.00032973577488052  0.00040349258109223
  0.00050192753084116  0.00062170999741983  0.00077091177221319  0.00103347345467265
  0.00154440978585526  0.00246531904742177  0.22959909050385049  1.00000000000000000
 -0.00333794295888194  0.01526133529021308  0.02948939771973410  0.04188264618948223
  0.05372879374004613  0.06516150700840109  0.07755619590511145  0.08882196621350798
  0.09937925823036671  0.10953977906244769  0.12033568970623285  0.13175832807609975
  0.14348520452713401  0.15399107024849762  0.16449133579958586  0.17485573129458881
  0.18613741779354906  0.19807761624578596  0.21051994286396997  0.22278480661186936
  0.23518617242786455  0.24693452834745064  0.25784348025881965  0.26824306222552202
  0.27875091392973578  0.28949046823448077  0.29956839174416816  0.30963906776828820
  0.32017858269402455  0.33018806904162440  0.34018322689349334  0.35032329030236975
  0.36080535161507987  0.37154968396078830  0.38176190985820013  0.39206584331798888
  0.40212172022187948  0.41200480384143434  0.42241736451171186  0.43358859693066332
  0.44606483374455458  0.45875137764228036  0.46988362854681487  0.48014155093021538
  0.49004738503815465  0.50047709718565958  0.51044928654298094  0.52046944378972082
  0.53033468998209832  0.54073311274442826  0.55163936258316959  0.56143223603198011
  0.57162422406966440  0.58130135738070743  0.59148741944115057  0.60134089632703336
  0.61166791360179196  0.62233076253427211  0.63376307990283876  0.64530338203657611
  0.65603932714922564  0.66752739889313051  0.67872536494090829  0.69051316263483475
  0.70179534187780168  0.71300358620519000  0.72405897275553344  0.73589155500197545
  0.74760323065344969  0.75919287383472234  0.77080162685051623  0.78298819180747481
  0.79434982193818371  0.80466061201816008  0.81443851873777440  0.82389640510381912
  0.83378857092021041  0.84447680286554039  0.85572113473973743  0.86746681098999678
  0.87896205709653796  0.89001412099266952  0.90061874903011307  0.91083116004745945
  0.91959202412072871  0.92678688621777472  0.93447220001644749  0.94213263463781072
  0.94946312517832576  0.95666761900386166  0.96373590551718435  0.97066757889183475
  0.97783154417300522  0.98564595973822422  0.99322830184843525  1.00000000000000000
  0.00001173177487062  0.00007233439407174  0.00008995522731671  0.00010004771235585
  0.00010827901500660  0.00011577085551093  0.00012309750341465  0.00013063619030172
  0.00013831357145762  0.00014643368811459  0.00015516813473130  0.00016404661322663
  0.00017328346572528  0.00018274300143999  0.00019262601047701  0.00020272657123464
  0.00021267556985908  0.00022254080768236  0.00023236611451756  0.00024252560823228
  0.00025293866485818  0.00026332902953953  0.00027541851169612  0.00028854286353062
  0.00030221710171827  0.00031664043179496  0.00033187883693892  0.00034682235392833
  0.00036182320201321  0.00037729432272147  0.00039310907093936  0.00040934368796057
  0.00042656232635975  0.00044485023305163  0.00046314863620891  0.00048114862179103
  0.00049872516787588  0.00051722393234094  0.00053711295096823  0.00055989560192166
  0.00058529150934305  0.00061213449300990  0.00063910049220660  0.00066434630063356
  0.00068808674980473  0.00071144889400939  0.00073655390418202  0.00076098586630243
  0.00078835058031428  0.00081686853459349  0.00084675248187673  0.00087611687162526
  0.00090548134873893  0.00093754545619502  0.00096959609824520  0.00100145546572359
  0.00103189027604630  0.00106781060579308  0.00111530947327234  0.00116807065688519
  0.00122380702931946  0.00128456239436368  0.00134664874948183  0.00140184048419982
  0.00146526562962850  0.00152298888729101  0.00158077118743243  0.00164853052051152
  0.00173229142302379  0.00183257715495239  0.00193728749313963  0.00204281698314579
  0.00213554287083170  0.00223354554854021  0.00235168089639936  0.00249597053873918
  0.00265158205862706  0.00281735183238941  0.00299311380355026  0.00319580001744599
  0.00341477931325718  0.00364263761724508  0.00391729212318983  0.00422637904661500
  0.00455013374244230  0.00482637059412404  0.00505823320711015  0.00525352152857629
  0.00553992192585572  0.00594889909758438  0.00634728265497276  0.00708833844809366
  0.00819687331598226  0.01060696651095975  0.28471671774762952  1.00000000000000000
  0.00000145562840962  0.00000147356496542  0.00000149790105990  0.00000152535813036
  0.00000155944655839  0.00000160221793546  0.00000164567044734  0.00000168588196000
  0.00000172471526146  0.00000176444229473  0.00000180965006260  0.00000186715659932
  0.00000193644009360  0.00000200772834282  0.00000207905676939  0.00000215741670861
  0.00000222699853755  0.00000230825036525  0.00000239156518989  0.00000248428829918
  0.00000258439229366  0.00000268173714901  0.00000277440942972  0.00000286524296572
  0.00000296353088355  0.00000307155977081  0.00000319302355010  0.00000332564921308
  0.00000347502054203  0.00000364787160912  0.00000382371975818  0.00000402204536283
  0.00000424703342824  0.00000448989270308  0.00000476722164174  0.00000506430664738
  0.00000537287630394  0.00000570211805911  0.00000606513693405  0.00000643877292956
  0.00000682142254704  0.00000723540695288  0.00000768839503110  0.00000817759672008
  0.00000870236930923  0.00000927893182634  0.00000989324723823  0.00001054883439999
  0.00001121377055324  0.00001190496213800  0.00001269353346245  0.00001359361881279
  0.00001455894443141  0.00001564168793203  0.00001687927475649  0.00001827359888864
  0.00001970876054717  0.00002129919352447  0.00002301083795830  0.00002485126873351
  0.00002690121124378  0.00002929407533138  0.00003195159070075  0.00003473106511368
  0.00003799394410213  0.00004159643325002  0.00004564022476637  0.00005039921812152
  0.00005599809990260  0.00006243105567686  0.00006975276138474  0.00007811030133831
  0.00008766927430770  0.00009866269394348  0.00011145681823332  0.00012643084775911
  0.00014456612345463  0.00016608448356605  0.00018997607542965  0.00021906651284707
  0.00025364837249810  0.00029842248635739  0.00036030158207487  0.00044006926358769
  0.00054064309696068  0.00065631548454917  0.00079294691602797  0.00099125713252026
  0.00131186126669038  0.00191792394323891  0.00251975264191599  0.00331044208070235
  0.00539771830190773  0.00757765841769306  0.04232854571124865  1.00000000000000000
 -0.00157456263604403  0.00471176500163663  0.01031847859013323  0.01591292612239359
  0.02216293341676409  0.02903857539161091  0.03551993667814563  0.04195171355110066
  0.04935790717865301  0.05722508624128721  0.06457352060245153  0.07194904870551851
  0.07900646727907433  0.08590819101754207  0.09288564244210017  0.10013551972243823
  0.10712866798066253  0.11350184507659003  0.11952808273061366  0.12570269522548258
  0.13225246248250522  0.13888278582277658  0.14585904905748118  0.15336585477155365
  0.16135356281854699  0.16975547288150317  0.17803919955838649  0.18661600225295588
  0.19510965215240711  0.20381542606657993  0.21310786414257757  0.22284338878581034
  0.23270256739636186  0.24246738017036989  0.25188667439733370  0.26106239402898973
  0.27053514836800535  0.28021650417696092  0.29083013159850551  0.30127693267495836
  0.31166858159901534  0.32164467340208031  0.33153977017434938  0.34180320135139591
  0.35240546449432431  0.36233917851969882  0.37217548685003149  0.38228377481041981
  0.39320391381682918  0.40473338537256376  0.41624108325309533  0.42828224242564478
  0.44028114438601140  0.45236171048689033  0.46431352393420050  0.47627487477367703
  0.48694607367501164  0.49596842000035463  0.50471468185611656  0.51351270940058469
  0.52254483714353261  0.53174524113784305  0.54066621284179628  0.55296070592095625
  0.56520750872525960  0.57840609928178988  0.59208570898962731  0.60608818473512927
  0.62048830899867780  0.63427567602812918  0.64814068613320175  0.66129652217987078
  0.67432411129056824  0.68873394156348089  0.70359808797307510  0.71967882215608991
  0.73426033822776404  0.74806954115092072  0.76220602272482174  0.77728594254284633
  0.79240835094664253  0.80675884819641652  0.82108209818748035  0.83567905240689588
  0.85052355752807063  0.86500896056034482  0.87907634640336041  0.89299708613024564
  0.90631831087500092  0.91944959710561236  0.93199779845344999  0.94492942657637591
  0.95796918607491355  0.97311975550026775  0.98694302160325964  1.00000000000000000
 -0.00176994447455089  0.01241428227096543  0.02236310248844747  0.03277373870875259
  0.04248438089543059  0.05292971780010765  0.06378446156255486  0.07550628005518442
  0.08655175814446728  0.09769588677523336  0.10834031772629102  0.11861437391514133
  0.12863419729743375  0.13868960400970198  0.14782519668924041  0.15574563017656276
  0.16351523366777268  0.17182621005957646  0.18119080605378396  0.19051571561420369
  0.19924124366347934  0.20841749358242775  0.22078256014530048  0.23337601522868712
  0.24530130510940318  0.25669447006580332  0.26730997077196611  0.27730736770122610
  0.28688593745281016  0.29654024292983000  0.30654957348604744  0.31625669562297803
  0.32628868389902749  0.33652058737283636  0.34769364301043471  0.35879517694295099
  0.37043428234611520  0.38294735980548833  0.39597737968806429  0.40817401566228079
  0.41798802160637305  0.42811962307093238  0.43759623723328789  0.44727273926418942
  0.45747844800859466  0.46848636327699528  0.47886329185993659  0.48929582148674244
  0.49925590080809495  0.51055382336893396  0.52307496987492819  0.53586779007344754
  0.54829187583398931  0.56032473624187318  0.57198556435293069  0.58330357445893810
  0.59364641107070515  0.60300251600305299  0.61270599772313383  0.62359948614175298
  0.63527765826400606  0.64611408917973845  0.65571887085908320  0.66490724629691766
  0.67452394272016913  0.68482547670104132  0.69517862940093411  0.70517544004816379
  0.71549440083632254  0.72647961594494614  0.73775112188294767  0.74901330464524107
  0.76011388349206110  0.77051208800260407  0.78026519186395948  0.79012818429506582
  0.80081349494139864  0.81216381566642193  0.82360752370846346  0.83511246375564563
  0.84610386890762324  0.85583395251921801  0.86543219639905866  0.87490641332539454
  0.88469885554488725  0.89424447533320195  0.90356043060044844  0.91279081336593826
  0.92358920780484965  0.93384303603721863  0.94608095580588436  0.95792495236167896
  0.96902026309917100  0.97988514332012766  0.98983079335763879  1.00000000000000000
 -0.00225484643871295  0.01168802557056918  0.02290991971985369  0.03397228676600425
  0.04475699223360104  0.05484248963679063  0.06438924809724787  0.07418678772961503
  0.08384834628004284  0.09358472377917484  0.10353922340478715  0.11417029299227606
  0.12494592135738346  0.13534422335554974  0.14582959627538378  0.15655204296983796
  0.16722059461006708  0.17797399142138276  0.18908713516591080  0.20048099464167413
  0.21189228373884383  0.22250936858421966  0.23257779718943433  0.24225314956092422
  0.25149711429059435  0.26124597600902189  0.27074984457383394  0.27971099759442558
  0.28868268453555196  0.29833119139423597  0.30851690656379444  0.31843438859109380
  0.32830653960426986  0.33854931479636402  0.34919490970346417  0.35992633096586024
  0.37047441274581699  0.38138742998907738  0.39326364203456932  0.40490609723899357
  0.41762733097235871  0.43064322704906588  0.44425473160550816  0.45786927460619037
  0.47063808001189944  0.48223709929847652  0.49211083858305421  0.50168803695482789
  0.51127151076652722  0.52088200617226177  0.53169904587544081  0.54280508943490047
  0.55484193921918423  0.56678382335953592  0.57931175909887189  0.59179600833838619
  0.60389600010569966  0.61524554578365376  0.62602435038813875  0.63622761767486580
  0.64633432492160825  0.65693227491367401  0.66838001129960833  0.68008562851410514
  0.69267105952969399  0.70453467154756100  0.71609368752654479  0.72762496479910610
  0.73987696693119309  0.75159676528458030  0.76220866696172740  0.77259727948640822
  0.78275815708952301  0.79280154724423701  0.80259158570801736  0.81204359193289755
  0.82230347846260599  0.83303713341478236  0.84396370976059509  0.85411980114422326
  0.86327114467752208  0.87223297482773354  0.88154518597545639  0.89148461874708163
  0.90162852641770197  0.91161318165033411  0.92204418234479935  0.93299973422521154
  0.94400649872837405  0.95422492822621197  0.96292171997845200  0.97046479485434167
  0.97798766490216993  0.98527964253552569  0.99258672748564758  1.00000000000000000
 -0.00244536008897258  0.00934029106883013  0.01978305664763317  0.03041836906470075
  0.04206953206607633  0.05358730812615902  0.06488156924814653  0.07597715042730745
  0.08739781993129249  0.09913423962389967  0.10966196517015249  0.11938352600177959
  0.12901897660862952  0.13844053398329048  0.14720712797702090  0.15593602416875540
  0.16472979192939596  0.17484580369019095  0.18564309414016661  0.19672427843894313
  0.20795808750488429  0.21865579526696277  0.22866474938606793  0.23911309219421306
  0.25013618314305008  0.26223751826109254  0.27446183150718845  0.28616131643007375
  0.29697040369427347  0.30785850626176658  0.31970218260731847  0.33113207452566823
  0.34211894403024234  0.35229229346693702  0.36262548622623303  0.37380753548800044
  0.38448262710889763  0.39493958407243879  0.40554629806117537  0.41655190816311000
  0.42804437087007108  0.43911961600436039  0.44942599694822438  0.45931660340968811
  0.46870063161851122  0.47861273354134204  0.48885301653913876  0.49923624344503892
  0.50971800989319649  0.52053740301310603  0.53093799579035694  0.54100714995290622
  0.55125004698623992  0.56175359556275906  0.57176921111333612  0.58146273213792021
  0.59166060915603935  0.60215810485905996  0.61277479748554742  0.62271999599385908
  0.63272119916133596  0.64299739512399823  0.65404674356462833  0.66485043318231796
  0.67512260323429107  0.68529615143587874  0.69634484897066318  0.70785204702372417
  0.71898373936976168  0.72921288650468385  0.73861081121953043  0.74758867181096622
  0.75673181509441712  0.76617100203036170  0.77612022676173320  0.78615711409242894
  0.79608561583216564  0.80619575021067635  0.81622351994016096  0.82653038324564398
  0.83725582855753167  0.84817666704183781  0.85924948783708555  0.87046244478982870
  0.88165247355219656  0.89288906879832264  0.90398744053684321  0.91461837016762848
  0.92477210994815739  0.93483731072927545  0.94552554873808181  0.95642751111414193
  0.96753259587985208  0.97841389521318589  0.98916275809970844  1.00000000000000000
 -0.00173540018915070  0.00858259140971088  0.01839042210809998  0.02844363402532767
  0.03888742905018743  0.04930942648299572  0.06004011944079155  0.07161595350741121
  0.08269987295544634  0.09375191375030112  0.10425475508120956  0.11464392588233847
  0.12490178029566927  0.13504002566436812  0.14577275583893706  0.15694579674403547
  0.16831792838080556  0.17910109845529151  0.18985460988846631  0.20088838442454621
  0.21263644931451414  0.22501741828777463  0.23761117669137510  0.24994864275348974
  0.26218794884207947  0.27482439636815270  0.28762951288049077  0.29920492224130507
  0.30973525826777093  0.31994231257404976  0.33046400380907015  0.34213821854729504
  0.35442605211144407  0.36654874234180268  0.37827720907459195  0.38986021532734944
  0.40152878709811135  0.41314115871018320  0.42456975228801141  0.43648658462698592
  0.44917703763811984  0.46120210472161127  0.47176649006793825  0.48206333935182116
  0.49306772000485272  0.50473308422279850  0.51621442237396320  0.52829949721673153
  0.54061759323476677  0.55264702329838311  0.56461044162409024  0.57660345407917024
  0.58900383618461138  0.60143552662789435  0.61391562004015032  0.62583683143690583
  0.63790005663482297  0.64907468591394313  0.66009960371759235  0.67116594390747752
  0.68188829818908803  0.69203813767268529  0.70222006134352333  0.71267539945434133
  0.72353549485994606  0.73415049416964229  0.74487979851541331  0.75558428234105313
  0.76621415434361151  0.77682023382174370  0.78730729754428497  0.79704457623299452
  0.80771669863154061  0.81799361049160657  0.82980538917926372  0.84188217494076700
  0.85370244430434672  0.86476350690735448  0.87490270881506071  0.88459903030631148
  0.89344165938787024  0.90172278225413827  0.91015555129736359  0.91890017726597040
  0.92768034006964228  0.93610489413456610  0.94321966337347074  0.95000114005743630
  0.95645036688225438  0.96278353281575269  0.96918191217696115  0.97582182467822265
  0.98225768795903856  0.98841951325632504  0.99415355869644428  1.00000000000000000
 -0.00226743355465527  0.00957863132424262  0.01996028743145573  0.03111647927459759
  0.04243878865388837  0.05402550629165862  0.06562273558223972  0.07691715386354026
  0.08787930802157354  0.09830597157101667  0.10904422719088620  0.11947038889823455
  0.13083989665598919  0.14222506185597814  0.15339662177897689  0.16394708391927637
  0.17287623463228860  0.18113882019044725  0.18930240191504275  0.19819596892083924
  0.20806315012982859  0.21876552613315667  0.23033820641296268  0.24259814165994539
  0.25419438773219372  0.26512960893063886  0.27553015804014108  0.28599205149934187
  0.29703324163679251  0.30771983263821512  0.31819784280741931  0.32894952609843325
  0.34063816837682137  0.35314133940767373  0.36541773598411698  0.37763226301885938
  0.38927653311356558  0.40041193214281678  0.41101306318398284  0.42140160891454953
  0.43168926017435122  0.44221243468221094  0.45315232005797823  0.46300604233533477
  0.47273239277663837  0.48289922473632202  0.49193546593285670  0.50119197510259517
  0.51020945644464999  0.52019580370233154  0.53172395277219697  0.54345857225823324
  0.55465163816460494  0.56538564049861850  0.57724713779190784  0.58783994096904257
  0.59763410668154160  0.60645535091482716  0.61543908387181978  0.62556454375485315
  0.63673963959712232  0.64710952601931571  0.65705883781600816  0.66691217353133425
  0.67726344995277088  0.68760682010117158  0.69783833825656227  0.70789333958417888
  0.71774886207648325  0.72756220815235906  0.73740987940782576  0.74781803750421361
  0.75870984302069278  0.76979750199224151  0.78057407653388500  0.79091198141902275
  0.80109988005655763  0.81139847828995870  0.82209998109048799  0.83303757971233827
  0.84385493168654002  0.85415039549729843  0.86428230759092783  0.87475030070146587
  0.88581487398551206  0.89709619530878015  0.90796414748428522  0.91850049429451019
  0.92886800402808145  0.93983189405330836  0.95129884535488585  0.96242665708979647
  0.97255392616526792  0.98209895601320607  0.99117349721255399  1.00000000000000000
 -0.00207958979657973  0.00908121964153222  0.01744075347142492  0.02587151174739092
  0.03497189004588335  0.04411873025733550  0.05512214418139154  0.06541545948983933
  0.07622850732931505  0.08628576863174833  0.09688556252992751  0.10778504292691665
  0.11929902145235785  0.13006380481219926  0.13979729842826269  0.14929568768240914
  0.15874777868038792  0.16846409937924678  0.17812476566331090  0.18817290723687274
  0.19926311488154819  0.21033135175575496  0.22091877910713040  0.23110412820490217
  0.24154277366482987  0.25192906159833722  0.26266672558403820  0.27291561657696461
  0.28355416077175288  0.29422388951326667  0.30498147920595386  0.31521642652049919
  0.32524179859802882  0.33529980787843539  0.34562616669702012  0.35598773321170063
  0.36651081499355098  0.37723745809909598  0.38863576295162028  0.39900482804550874
  0.40762139506142697  0.41613422390608484  0.42537109124554107  0.43489116935753419
  0.44363596930616539  0.45163042292882771  0.46033178101966971  0.47093708724610528
  0.48221228900620661  0.49346550940117156  0.50495349063663397  0.51628856979031235
  0.52806108490942461  0.54026129480001828  0.55240177751731623  0.56389704759410697
  0.57449822160884767  0.58465658618413963  0.59496027574569676  0.60533381933385932
  0.61532524528150201  0.62486481743685918  0.63503275681359894  0.64576316054039462
  0.65734939813792614  0.66901343812076752  0.67965108833674304  0.69044049721618250
  0.70051479826127960  0.71097057021869225  0.72181038512326734  0.73342265814031549
  0.74524637103482672  0.75632338594518378  0.76681742458332491  0.77716692180757185
  0.78736714257302753  0.79753461769009593  0.80749196873186202  0.81781582882244119
  0.82926757618190905  0.84158086902909135  0.85424926559365733  0.86597539862789374
  0.87793082780912857  0.89003127897425460  0.90221799716306594  0.91419428473594777
  0.92545088080846749  0.93645449480620691  0.94759540841439971  0.95847318800732428
  0.96865441695582055  0.97858224516865855  0.98895488942959242  1.00000000000000000
  0.40004791993476724  0.74695889564265094  0.76314456517720475  0.77521184271244192
  0.78229010753491401  0.78812307134098192  0.79430097970982916  0.80073060618330894
  0.80613767776673306  0.81013796255325932  0.81386352962626762  0.81734815536965910
  0.82117329416430074  0.82530599838598473  0.82951232965928168  0.83396983216336174
  0.83764882667570684  0.84119983724528291  0.84415760553710628  0.84753580910286719
  0.85097051816807623  0.85443298331182604  0.85753754935923743  0.86050913547346564
  0.86349251946214067  0.86657322470332754  0.86968348209547908  0.87255596600872132
  0.87529504395169477  0.87816605050060459  0.88114741887052639  0.88435345078981487
  0.88733553114480956  0.89015552449227420  0.89284314087046024  0.89543336044094801
  0.89782325541106422  0.90019191703067092  0.90254652529897972  0.90502037096470211
  0.90735290423025750  0.90965496376564881  0.91189055082204051  0.91400036257875006
  0.91614526196405566  0.91824868912301483  0.92028169028953200  0.92225711433057322
  0.92405313854847593  0.92579925338817137  0.92754268210178892  0.92936512458831066
  0.93118586443496865  0.93299023274747517  0.93479076678383111  0.93659898021637711
  0.93843615028294858  0.94028426762360751  0.94209047458096429  0.94382481562677101
  0.94554079842187533  0.94722799520873124  0.94894744018482080  0.95070492508300875
  0.95247520196876811  0.95423020115272050  0.95591650531013295  0.95750530304028070
  0.95902929242432455  0.96052541161119065  0.96203006795043366  0.96352373224010579
  0.96509081586675216  0.96661627962682695  0.96814409362196607  0.96961716915335461
  0.97105540887714659  0.97246376353417052  0.97384968958629625  0.97524999887645991
  0.97675125773458160  0.97828193471700131  0.97983562538435132  0.98139428429545494
  0.98292509244694437  0.98443247140051660  0.98594976044186555  0.98742548724131984
  0.98891864076848646  0.99034511126451741  0.99176204459484418  0.99322070162721210
  0.99478939190462212  0.99651544137702897  0.99826341736861068  1.00000000000000000
 -0.00701718523179177  0.08276643017842074  0.10491129735916425  0.12214446602192208
  0.13714241773202560  0.14883996832920254  0.16119388367273785  0.17155462162142199
  0.18057061129684310  0.18897329805996055  0.19687185548665420  0.20502401747896296
  0.21262551361873763  0.21925187818886219  0.22561149664927857  0.23149583648633254
  0.23678432074851224  0.24171692051362381  0.24654726266180763  0.25129166311150902
  0.25590545281764188  0.26067487630263853  0.26554917180540638  0.27120443127731408
  0.27734580856221264  0.28358320430926021  0.29018168223333152  0.29643301153327839
  0.30289833541434941  0.30909510010175500  0.31539368751993818  0.32179937894597604
  0.32800296289688680  0.33383953925005144  0.33943590884687169  0.34496200092331986
  0.35056633633731626  0.35635610069372936  0.36224165806329223  0.36811962385463587
  0.37411035452964947  0.38038955235122768  0.38670601867620330  0.39291386579023663
  0.39900164388117049  0.40531936377446470  0.41176095053192707  0.41824104577705690
  0.42481899403515944  0.43148685506839257  0.43820501450667765  0.44487699408637227
  0.45101333264315374  0.45748921528137193  0.46372910425197378  0.47019888941908172
  0.47663973818530170  0.48274907419723834  0.48872523839360593  0.49489033687914286
  0.50082484778278646  0.50657083504007538  0.51235804329154888  0.51848335032127213
  0.52504098001043553  0.53150428614958090  0.53764996603469406  0.54454241236391043
  0.55267822899460117  0.56110653811991251  0.56961605428598017  0.57826969886382640
  0.58678301175889058  0.59514502813734627  0.60320264439527638  0.61111943514342471
  0.61922403549825722  0.62773483234051597  0.63703523640430559  0.64673697942736441
  0.65695102177681253  0.66644764695068992  0.67547710818190509  0.68503545078955985
  0.69543836023210714  0.70695540441167126  0.71920101000398495  0.73208260164516015
  0.74479536833385152  0.75805992960459967  0.77377034837112002  0.79181273048592693
  0.81241650865448478  0.83735184582468258  0.87587381645001638  1.00000000000000000
   2.9616656227965534E-004  -1.0000000000000000     
 F F F F F F F F F F F F F F F F F F F F F F F F F F F F F F F F F F F F F F F F F F F F F F F F F F F F F F F F F F F F F F F F F F F F F F F F F F F F F F F F F F F F F F F F F F F F F F F F F F F F F F F F F F F F F F F F F F F F F F F F F F F F F F F F F F F F F F F F F F F F F F F F F F F F F F F F F F F F F F F F F F F F F F F F F F F F F F F F F F F F F F F F F F F F F F F F F F F F F F F F F F F F F F F F F F F F F F F F F F F F F F F F F F F F F F F F F F F F F F F F F F F F F F F F F F F F F F F F F F F F F F F F F F F F F F F F F F F F F F F F F F F F F F F F F F F F F F F F F F F F F F F F F F F F F F F F F F F F F F F F F F F F F F F F F F F F F F F F F F F F F F F F F F F F F F F F F F F F F F F F F F F F F F F F F F F F F F F F F F F F F F F F F F F F F F F F F F F F F F F F F F F F F F F F F F F F F F F F F F F F F F F F F F F F F F F F F F F F F F F F F F F F F F F F F F F F F F F F F F F F F F F F F F F F F F F F F F F F F F F F F F F F F F F F F F F F F F F F F F F F F F F F F F F F F F F F
  <DiscreteSampler_grid>
  grouped_processes
  1 # 1 for a reference and 2 for a running grid.
  10 # Attribute 'min_bin_probing_points' of the grid.
  1 # Attribute 'grid_mode' of the grid. 1=='default',2=='initialization'
  0.0000000000000000 # Attribute 'small_contrib_threshold' of the grid.
  0.5000000000000000 # Attribute 'damping_power' of the grid.
 # binID   n_entries weight   weight_sqr   abs_weight
    19   10   6.409888110189195E+000   2.855056006015693E+002   6.409888110189195E+000
    20   10   6.409888110189192E+000   2.855056006015690E+002   6.409888110189192E+000
    22   10   8.290654746326229E+000   4.756288266913309E+002   8.290654746326229E+000
    23   10   8.290654746326224E+000   4.756288266913304E+002   8.290654746326224E+000
    25   10   5.994727798907734E+000   2.690492067594174E+002   5.994727798907734E+000
    26   10   5.994727798907736E+000   2.690492067594176E+002   5.994727798907736E+000
    28   10   7.610382514920292E+000   4.361589086846220E+002   7.610382514920292E+000
    29   10   7.610382514920292E+000   4.361589086846220E+002   7.610382514920292E+000
    34   10   6.409888110189196E+000   2.855056006015695E+002   6.409888110189196E+000
    35   10   6.409888110189192E+000   2.855056006015690E+002   6.409888110189192E+000
    37   10   8.290654746326227E+000   4.756288266913307E+002   8.290654746326227E+000
    38   10   8.290654746326224E+000   4.756288266913304E+002   8.290654746326224E+000
    40   10   5.994727798907736E+000   2.690492067594176E+002   5.994727798907736E+000
    41   10   5.994727798907737E+000   2.690492067594178E+002   5.994727798907737E+000
    43   10   7.610382514920292E+000   4.361589086846222E+002   7.610382514920292E+000
    44   10   7.610382514920292E+000   4.361589086846222E+002   7.610382514920292E+000
  </DiscreteSampler_grid>
